0.03254434156060508065 0.00000000100000000000 0.07138824695913205398 0.00000006510921064343 0.01535951677611416613 0.00000303458364210294 0.00014994864330627902 0.00000004966242227926 0.54422462568621454704 0.26513851430908674800 0.00000000100000000000 0.07119165371026608957 0.00000000100000000000 
0.00000000099999999903 0.00000000099999999903 0.00000000099999999903 0.00000000099999999903 0.00000000099999999903 0.99999998800000022836 0.00000000099999999903 0.00000000099999999903 0.00000000099999999903 0.00000000099999999903 0.00000000099999999903 0.00000000099999999903 0.00000000099999999903 
0.00000017932478136109 0.00000000099999999997 0.00000000099999999997 0.00000000099999999997 0.00000000099999999997 0.00000000099999999997 0.00000000099999999997 0.00000000099999999997 0.00000000099999999997 0.99999980967521873154 0.00000000099999999997 0.00000000099999999997 0.00000000099999999997 
0.00000000099999999998 0.00000000099999999998 0.00000000099999999998 0.00000000099999999998 0.00000000099999999998 0.00000000099999999998 0.00000000099999999998 0.00088409327820066104 0.00000000099999999998 0.99911589572179948515 0.00000000099999999998 0.00000000099999999998 0.00000000099999999998 
0.05888921741265248921 0.00000000100000000000 0.00023670814716238248 0.00000000100000000000 0.01746003106278110756 0.04740922254641102840 0.08195919655543049132 0.00615133824481217065 0.57891601736200304362 0.20754980252815977138 0.00000000100000000000 0.00000000100000000000 0.00142846214058771110 
0.00000000099999999999 0.05557099380188525173 0.06732442189441183167 0.01025570841760651240 0.00000000099999999999 0.00000000099999999999 0.01450717778659051625 0.00000000099999999999 0.22309161456163312254 0.62894844820952444664 0.00000000099999999999 0.00030162932834844016 0.00000000099999999999 
0.00004488834641473058 0.00000000099999999999 0.00201427357747684110 0.00000000099999999999 0.00000000099999999999 0.00464456739043707465 0.21489544947275265874 0.02812800252825748554 0.56461930448669372939 0.17553052504207744544 0.00000000099999999999 0.00000000099999999999 0.01012298415589000730 
0.04236781054531277291 0.00000000099999999999 0.00000000099999999999 0.00000000099999999999 0.00000000099999999999 0.01066508078656088453 0.00000000099999999999 0.02028404710574003428 0.41049119880742929167 0.40862772358722304622 0.10756413216773402786 0.00000000099999999999 0.00000000099999999999 
0.01027432305940666375 0.02128772172958140474 0.05304022188214780470 0.00000000100000000000 0.00145125620411098392 0.00716483710811714140 0.00000000100000000000 0.07469099708448170838 0.63553040919043068957 0.18945241272979848612 0.00000002049966291183 0.00000000100000000000 0.00710779751226235310 
0.00000000100000000000 0.05511270636665034639 0.02162023671675696729 0.00000000100000000000 0.00000000100000000000 0.03241779857582740426 0.00000000100000000000 0.03895559258596417024 0.56579276796359156965 0.23577898155694590465 0.02024056340019257660 0.03008134783407111559 0.00000000100000000000 
0.00000000099999999999 0.00000000099999999999 0.00000103898444729118 0.00000037099083517249 0.00539775581385777952 0.00000000099999999999 0.00000000099999999999 0.00000053573689710096 0.99451017337340130720 0.00000000099999999999 0.00000000099999999999 0.00000000099999999999 0.00009011810056145831 
0.02836336531577347830 0.00000000100000000000 0.00000000100000000000 0.00928567975409681778 0.00535905453184027172 0.01262903891068469821 0.03184455306521122298 0.00001634045404256231 0.57214851819562762003 0.30591826463806742753 0.00000000100000000000 0.02164688831471530545 0.01278829381994060072 
0.00000000124672153607 0.00088084991019781540 0.00000000099999999999 0.00308513626900943239 0.00000000099999999999 0.00011409191289565957 0.08886633725920535520 0.00000000099999999999 0.57120444874292752857 0.33584912865904259505 0.00000000099999999999 0.00000000099999999999 0.00000000099999999999 
0.00000000099999999998 0.00000000099999999998 0.00000000099999999998 0.00000000099999999998 0.00000000099999999998 0.00000000099999999998 0.00000009403005849408 0.00000000099999999998 0.00000000099999999998 0.99999989496994146077 0.00000000099999999998 0.00000000099999999998 0.00000000099999999998 
0.00000000100000000000 0.00000285532803263852 0.00000000100000000000 0.01821827338311561573 0.01033270385802057510 0.00000000100000000000 0.00000000470316505943 0.00000000100000000000 0.39920587673550433916 0.41669531665372172569 0.10058066106136993867 0.00117925244166167446 0.05378505183540840950 
0.00000000100000000000 0.00440139066273236620 0.00000087239921163508 0.00000261227730244376 0.00000000100000000000 0.03091433307414379397 0.00001280027763869906 0.00000000100000000000 0.50344170534365462188 0.25072293197356254613 0.08011044386759391678 0.00002391494902590348 0.13036899217513414628 
0.02939245471596535139 0.00717671973103073662 0.00000000100000000000 0.02467239959827279353 0.02086404825414676575 0.01691108172746245281 0.00000000100000000000 0.03097848998910920221 0.56642723087502311330 0.25787695923075687476 0.03378076656241228021 0.01191984631582032432 0.00000000100000000000 
0.03048975443398393298 0.00000000141691008808 0.05937301018983021095 0.06051385953560518838 0.01842654632892398725 0.00777688711335326570 0.03926926041890819313 0.00030082832708391914 0.50219978593763336949 0.26857810029806927776 0.00000000100000000000 0.01307196399969867348 0.00000000100000000000 
0.05130837225838284776 0.00000000100000000000 0.02112271447760877621 0.03463233269065653375 0.00127978513677681760 0.00000019583469009693 0.06944921381194156529 0.01880449533753635050 0.66004178976100957854 0.13623214654943080482 0.00000000100000000000 0.00712737218250447061 0.00000157995946195858 
0.01023047496916686117 0.00000000100000000000 0.00000000100000000000 0.00026772320566378492 0.00000000100000000000 0.03755270716476358239 0.00000000100000000000 0.02916736517170244805 0.85517747424491918906 0.00000000100000000000 0.06757961099737030963 0.00002459533409222996 0.00000004391232164179 
0.03372104019983113155 0.00000000100000000000 0.00000000100000000000 0.00000000100000000000 0.02647007493629443056 0.01323425883794351367 0.00703494982919095763 0.00000000100000000000 0.61044919244548034865 0.22242362695409800821 0.08666685021374272158 0.00000000100000000000 0.00000000158341900383 
0.00000000099999999999 0.00000047383415364315 0.07539903513816073599 0.00000000099999999999 0.01919949928199062364 0.00034874140359646193 0.00000000099999999999 0.00000000099999999999 0.90505224234209857848 0.00000000099999999999 0.00000000099999999999 0.00000000099999999999 0.00000000099999999999 
0.03189042386506893423 0.00522718545352021668 0.00000000100000000000 0.02949009722791248733 0.00023381974935903413 0.01023795154115040434 0.07638593176409530505 0.00000006403838645659 0.53950154322163579312 0.22914835228514776611 0.03771202208111010257 0.00000000100000000000 0.04017260677261350055 
0.00000000099999999996 0.00000000099999999996 0.00036429674878745805 0.00000000099999999996 0.00000000099999999996 0.00000000099999999996 0.00000000099999999996 0.00000000099999999996 0.99963569225121251538 0.00000000099999999996 0.00000000099999999996 0.00000000099999999996 0.00000000099999999996 
0.01554739141393560523 0.00116820588476516680 0.00000000100000000000 0.06828846890549769566 0.00768152244024708757 0.02565044390052434800 0.09466316182516494593 0.00000000100000000000 0.43858523972399859892 0.33599347836500370601 0.01238456471948744253 0.00003751982137540478 0.00000000100000000000 
0.00000000100000000000 0.00000000100000000000 0.02684324775190846321 0.07792515505468794457 0.00003377858455938642 0.00738555401215875134 0.02203176923385999353 0.02034500390583540708 0.51670696773438617999 0.32872850823350363569 0.00000001058662794987 0.00000000100000000000 0.00000000190247251213 
0.01430401024554304144 0.00000000100000000000 0.00000000133717114339 0.00002397157079922626 0.00000000100000000000 0.01294883516991845486 0.06535688973427911108 0.00000000100000000000 0.61430657265793675581 0.15172875153047910013 0.08385767336577742981 0.00561413101787385481 0.05185916037022194475 
0.04600163112731289056 0.00120200935601867133 0.08833879358668836335 0.00000000100000000000 0.00000000100000000000 0.01834268103890689464 0.00000118383106136937 0.04160227295797917779 0.60123884736754706903 0.20327257573448556660 0.00000000100000000000 0.00000000100000000000 0.00000000100000000000 
0.06067350180877646021 0.01608762502319209878 0.08884134963706452615 0.00000391629928822485 0.00858364423754276115 0.02539839658290126215 0.00008927219477982406 0.00000000100000000000 0.49518071328519847052 0.25389113423415682336 0.00000000100000000000 0.00000000100000000000 0.05125044369709958608 
0.04979287052629418481 0.00000000100000000000 0.04780875562895344627 0.03996488014791344662 0.01201331666959399094 0.02603117854078037391 0.01386364835713707784 0.00042518427869873201 0.62481361225904807899 0.18528654959158069593 0.00000000100000000000 0.00000000100000000000 0.00000000100000000000 
0.02120351498721463265 0.05249130212951228641 0.00000000100000000000 0.02109198130896998424 0.00000103393152858082 0.00034221404942592047 0.01490120040448397569 0.00000000100000000000 0.45499469750589710548 0.35860602269354413529 0.07564536192110983548 0.00000000100000000000 0.00072266806831343313 
0.00000000099999999999 0.00000000613276697477 0.00000000099999999999 0.00000000099999999999 0.00484351467569020793 0.00000000099999999999 0.00000001344630670010 0.00000000099999999999 0.47415203204133854475 0.38253294163910017689 0.10801888817154838007 0.00000000099999999999 0.03045259789324905597 
0.01155272915337783070 0.01541743513760265687 0.00000000100000000000 0.07809756833506491247 0.01567486564893509973 0.00339561788899384086 0.05556263011699517917 0.00479138916800070716 0.64842394876188835795 0.15604722615219898674 0.00000000100000000000 0.01103658663694246332 0.00000000100000000000 
0.00000000099999999967 0.00000000099999999967 0.00000000099999999967 0.00000000099999999967 0.00000000099999999967 0.99999998800000022836 0.00000000099999999967 0.00000000099999999967 0.00000000099999999967 0.00000000099999999967 0.00000000099999999967 0.00000000099999999967 0.00000000099999999967 
0.00000000100000000000 0.00000000100000000000 0.00000000100000000000 0.03406643932247177542 0.00000000100000000000 0.02280605227149997555 0.00000000100000000000 0.03584264982757821155 0.21388724101440770298 0.59509691524273167218 0.08059623723860168121 0.00045775209749547509 0.01724670798521344903 
0.03415650017873878008 0.06331933754118868052 0.00000000100000000000 0.00000000100000000000 0.00000000100000000000 0.00797875889756653571 0.00237251390856666649 0.01055680739728210270 0.55306827395404045689 0.19341908132518020880 0.05145582333179719164 0.00000000100000000000 0.08367289946563941094 
0.00000000099999999905 0.00000000099999999905 0.00000000099999999905 0.00000000099999999905 0.00000000099999999905 0.99999998800000022836 0.00000000099999999905 0.00000000099999999905 0.00000000099999999905 0.00000000099999999905 0.00000000099999999905 0.00000000099999999905 0.00000000099999999905 
0.00000000099999999999 0.00000000099999999999 0.00000000099999999999 0.00906531692218908759 0.00834910043262586041 0.02968273094163421597 0.12423161022598369629 0.00000000099999999999 0.42819543613089072753 0.33159041468355537896 0.00000000099999999999 0.04059033115825139149 0.02829505450486960796 
0.00000000099999999993 0.00000000099999999993 0.00000000099999999993 0.00000000099999999993 0.00000000099999999993 0.00000000099999999993 0.00000000099999999993 0.00000000099999999993 0.99014606460085796691 0.00000000099999999993 0.00985392439914211000 0.00000000099999999993 0.00000000099999999993 
0.00000000099999999998 0.05949933281022613818 0.00000000099999999998 0.00000000099999999998 0.00000000099999999998 0.00000000099999999998 0.00000000099999999998 0.00181912669664366627 0.93868153049313030056 0.00000000099999999998 0.00000000099999999998 0.00000000099999999998 0.00000000099999999998 
0.00768920228565870764 0.00000000099999999999 0.10544630991578479717 0.00000000099999999999 0.00371158989049548936 0.04135648824936231926 0.00000000099999999999 0.00000000099999999999 0.62530050824961158629 0.14593638267739100778 0.00000000099999999999 0.07055951273169612514 0.00000000099999999999 
0.04483307396483846019 0.00000000100000000000 0.06981961506700139208 0.01075266442882797692 0.01094087778018473789 0.01431641095862955411 0.01116741509232812256 0.02333329004684784463 0.49831222298652932956 0.29618129096503331699 0.00000007875512365590 0.00000001423588687999 0.02034304471876872619 
0.00000000100000000000 0.00000000100000000000 0.00000000100000000000 0.03219808761449082651 0.00000000100000000000 0.02361713992091018025 0.05718350046837824413 0.00008757057740281193 0.42144218535290206562 0.41087306795553946159 0.00413078767203996222 0.02966485301544042122 0.02080280342289594214 
0.02733331262582738147 0.00000000100000000000 0.00000021315431630250 0.00000000100000000000 0.00000000587608259696 0.00190971239853794986 0.07459290710720004047 0.00000002159132679394 0.54568312831975618327 0.28738639923821879263 0.00000000100000000000 0.01488860782292278535 0.04820568886581133583 
0.00000108787964569777 0.00192407431761688484 0.15448165109812730944 0.00258135124751148956 0.00000001583494813530 0.00633066910019117364 0.00000000101284237339 0.00000000100000000000 0.59909049841294881311 0.20683980210929736598 0.00000000100000000000 0.02875084435800207353 0.00000000262886883085 
0.02481773601982435393 0.00000000099999999999 0.03145979283818835931 0.00000000099999999999 0.00000000099999999999 0.00601646935458479293 0.00000000099999999999 0.00000000099999999999 0.85921617220170476426 0.00000000099999999999 0.05348438833364295431 0.00000019862736047997 0.02500523662469433112 
0.04198843046272257573 0.00000002511343137796 0.01818065888957333051 0.00014733780898837956 0.00000000100000000000 0.01788406372494396462 0.00000071618413504556 0.00000000100000000000 0.45547829962109454005 0.31827135996414290808 0.10218369494575883782 0.03269333009463042117 0.01317208119057873897 
0.00000000100000000000 0.01248447356421565624 0.13541048084283496822 0.06111183112130672002 0.00000000100000000000 0.01705932470968176545 0.00661858369185054553 0.01583368192144587669 0.74366061225901303189 0.00117268502062169914 0.00000000100000000000 0.00664832286902964070 0.00000000100000000000 
0.02853954593490829264 0.01969134151358932494 0.00000000100000000000 0.04672427734166839652 0.00000000100000000000 0.02624717455261304372 0.19032318369043860207 0.00000344385566625670 0.49999842423590290519 0.18846948975212121646 0.00000000100000000000 0.00000311483960026436 0.00000000128349179569 
0.00000000099999999998 0.00000000099999999998 0.00000000099999999998 0.00000000099999999998 0.00000000099999999998 0.00000000099999999998 0.00000000099999999998 0.00000000099999999998 0.00000004898941965239 0.83337871749116665399 0.16662122300192686031 0.00000000099999999998 0.00000000151748669995 
0.02665476682577664833 0.02405475428484032951 0.00000000100000000000 0.07456322600423700986 0.02503836717364809131 0.03098867165245614008 0.05022325529880311556 0.00000000100000000000 0.50691653106671896722 0.24125348201526217173 0.02030694167825741053 0.00000000100000000000 0.00000000100000000000 
0.03113853029211023637 0.00000000099999999999 0.00000000099999999999 0.00003514207284986333 0.00000000099999999999 0.01189070657621401315 0.14527965306292081604 0.00002388070683946448 0.72874441113019317040 0.00000000099999999999 0.00000000099999999999 0.07205763392436467796 0.01083003723450783051 
0.04501034180327147943 0.01294213275162985587 0.00000000100000000000 0.00000000100000000000 0.00000019746524356329 0.00000035112889878298 0.01235856934461880378 0.00504299874839232200 0.43075464521289985598 0.44623117049910632215 0.00000077685413004685 0.00000000100000000000 0.04765881319180891029 
0.00000000100000000000 0.00000000100000000000 0.00000000100000000000 0.00015089842248398438 0.00000000100000000000 0.03102774097656156929 0.16190814506622236424 0.01700243333856892372 0.71613347586180320370 0.00000000100000000000 0.00000000100000000000 0.00227619325778990892 0.07150110707657025833 
0.00030312394659663065 0.00007252613503562636 0.00000000099999999999 0.00000000099999999999 0.00697319728087514041 0.00100927164148220888 0.00000000099999999999 0.00000000099999999999 0.01749934512951772242 0.77432123703870003872 0.12018905844062383048 0.00000000099999999999 0.07963223538716894534 
0.01585261704323362789 0.13104017042070609245 0.00000000100000000000 0.00000000100000000000 0.00000000100000000000 0.04221326155104598854 0.09042040982737362120 0.00216783316846334102 0.66201729482205606825 0.00000000317259219569 0.00000001227709681002 0.04237631412832626454 0.01391208058910599690 
0.07682568127103388267 0.00000000099999999996 0.00000000099999999996 0.00000000099999999996 0.00000000099999999996 0.02892254814431127058 0.00000000099999999996 0.00960811268884482518 0.66487613431743486370 0.00000000099999999996 0.00000000099999999996 0.21976751557837514994 0.00000000099999999996 
0.00000339782274349058 0.03250309042386120839 0.00827322671212451198 0.03896899484534867980 0.00000000100000000000 0.02226191336934929196 0.03185401712706115857 0.00000000100000000000 0.48332555411834549064 0.32318637991745957638 0.05962342166370650925 0.00000000100000000000 0.00000000100000000000 
0.04062348410246365699 0.00754878331881955224 0.09346373431080526317 0.00000206991340695699 0.02887967408260248836 0.03273238179660076241 0.00000000100000000000 0.00000000100000000000 0.51233324377068734101 0.24457759170660073322 0.00000000100000000000 0.03983285423897256483 0.00000617975904086352 
0.04571669157202502137 0.09746909070605709602 0.00000000100000000000 0.07588892399076506423 0.00000000100000000000 0.02983156980335436789 0.03390186313767457049 0.00023633688573292924 0.43003121069861521830 0.17386527557474404371 0.01797303143556405400 0.09282415530573738527 0.00226184888973032837 
0.00000549505798699036 0.00942414203473734662 0.12260898703257978870 0.00060013361401782843 0.01977377384117376402 0.02315895010082907879 0.01855873085941423320 0.00000000100000000000 0.73488346208443156016 0.00000000100000000000 0.00000000100000000000 0.07098629674892931174 0.00000002562590010298 
0.00000000099999999997 0.00001838360472841647 0.00000000099999999997 0.00000000099999999997 0.00002187309374493999 0.00000000099999999997 0.00000000099999999997 0.00000000099999999997 0.80949789724159648685 0.00055997538524381015 0.18990186267468636694 0.00000000099999999997 0.00000000099999999997 
0.00000000100000000000 0.00000000100000000000 0.00000030264218505725 0.00841741663930929869 0.00000000100000000000 0.01047219613015534269 0.00000000100000000000 0.05664444022009596652 0.50480201358629295250 0.28763568362132724276 0.12358064524678863405 0.00844729691384547843 0.00000000100000000000 
0.00350355918673580635 0.00000000100000000000 0.03170118319413913616 0.00000000100000000000 0.00000014196814359127 0.02166851338148028522 0.00000000225034026363 0.00000000100000000000 0.71354628757330451627 0.10817173273836307168 0.00000000100000000000 0.00000000100000000000 0.12140857470749361058 
0.02477695240203290142 0.00008876552475154817 0.00000248189282620030 0.03917885395312706992 0.00000000100000000000 0.02170826342606681919 0.12107954204413316768 0.00000000103196339668 0.33869811738372795906 0.44507558694246446285 0.00000000100000000000 0.00000000946115071362 0.00939142393775574923 
0.02226121898394804038 0.00000008405808434047 0.01170113482894447055 0.00000000100000000000 0.03040087709344299269 0.02313992512922892833 0.00000000100000000000 0.00000000100000000000 0.33392450604735818276 0.54992808110033164493 0.01321370174870244857 0.00071036286601175468 0.01472010514394725758 
0.00000662169674668068 0.00000000099999999999 0.11084549463457255003 0.00094472444319408004 0.00000000099999999999 0.01710412538366564913 0.00000000099999999999 0.00000000099999999999 0.00000000099999999999 0.85670011451018268644 0.00000000151077757048 0.01439891182086081370 0.00000000099999999999 
0.00000172993121325423 0.04856908148962856692 0.02925477200695816155 0.01554334192126026991 0.00000000100000000000 0.01333357552023819136 0.10207155871272825809 0.02584293536287453688 0.58403711703504779251 0.13914062689547621043 0.00000000100000000000 0.04220525716693526025 0.00000000195763928784 
0.00000000100000000000 0.00000000100000000000 0.06265065087961635415 0.00417451417621106467 0.00929684729823463535 0.02399181034325035752 0.04662438234411273030 0.00000000100000000000 0.57176079189910122835 0.17170782876228571356 0.00248208075468329828 0.00011499566015720601 0.10719609488234743688 
0.02005180448283511857 0.03784707359259294884 0.15082303412059966385 0.00000003791388451296 0.00000001700062072754 0.00000051287731421583 0.00000000100000000000 0.00000000100000000000 0.77954767744636832560 0.01172823687389542777 0.00000144585250591520 0.00000000100000000000 0.00000015683938311209 
0.00000000100000000000 0.03135803704557992705 0.02001450723611388274 0.04076767808829754453 0.00000000100000000000 0.01658605865561713771 0.00000000100000000000 0.00711589129852680490 0.49535602398723366235 0.22453547478987531671 0.10778405859615484974 0.01468765743866736612 0.04179460986393340044 
0.14043771486504738610 0.00000000099999999999 0.00000000099999999999 0.07213399914034744620 0.00000000099999999999 0.00000000099999999999 0.00000001676044566211 0.00000000099999999999 0.03852689278545210622 0.47911765371071546316 0.00000000099999999999 0.23300062752840028368 0.03678308920959172390 
0.00000000099999999996 0.00000000099999999996 0.00000000099999999996 0.00000000099999999996 0.00000000099999999996 0.00000000099999999996 0.00000000099999999996 0.00000000099999999996 0.00000000099999999996 0.99999998800000000632 0.00000000099999999996 0.00000000099999999996 0.00000000099999999996 
0.00000000382917684651 0.02973745921899705394 0.09941900179418822203 0.00000000099999999999 0.00206759534714861864 0.00000000099999999999 0.00000000099999999999 0.00000000099999999999 0.18303101797809748219 0.68574491483239186085 0.00000000099999999999 0.00000000099999999999 0.00000000099999999999 
0.02430184600828591904 0.00000000100000000000 0.02375311645366668528 0.04046191656195285979 0.04563045877927376925 0.00529900207597861460 0.00000009218418003989 0.00000781151536727081 0.52639143680789346469 0.26588257670769599450 0.00498508230747312341 0.06328665859823222328 0.00000000100000000000 
0.00000000100000000000 0.04427929941588942819 0.00006951706033395392 0.08771650212284035075 0.00431494685307434386 0.01306405670339932934 0.05859595442459137465 0.01006137232794936977 0.48503939657399713914 0.28816221542799697053 0.00000000100000000000 0.00869673608992782739 0.00000000100000000000 
0.00000582023840140687 0.00082825452400458641 0.00000245178221606059 0.00000000100000000000 0.02449796761862239533 0.02025360696908906286 0.00000000100000000000 0.00000000432552399875 0.56850543367839467823 0.22810732529109817301 0.06742594847758311138 0.00000000100000000000 0.09037318409506650552 
0.00000000099999999999 0.00856314057072880656 0.00000000221693917208 0.00000000099999999999 0.00000108930223827400 0.00000005206622810125 0.00000000099999999999 0.00000000099999999999 0.15666679825427276551 0.67630828968794109990 0.15846062190165177697 0.00000000099999999999 0.00000000099999999999 
0.00000000099999999996 0.00000000099999999996 0.00000000099999999996 0.00000000099999999996 0.00000000099999999996 0.00000000099999999996 0.00000000099999999996 0.00000000099999999996 0.98125458524344466582 0.00000000099999999996 0.01874540375655539548 0.00000000099999999996 0.00000000099999999996 
0.01067547482292425555 0.00000000100000000000 0.00310114766257535987 0.05313993893852207717 0.04643983884727053563 0.01966326727997208187 0.04916061619926687803 0.02222174211816590333 0.63155288899410511050 0.15723894075947589255 0.00000000100000000000 0.00680614125245131325 0.00000000112527054428 
0.15006324921709127129 0.00000000099999999996 0.00000000099999999996 0.00088503429926928723 0.00000000099999999996 0.00000000099999999996 0.00000000099999999996 0.00000000099999999996 0.61778504749028018139 0.00000000099999999996 0.00000000099999999996 0.23126665999335926927 0.00000000099999999996 
0.00896889091268992036 0.05558949022736552059 0.08075302061811832910 0.10450755075822748541 0.00000000100000000000 0.00271164002273300078 0.00345815155443223972 0.00000000100000000000 0.72839490953765795300 0.00003216682571470673 0.00000000100000000000 0.00057189786185547374 0.01501227868120534950 
0.03109965463885333223 0.00000000100000000000 0.07530459764908213616 0.00000000100000000000 0.00000000100000000000 0.01526677530332594228 0.00000000100000000000 0.00000108317324424765 0.40961117204080493837 0.40057770687430815926 0.04510714935223230498 0.02302134598883350675 0.00001051097931530352 
0.00065389509835878979 0.00000000099999999999 0.00114565377926409005 0.00000000099999999999 0.03339468760367058503 0.00000000099999999999 0.00000000099999999999 0.04481327762395839048 0.91999247789474813963 0.00000000099999999999 0.00000000099999999999 0.00000000099999999999 0.00000000099999999999 
0.03852205387382575535 0.02263416803837492094 0.00885950649538000574 0.00000000100000000000 0.00000000100000000000 0.00782462101259853542 0.07477875919609676403 0.01621797793997700049 0.46752696905556084817 0.23625488863682364560 0.06631451832095144883 0.02728477272294979952 0.03378176270746124921 
0.00000000361555421597 0.00000000099999999999 0.00000000099999999999 0.00408431130604459090 0.00000000099999999999 0.00006924450627802577 0.00000000099999999999 0.00022243150468950586 0.36523145498791836916 0.50977876703371882705 0.09399969499183663535 0.02661408705395984856 0.00000000099999999999 
0.00000000099999999998 0.00000000099999999998 0.00000000099999999998 0.00000000099999999998 0.00000000099999999998 0.00000000099999999998 0.00000523234976714975 0.00000000099999999998 0.00000000099999999998 0.99999475540869264822 0.00000000224154023033 0.00000000099999999998 0.00000000099999999998 
0.02310121107559009665 0.00000000100000000000 0.00000000100000000000 0.06820925042777696568 0.00000000109827867645 0.01163579825302965554 0.00000298740583548140 0.01885317925598887709 0.58377018881000475314 0.13980694812847779818 0.10041649543326365557 0.00000000100000000000 0.05420393711175400947 
0.00778488958694974198 0.00000000100000000000 0.08240413713716128463 0.00000002677177805885 0.02073587238858932980 0.03125259116156111489 0.00000457298204433587 0.01464327322063874864 0.39232920336146820395 0.44860154085020864656 0.00000000100000000000 0.00224388953960053808 0.00000000100000000000 
0.04860497866659451577 0.00000000100000000000 0.00425610903071868031 0.03208560894559919774 0.02994303915724919052 0.01368091623414346460 0.00000000100000000000 0.00000025442817909273 0.54652261478054731114 0.20636197816866644339 0.07080500846622284072 0.02441849261161838439 0.02332099751046107922 
0.00322273712405507550 0.00000000099999999999 0.00000000099999999999 0.06122644125671797277 0.01141396042953512872 0.00000000099999999999 0.09049833023077109850 0.00000000099999999999 0.31827305983146936263 0.51536546412745132262 0.00000000099999999999 0.00000000099999999999 0.00000000099999999999 
0.00000156599217428267 0.00000000099999999999 0.07978949677040059196 0.00000000099999999999 0.00000000099999999999 0.00000000099999999999 0.00000000099999999999 0.00207265111600587592 0.12675126220249893771 0.79138501591892040921 0.00000000099999999999 0.00000000099999999999 0.00000000099999999999 
0.03380187344256489756 0.00000000100000000000 0.01693531332775371351 0.00000000100000000000 0.00767064109170625258 0.00917519209880052027 0.13260177351830670922 0.00000000100000000000 0.51543937345865287192 0.23109881128943704498 0.00000000100000000000 0.03308057861514202697 0.02019643915763599806 
0.00340794411230005943 0.00000000099999999999 0.00000000099999999999 0.00000000099999999999 0.00000012357588954770 0.02693219773828687755 0.12500416899673710835 0.00000001287016655339 0.00000000099999999999 0.84439301368343822052 0.00000000099999999999 0.00000000099999999999 0.00026253302318181494 
0.00265362757598863047 0.03163938923311692547 0.00000000100000000000 0.00000000100000000000 0.00000000319898981716 0.03471668581324186681 0.13482897825475831377 0.00000000100000000000 0.73558528373732534611 0.00005504789653167717 0.00000000100000000000 0.00000000632994568073 0.06052097396010167052 
0.04327603216130913866 0.01255621489583676025 0.06481487313888806279 0.03747492865478520979 0.00000000100000000000 0.01758431207859158935 0.09899148877711669292 0.00003748297283419812 0.54851708840241575338 0.15209241019796743144 0.00000000100000000000 0.02465516572025503589 0.00000000100000000000 
0.00000003492503242758 0.00000000099999999999 0.00000000099999999999 0.48670067439473319038 0.00000000099999999999 0.01754647119537755887 0.00000000099999999999 0.00000000099999999999 0.09530894850301904753 0.00000000099999999999 0.04337025950231342825 0.00170045876892281644 0.35537314671060149518 
0.00000000099999999999 0.00000000135270276483 0.00000000099999999999 0.50753608721569865025 0.00000000099999999999 0.00000000099999999999 0.00000000111854201904 0.00000000099999999999 0.00000000099999999999 0.00000000099999999999 0.00000000099999999999 0.00000000099999999999 0.49246390131305661786 
0.00000000099999999993 0.00000000099999999993 0.00000000099999999993 0.99999998800000022836 0.00000000099999999993 0.00000000099999999993 0.00000000099999999993 0.00000000099999999993 0.00000000099999999993 0.00000000099999999993 0.00000000099999999993 0.00000000099999999993 0.00000000099999999993 
0.00000000099999999989 0.00000000099999999989 0.00000000099999999989 0.99999998800000022836 0.00000000099999999989 0.00000000099999999989 0.00000000099999999989 0.00000000099999999989 0.00000000099999999989 0.00000000099999999989 0.00000000099999999989 0.00000000099999999989 0.00000000099999999989 
0.05571037468920510966 0.04138943097129281490 0.02042194225328010371 0.41873472891438845433 0.00000204134500090790 0.00000000100000000000 0.00000187918227677741 0.06933143650583530049 0.10171872042617498277 0.00412976964310940789 0.00000012288201396399 0.00000585119035000469 0.28855370099707217113 
0.00091218454703402032 0.00000000099999999999 0.00000000099999999999 0.52542713931497098123 0.00000000099999999999 0.00000000099999999999 0.00000000099999999999 0.00000000099999999999 0.00000000099999999999 0.00000000099999999999 0.00000000099999999999 0.00000000099999999999 0.47366066613799523433 
0.02021067614722733830 0.00000000100000000000 0.05941920408441485335 0.53153609905389498369 0.01239059003304280628 0.00000000100000000000 0.00000000740624652970 0.06047686322956974392 0.05875645224153255852 0.00020564045227235809 0.00000000100000000000 0.01019252574749395998 0.24681193860430519771 
0.00000000099999999999 0.00000000099999999999 0.00000000099999999999 0.43458581077666391668 0.00000000099999999999 0.01020420563095667497 0.00000000099999999999 0.00000007519701107358 0.00000000099999999999 0.00000000099999999999 0.00000000099999999999 0.00000000099999999999 0.55520989939536813385 
0.00000000099999999999 0.00000000099999999999 0.00000000099999999999 0.47025378607713697043 0.00000000099999999999 0.00000000099999999999 0.00000000099999999999 0.00000000099999999999 0.00000000099999999999 0.00000000099999999999 0.00000000099999999999 0.00021408262813653737 0.52953212129472615466 
0.00000000099999999986 0.00000000099999999986 0.00000000099999999986 0.00000000099999999986 0.00000000099999999986 0.00000000099999999986 0.00000000099999999986 0.00000000099999999986 0.00000000099999999986 0.00000000099999999986 0.00000000099999999986 0.00000000099999999986 0.99999998800000000632 
0.05728185790489579571 0.00000000100000000000 0.00000000100000000000 0.38954233317766717715 0.00700224394943603501 0.00726095723584957616 0.00001969392083552864 0.00200531398920334412 0.04921129750450455725 0.00000000100000000000 0.00000000100000000000 0.03757175861429540298 0.45010453970331254503 
0.00000377122138423929 0.00000000099999999999 0.00000000099999999999 0.45255940216391021824 0.00000000099999999999 0.00000000099999999999 0.00000000099999999999 0.06773381141283338347 0.06053876644473053098 0.00000000099999999999 0.00000000099999999999 0.01104853182835167924 0.40811570992878998254 
0.00000000099999999992 0.00000000099999999992 0.00000000099999999992 0.99999998800000022836 0.00000000099999999992 0.00000000099999999992 0.00000000099999999992 0.00000000099999999992 0.00000000099999999992 0.00000000099999999992 0.00000000099999999992 0.00000000099999999992 0.00000000099999999992 
0.02994075107775875585 0.00000346869439656900 0.00000000099999999999 0.37791864802017022251 0.00000000099999999999 0.00754145830815716820 0.00000000099999999999 0.00000000099999999999 0.00000000099999999999 0.00000000099999999999 0.00008170111483733418 0.07742006411365866259 0.50709390267102116834 
0.00342442919508005377 0.00000000099999999999 0.05922368324938797474 0.49848710477373192607 0.00000000099999999999 0.00000000099999999999 0.00000000099999999999 0.03784067345343473249 0.00000000099999999999 0.00000000099999999999 0.00000000099999999999 0.07278381776893497190 0.32824028455943066174 
0.00004969534308359921 0.00000000099999999997 0.00000000099999999997 0.42980215494226348127 0.00000000099999999997 0.00000000099999999997 0.00000000099999999997 0.00000000099999999997 0.00000000099999999997 0.00000000099999999997 0.00000000099999999997 0.00000000099999999997 0.57014813971465272413 
0.00000000099999999983 0.00000000099999999983 0.00000000099999999983 0.00000000099999999983 0.00000000099999999983 0.00000000099999999983 0.00000000099999999983 0.00000000099999999983 0.00000000099999999983 0.00000000099999999983 0.00000000099999999983 0.00000000099999999983 0.99999998799999989529 
0.08578524278564997330 0.00000000099999999999 0.00000000099999999999 0.44586981120964441772 0.00000000099999999999 0.00000000099999999999 0.00000000099999999999 0.01140835803030791629 0.00000000099999999999 0.00000000099999999999 0.00000000099999999999 0.03212515205756321518 0.42481142791683457194 
0.03785778345264070172 0.00000000099999999998 0.00000000099999999998 0.46496287420218190833 0.00000000099999999998 0.00000000099999999998 0.00000000099999999998 0.00302618658166519706 0.00000000099999999998 0.00000000099999999998 0.00000000099999999998 0.00081605802031114159 0.49333708974320122920 
0.03433997432062284305 0.04534806480215797242 0.00000000100000000000 0.31085000625710773603 0.01801009420944064618 0.00000000100000000000 0.00089740841902590191 0.00000000100000000000 0.06105336994208656470 0.15965120798211915321 0.12788016904121671247 0.00947713619341604419 0.23249256583280633603 
0.02288287943953722092 0.00000000099999999999 0.00000000099999999999 0.52629137870714515213 0.00000000099999999999 0.00000000099999999999 0.00000000099999999999 0.00000000099999999999 0.00000000700312829480 0.00000000099999999999 0.07146956899686562892 0.00000003538011778317 0.37935612347320613047 
0.00000000099999999978 0.00000000099999999978 0.00000000099999999978 0.00000000099999999978 0.00000000099999999978 0.00000000099999999978 0.00000000099999999978 0.00000000099999999978 0.00000000099999999978 0.00000000099999999978 0.00000000099999999978 0.00000000099999999978 0.99999998799999989529 
0.04373325173540628524 0.00000000099999999999 0.01360745609910522097 0.45873722409707745618 0.00017732146113711255 0.00000000099999999999 0.00000000099999999999 0.00000036717389364514 0.00000000099999999999 0.00000000099999999999 0.00000000099999999999 0.00000000102624878140 0.48374437240713163977 
0.00000000209748668005 0.00000000099999999998 0.00000000099999999998 0.48506599230186553395 0.00861601050109188533 0.00000000099999999998 0.00000000099999999998 0.00000000099999999998 0.00000000099999999998 0.00000000099999999998 0.00000000099999999998 0.00000000099999999998 0.50631798609955569468 
0.00000000099999999997 0.00000000099999999997 0.00000000099999999997 0.51239328839500819512 0.00000000099999999997 0.00000000099999999997 0.00000000099999999997 0.00000011672133787061 0.00000000099999999997 0.00000000099999999997 0.00000000099999999997 0.00491146409626565424 0.48269512178738849251 
0.00000000099999999993 0.00000000099999999993 0.00000000099999999993 0.99999998800000011734 0.00000000099999999993 0.00000000099999999993 0.00000000099999999993 0.00000000099999999993 0.00000000099999999993 0.00000000099999999993 0.00000000099999999993 0.00000000099999999993 0.00000000099999999993 
0.00000000099999999993 0.00000000099999999993 0.00000000099999999993 0.99999998800000022836 0.00000000099999999993 0.00000000099999999993 0.00000000099999999993 0.00000000099999999993 0.00000000099999999993 0.00000000099999999993 0.00000000099999999993 0.00000000099999999993 0.00000000099999999993 
0.00000000099999999994 0.00000000099999999994 0.00000000099999999994 0.99999998800000022836 0.00000000099999999994 0.00000000099999999994 0.00000000099999999994 0.00000000099999999994 0.00000000099999999994 0.00000000099999999994 0.00000000099999999994 0.00000000099999999994 0.00000000099999999994 
0.00000000099999999987 0.00000000099999999987 0.00000000099999999987 0.99999998800000011734 0.00000000099999999987 0.00000000099999999987 0.00000000099999999987 0.00000000099999999987 0.00000000099999999987 0.00000000099999999987 0.00000000099999999987 0.00000000099999999987 0.00000000099999999987 
0.00000000099999999984 0.00000000099999999984 0.00000000099999999984 0.00000000099999999984 0.00000000099999999984 0.00000000099999999984 0.00000000099999999984 0.00000000099999999984 0.00000000099999999984 0.00000000099999999984 0.00000000099999999984 0.00000000099999999984 0.99999998799999989529 
0.00000000099999999993 0.00000000099999999993 0.00000000099999999993 0.99999998800000022836 0.00000000099999999993 0.00000000099999999993 0.00000000099999999993 0.00000000099999999993 0.00000000099999999993 0.00000000099999999993 0.00000000099999999993 0.00000000099999999993 0.00000000099999999993 
0.00000000099999999995 0.00000000099999999995 0.00000000099999999995 0.00000000099999999995 0.00000000099999999995 0.00000000099999999995 0.00000000099999999995 0.99999998800000000632 0.00000000099999999995 0.00000000099999999995 0.00000000099999999995 0.00000000099999999995 0.00000000099999999995 
0.00000000099999999993 0.00000000099999999993 0.00000000099999999993 0.00000000099999999993 0.00000000099999999993 0.00000000099999999993 0.00000000099999999993 0.99999998800000011734 0.00000000099999999993 0.00000000099999999993 0.00000000099999999993 0.00000000099999999993 0.00000000099999999993 
0.00000000099999999995 0.00000000099999999995 0.00000000099999999995 0.00000000099999999995 0.00000000099999999995 0.00000000099999999995 0.00000000099999999995 0.99999998800000011734 0.00000000099999999995 0.00000000099999999995 0.00000000099999999995 0.00000000099999999995 0.00000000099999999995 
0.00000000099999999995 0.00000000099999999995 0.00000000099999999995 0.00000000099999999995 0.00000000099999999995 0.00000000099999999995 0.00000000099999999995 0.99999998800000011734 0.00000000099999999995 0.00000000099999999995 0.00000000099999999995 0.00000000099999999995 0.00000000099999999995 
0.00000000099999999994 0.00000000099999999994 0.00000000099999999994 0.00000000099999999994 0.00000000099999999994 0.00000000099999999994 0.00000000099999999994 0.99999998800000000632 0.00000000099999999994 0.00000000099999999994 0.00000000099999999994 0.00000000099999999994 0.00000000099999999994 
0.00000000099999999991 0.00000000099999999991 0.00000000099999999991 0.00000000099999999991 0.00000000099999999991 0.00000000099999999991 0.00000000099999999991 0.99999998800000000632 0.00000000099999999991 0.00000000099999999991 0.00000000099999999991 0.00000000099999999991 0.00000000099999999991 
