0.00000000100000000000 0.02308771105595294401 0.45161928959640101899 0.00828831332734081445 0.00884827127748518197 0.03515762397710188447 0.42981260422804745680 0.04318618553767080565 
0.00000000099999999991 0.00000000099999999991 0.99999999300000008695 0.00000000099999999991 0.00000000099999999991 0.00000000099999999991 0.00000000099999999991 0.00000000099999999991 
0.00000000099999999998 0.00000000099999999998 0.00000000099999999998 0.00000000099999999998 0.00000000099999999998 0.00000000099999999998 0.99999999299999997593 0.00000000099999999998 
0.00000000099999999998 0.00000000099999999998 0.00000000099999999998 0.00000000099999999998 0.00000000099999999998 0.00000000099999999998 0.99999999299999997593 0.00000000099999999998 
0.03599972043290942947 0.00000774699355285108 0.58272112904610484652 0.00000000100000000000 0.03438916991645143278 0.01895531448167355262 0.31489320489618888299 0.01303371323311913917 
0.00013359831761589617 0.00007118334671870806 0.26368156715847734795 0.00000000100000000000 0.00000000100000000000 0.00000000100000000000 0.73611364717718785755 0.00000000100000000000 
0.00000000100000000000 0.12729327815317273420 0.46481067156791777695 0.04065613198863719108 0.00001414560471593482 0.01381263538938303989 0.35341313529617329747 0.00000000100000000000 
0.00000100767077526534 0.00000000100000000000 0.43066762842231881558 0.00197037228467141596 0.02131888266214563080 0.01452275023293093589 0.53151935672715777681 0.00000000100000000000 
0.00000000100000000000 0.00000000100000000000 0.45177297155728696199 0.06013538096829808971 0.00125521454463681128 0.05860506504174282233 0.42782254953772119732 0.00040881635031415290 
0.00824661408225088426 0.01125840942000663931 0.52507853380513536123 0.00000000100000000000 0.00000000100000000000 0.06313594202627413610 0.38578071945869141235 0.00649977920764161551 
0.00000000099999999998 0.00000000099999999998 0.99999999300000008695 0.00000000099999999998 0.00000000099999999998 0.00000000099999999998 0.00000000099999999998 0.00000000099999999998 
0.00000000100000000000 0.00000000100000000000 0.49159908264773533038 0.00611248323434994498 0.03415022335828538785 0.00410289030954081712 0.43299193905716548691 0.03104337939292314136 
0.00000000100000000000 0.00000000100000000000 0.47858763214207472592 0.00000360339963985767 0.03336146140973644120 0.00000000100000000000 0.47952041394730460233 0.00852688610124451365 
0.00000000099999999998 0.00000000099999999998 0.00000000099999999998 0.00000000099999999998 0.00000000099999999998 0.00000000099999999998 0.99999999299999997593 0.00000000099999999998 
0.00000000922510033928 0.01739810146767951926 0.31265356973971519805 0.01838935272385047032 0.01950321704232171882 0.00000203336971383571 0.59610146631462568312 0.03595225011699328815 
0.02386547932153282314 0.00115085055570178485 0.51784082283494903276 0.03916349739523130452 0.05433510031378233768 0.00000000100000000000 0.36364424757880264849 0.00000000100000000000 
0.00000001372442520251 0.00000000100000000000 0.51839691067150861503 0.01630067121200127686 0.00000000100000000000 0.05937673647643048475 0.40592329583207620303 0.00000237008355810434 
0.00000003636028002919 0.00955057902209542967 0.48292153365463125203 0.09285017040552956402 0.00000000100000000000 0.00000000100000000000 0.39779041926239383509 0.01688725929506990076 
0.00000001903029870497 0.00000000100000000000 0.48640672896753983645 0.00000001099462312917 0.05041424874431838649 0.00000000100000000000 0.38429228583980512557 0.07888670442341495781 
0.00000000100000000000 0.00000000100000000000 0.51550422726544342655 0.05768540246289498297 0.01690442984844887572 0.01899317735865906770 0.32996545083689499123 0.06094731022765873668 
0.02296697047891265234 0.00000000956365675486 0.47151779641016600131 0.00000000100000000000 0.00000756961279005099 0.00000000100000000000 0.44882216275154962482 0.05668548918292479893 
0.00000000099999999997 0.00000000099999999997 0.99999999300000008695 0.00000000099999999997 0.00000000099999999997 0.00000000099999999997 0.00000000099999999997 0.00000000099999999997 
0.00000134054714147162 0.00000000100000000000 0.45228666284610691273 0.00000025695310819927 0.02515222412094782548 0.02264285350471776856 0.45470626413790160569 0.04521039689007614465 
0.00000000099999999999 0.00000000099999999999 0.55773379780438403497 0.01418945373312780964 0.04111810053720023339 0.00000000099999999999 0.38695864392528783737 0.00000000099999999999 
0.00619730578906919211 0.01140806445287996518 0.42043041536971925698 0.07644177487608108668 0.00071802971175893534 0.00000000100000000000 0.46042056674883247158 0.02438384205165910340 
0.00000000100000000000 0.00000000100000000000 0.44597977802146937520 0.03924688687998689057 0.01550018691611503019 0.03705967663988299354 0.45645855447949867933 0.00575491506304710247 
0.00000000100000000000 0.04868012710607851762 0.58077413333827521136 0.06586012043811712013 0.00000000100000000000 0.00000005012360337888 0.28838412027619902966 0.01630144671772661841 
0.01139282755303186283 0.00000000100000000000 0.52983235046948795599 0.00000000100000000000 0.02612036125361633099 0.03967293658680299401 0.36317183498817290355 0.02980968714888818094 
0.00000000099999999998 0.00000000099999999998 0.99999999299999997593 0.00000000099999999998 0.00000000099999999998 0.00000000099999999998 0.00000000099999999998 0.00000000099999999998 
0.00000045228826083455 0.00000000100000000000 0.56504649794304206978 0.07126884026510441061 0.00000000100000000000 0.00000514003452873093 0.34378887771782890015 0.01989018975123501773 
0.02224343419686779927 0.00000000100000000000 0.43360131680805263921 0.03279908585012914629 0.00519616996460358499 0.00493392914617778785 0.47902897874459965388 0.02219708428956948185 
0.00000000099999999999 0.00000010901004992722 0.34047407016768888033 0.11465425484608407491 0.00000000099999999999 0.00000000099999999999 0.54487156197617703235 0.00000000099999999999 
0.05018574934810742655 0.00000000100000000000 0.54911170849184920417 0.03750002395657891369 0.02334854183123721838 0.01767594526582876024 0.28756271529570859302 0.03461531481068997468 
0.00000000099999999996 0.00000000099999999996 0.99999999299999997593 0.00000000099999999996 0.00000000099999999996 0.00000000099999999996 0.00000000099999999996 0.00000000099999999996 
0.00000000100000000000 0.00000000100000000000 0.28622476286607639873 0.00012537232203995956 0.00046252777835222665 0.03996586621144933293 0.66285110222463672347 0.01037036659744550691 
0.03051703247278539713 0.00194617268693931460 0.48763149326685301110 0.00000000100000000000 0.00592997606481342199 0.04820663171086821130 0.37015136139485055322 0.05561733140289005367 
0.00000000099999999991 0.00000000099999999991 0.99999999299999997593 0.00000000099999999991 0.00000000099999999991 0.00000000099999999991 0.00000000099999999991 0.00000000099999999991 
0.02452186066738308579 0.00000000100000000000 0.42146187035422166822 0.00000000100000000000 0.00832593267905449436 0.02234942932017276382 0.48483953442055993666 0.03850137055860813201 
0.00000000099999999994 0.00000000099999999994 0.99999999300000008695 0.00000000099999999994 0.00000000099999999994 0.00000000099999999994 0.00000000099999999994 0.00000000099999999994 
0.01081927272111422519 0.00000000100000000000 0.58947326450693182665 0.04682076730551874150 0.01713462680552079245 0.03448362413884218519 0.29911743619157421525 0.00215100733049804725 
0.00000000100000000000 0.00000000100000000000 0.57861353518654834449 0.00000000100000000000 0.03761548947777371144 0.00465403799892100210 0.34377293047166757045 0.03534400386508936703 
0.00798526978644272314 0.00000000100000000000 0.43970782613288972307 0.13431757386655010511 0.00000000100000000000 0.00005776611659028134 0.41793156091137528829 0.00000000118615186686 
0.00000000100000000000 0.00000000100000000000 0.41229558607998206821 0.00000000100000000000 0.01123094620096982445 0.04139569570899566398 0.51452455814081321517 0.02055321086923923499 
0.00834898495850103922 0.00008003756696003687 0.40577119234591041419 0.01989343491548907494 0.00000386719680374765 0.02374384846440334360 0.49944688026877487319 0.04271175428315756445 
0.00000000100000000000 0.01900766231840116810 0.48643547068638748332 0.06599385432433560461 0.00000000100000000000 0.01307227122584354861 0.41546980934119526196 0.00002093010383699006 
0.00000000100000000000 0.00000000100000000000 0.56011711353554582971 0.01193013829153386461 0.06702689576173727348 0.00139664215155101156 0.34624261882769136189 0.01328658943194068603 
0.00000000100000000000 0.02774200391185406914 0.44100265501686125580 0.07392561106363947088 0.00779567135187561253 0.00000000100000000000 0.40927862640485485057 0.04025543025091478377 
0.01739702872319172020 0.01576760436929063383 0.48369159342562451087 0.00483997639995591145 0.04138618665771481853 0.04978506376343541651 0.37610546660569860178 0.01102708005508835909 
0.00000000100000000000 0.09753565981603845580 0.45428125616107911666 0.00000000100000000000 0.03276606512674025418 0.00204266706629770145 0.35683901036625453873 0.05653533946359013546 
0.00000000099999999997 0.00000000099999999997 0.00000000099999999997 0.00000000099999999997 0.00000000099999999997 0.00000000099999999997 0.99999999299999997593 0.00000000099999999997 
0.03780397464403046498 0.00016167123801266359 0.50509568416023842286 0.03347160867954897950 0.04458589806159893310 0.01016530613497539960 0.35370100436380386144 0.01501485271779117933 
0.00000000100000000000 0.02109586275139782932 0.50107007632592304169 0.00000004579511125200 0.01702873789027138304 0.04476048602042900088 0.32306010530373407974 0.09298468491313363615 
0.00880256911217592447 0.00000000100000000000 0.44897869467603557236 0.00000000100000000000 0.00000000100000000000 0.04356597775412229812 0.49018491639237399271 0.00846783906529221045 
0.00000000100000000000 0.05707378348319120526 0.57865648572422023754 0.00558394107215545461 0.05424498539430590294 0.01267739626684352000 0.26228157464709078717 0.02948183241219279674 
0.01172705350393897332 0.04586260872298632274 0.19617180358693128706 0.00000000100000000000 0.00000134945347931004 0.00681273483348260843 0.73942444789918149173 0.00000000100000000000 
0.00000000099999999998 0.00000000099999999998 0.99999999299999997593 0.00000000099999999998 0.00000000099999999998 0.00000000099999999998 0.00000000099999999998 0.00000000099999999998 
0.00000000099999999998 0.00000000099999999998 0.67835610241278010424 0.00000000099999999998 0.00000000099999999998 0.03850214117406609848 0.00000000099999999998 0.28314175141315395257 
0.03441921399627968087 0.00004519803233953770 0.39061793053818510968 0.04727581349505444175 0.00000000100000000000 0.00000000100000000000 0.51429760860255580024 0.01334423333558529788 
0.00624299459487233799 0.00000000100000000000 0.44853538792433012006 0.09113707169470360026 0.00000000100000000000 0.00000000100000000000 0.43440648128871722777 0.01967806149737692106 
0.05674666725730003608 0.00000000100000000000 0.39798632708357745136 0.04997082539816330438 0.00853535541531137004 0.03527216067238554686 0.33883549701177900770 0.11265316616148322859 
0.01600363334242108429 0.05674061970300337682 0.54284200501796364691 0.06653909092796879421 0.02698886485298478133 0.00767856620082625792 0.24531588440548854346 0.03789133554934358272 
0.00000000099999999997 0.00000000099999999997 0.99999999299999997593 0.00000000099999999997 0.00000000099999999997 0.00000000099999999997 0.00000000099999999997 0.00000000099999999997 
0.00000000100000000000 0.07104731084944505837 0.49917017222973281143 0.04301009701578770855 0.01058793699911544581 0.04623643077970423371 0.32994804935254590239 0.00000000177366885245 
0.00000000100000000000 0.00000000100000000000 0.53003204914089574462 0.02044589088879314800 0.03180553887949925246 0.02792987105638132864 0.34945142033675252735 0.04033522769767783345 
0.00136879333409068403 0.05140135100954643793 0.30127475678625376121 0.05858992582921339343 0.00000003096296946673 0.00759752537594127978 0.56116012260111292065 0.01860749410087199351 
0.00248423444945267743 0.00000000100000000000 0.38191562095056491577 0.00000000100000000000 0.01884130348691042539 0.00297542403067694011 0.58684191977567023990 0.00694149530672475996 
0.00000000099999999999 0.00000000099999999999 0.00000000099999999999 0.06629875682689644056 0.00000000099999999999 0.00000000099999999999 0.93370123717310360423 0.00000000099999999999 
0.00981537257893889438 0.05232285398952640082 0.45126511263819024666 0.02800096209367997774 0.02753176025211395359 0.02970066034214149941 0.36682004805739265585 0.03454323004801641839 
0.00000000100000000000 0.04816702610001175749 0.52350916223776600145 0.00000000381672881628 0.03107002102081104708 0.00000729725397918557 0.33873772682264885470 0.05850876174805429153 
0.00000000099999999998 0.00000000099999999998 0.99999999299999997593 0.00000000099999999998 0.00000000099999999998 0.00000000099999999998 0.00000000099999999998 0.00000000099999999998 
0.02185296613652955300 0.02633091931306636921 0.42372306154224065322 0.20244389074411089924 0.00000000100000000000 0.00000000100000000000 0.32564915926405257895 0.00000000100000000000 
0.00000000100000000000 0.00000000100000000000 0.04129607861083956638 0.02883372893362058653 0.01274965635662387263 0.06544440331799357413 0.49860492725337113296 0.35307120352755122505 
0.00000000099999999998 0.00000000099999999998 0.00000000099999999998 0.00000000099999999998 0.00000000099999999998 0.00000000099999999998 0.99999999299999986491 0.00000000099999999998 
0.01656952816778091420 0.03078407571069489979 0.19509299042533470581 0.00000000100000000000 0.00000000100000000000 0.00000000100000000000 0.75755340169618945456 0.00000000100000000000 
0.00000000099999999998 0.00000000099999999998 0.99999999299999997593 0.00000000099999999998 0.00000000099999999998 0.00000000099999999998 0.00000000099999999998 0.00000000099999999998 
0.01453619365768665621 0.00000000100000000000 0.46201453229823774560 0.06830807402892863367 0.02412344116927007606 0.02145808361782080079 0.40955967322805592046 0.00000000100000000000 
0.00000000100000000000 0.02595995500689695853 0.41575232651504301362 0.01210001035829342923 0.02309526023373514869 0.03047733683454416712 0.45294607580480295006 0.03966903424668426908 
0.00000813805309015602 0.12343297658684092288 0.12979401027138223745 0.00000000100000000000 0.02001129625156468361 0.00000000100000000000 0.72675357583712185683 0.00000000100000000000 
0.00000000099999999996 0.00000000099999999996 0.99999999299999997593 0.00000000099999999996 0.00000000099999999996 0.00000000099999999996 0.00000000099999999996 0.00000000099999999996 
0.00000472842553803067 0.00000000100000000000 0.50617546848126215853 0.00313937866843598968 0.04241591578811691049 0.01703784127288936884 0.39628996239519376221 0.03493670396856392996 
0.00000000099999999999 0.00000000099999999999 0.58323075262174195466 0.06406288711325318352 0.03495613424402804065 0.01019190507050815250 0.00000000099999999999 0.30755831795046856270 
0.00000000099999999998 0.00000000099999999998 0.99999999300000008695 0.00000000099999999998 0.00000000099999999998 0.00000000099999999998 0.00000000099999999998 0.00000000099999999998 
0.00000002927756074465 0.04279759572599339812 0.35346077614763921071 0.02202632944663917083 0.00804707698856657258 0.00000000100000000000 0.52470550918958125397 0.04896268222401958109 
0.02156165846084009963 0.00000000100000000000 0.55394682447375909184 0.01014114274913452234 0.03223731658426880892 0.05727531063258749222 0.28801694323708620926 0.03682080286232360111 
0.00000000100000000000 0.07850187273196644611 0.42050389783285802014 0.03084537812375623064 0.03663044171688352446 0.00357364438010514002 0.37453522618665568977 0.05540953802777499188 
0.00000000100000000000 0.00285326206886404822 0.36688243386974872529 0.00934407233142930081 0.00000001068584338165 0.00000093686270808826 0.58753423149139760717 0.03338505169000888229 
0.00000000099999999998 0.00000000099999999998 0.00000000099999999998 0.00000000099999999998 0.00000000099999999998 0.00000000099999999998 0.99999999299999997593 0.00000000099999999998 
0.00000000100000000000 0.00561513086005655578 0.53062612679712695130 0.07156373615681564659 0.00000000100000000000 0.02885025588183142906 0.30874090500514284052 0.05460384329902669143 
0.00000000100000000000 0.00582645170922284437 0.36213095073985435146 0.06356355401148913731 0.00000000100000000000 0.00000584858707805955 0.56847319195235557210 0.00000000100000000000 
0.02534660893055579872 0.00000139557860045340 0.44066265969349199816 0.04877035823760449834 0.03846658575899747357 0.00118054184435002416 0.38142106267172026790 0.06415078728467940583 
0.00258225537571754159 0.01236293538764735196 0.31904393740115194467 0.00000000100000000000 0.02504192848053456502 0.00774849995435108584 0.61572541447878825771 0.01749502792180927802 
0.00000000099999999998 0.00000000099999999998 0.00000000099999999998 0.00000000099999999998 0.00000000099999999998 0.00000000099999999998 0.99999999299999997593 0.00000000099999999998 
0.00000000100000000000 0.06355836911679327295 0.39814298849034601702 0.00884489458704948786 0.00126279058215393917 0.03006376219660689825 0.42353629873467707467 0.07459089529237336591 
0.00000000099999999998 0.00000000099999999998 0.00000000099999999998 0.00000000099999999998 0.00000000099999999998 0.00000000099999999998 0.99999999299999986491 0.00000000099999999998 
0.00061246571779242378 0.00999019175534210900 0.54206538579351093432 0.00010703036189221996 0.01929823325324497157 0.04928403385612544624 0.36591430579958644786 0.01272835346250556290 
0.00013781303773118905 0.07270606078720132093 0.47529511781019245786 0.00000000100000000000 0.00000000100000000000 0.06454278477510741463 0.36658450082119586888 0.02073372076857173812 
0.00458007308725598850 0.00000024437156512697 0.24651112257017324114 0.36708556338210363013 0.16488704891097816230 0.07211735927528251100 0.01854601400311786663 0.12627257439952338514 
0.03190281176989086254 0.01358140225080998326 0.16661883911545247172 0.34796294025911161940 0.22237730740619726655 0.05414513844800445536 0.00000000100000000000 0.16341155975053339722 
0.00485148040035911481 0.01457047003009841017 0.24055606760520631404 0.35247158921158250333 0.14646953389382788568 0.06883172733873847704 0.00000000100000000000 0.17224913052018736570 
0.00000000099999999992 0.00000000099999999992 0.00000000099999999992 0.00000000099999999992 0.99999999299999997593 0.00000000099999999992 0.00000000099999999992 0.00000000099999999992 
0.03213077813368871855 0.01607580602091040339 0.15361579722112331248 0.29159776989319724505 0.18165558234718090502 0.11523691128906315972 0.05735596693668331553 0.15233138815815291944 
0.02063696793040463440 0.00000000100000000000 0.18699435245170142883 0.35344416664809180650 0.21294089284458550537 0.07206935194367108943 0.00000002560040115730 0.15391424158114444531 
0.01683045380521041440 0.01642510626124088838 0.11158352936450537107 0.36840086369277397216 0.19416146847530213471 0.10472944581464936620 0.07830920567093424545 0.10955992691538360417 
0.00000000099999999999 0.00000000099999999999 0.00000000099999999999 0.73192489625163759115 0.26807446341711044235 0.00000063533125204859 0.00000000099999999999 0.00000000099999999999 
0.00136854835381889218 0.04420676905599119078 0.17869996689263381584 0.39341921384013739393 0.18866916414851453432 0.08079763965425290628 0.00000010458299734189 0.11283859347165386966 
0.00000000099999999999 0.00000000099999999999 0.00000000099999999999 0.66110582964712794052 0.21332873654428485821 0.12556542880858723166 0.00000000099999999999 0.00000000099999999999 
0.00002187113100231847 0.00000005863289481367 0.16901414426499508648 0.42713510343171529060 0.17232617463604119057 0.08456731469525410883 0.01033073330004058085 0.13660459990805653985 
0.00101133822921588832 0.02809326851913209952 0.12338698790160948504 0.39884858211753265733 0.18368114559032427957 0.10179493623191257501 0.00139678708276395566 0.16178695432750905825 
0.00000000099999999999 0.00000000099999999999 0.00000000099999999999 0.71159955869692548269 0.28840042142086835808 0.00000001488220598853 0.00000000099999999999 0.00000000099999999999 
0.02016696306143847539 0.00002275755607506199 0.07938413168528611619 0.41677639067007599127 0.17543675373082420754 0.07448995588234508247 0.03628805046850799160 0.19743499694544694445 
0.00000000100000000000 0.00000000100000000000 0.13241647794119135173 0.45282373541626652624 0.20688859222321748232 0.08344133973614210886 0.00000035406092105126 0.12442949862226153346 
0.00000000100000000000 0.00000017903023322150 0.00000000100000000000 0.45722422469056905880 0.18863250860506131090 0.06346159775189226526 0.13313851615742725021 0.15754297176481679710 
0.01174192038970489800 0.04048919658128111859 0.16529541340067319122 0.34219153836857629791 0.20463887278680767401 0.07589235138935647440 0.00000001173528104091 0.15975069534831917717 
0.00000000100000000000 0.00000000100000000000 0.07144501821630958038 0.53333214307459586578 0.14889902650870920353 0.03728753265222423119 0.00000000100000000000 0.20903627654816103743 
0.02324338946013304597 0.00000003037878756881 0.09167005659617365187 0.40629146048177944284 0.22525262758942743435 0.09102314952296371164 0.00000000100000000000 0.16251928497073517277 
0.02268841033736752194 0.13989939515684124416 0.09539513343976561977 0.20840114062533673933 0.09885187771227882392 0.03197260527626993171 0.24685455937069714083 0.15593687808144296447 
0.00000000099999999995 0.00000000099999999995 0.00000000099999999995 0.99999999299999997593 0.00000000099999999995 0.00000000099999999995 0.00000000099999999995 0.00000000099999999995 
0.00000000099999999998 0.00000000099999999998 0.00000000099999999998 0.67564081074700355067 0.32435918325299645248 0.00000000099999999998 0.00000000099999999998 0.00000000099999999998 
0.04254395582493983308 0.01290340790146411558 0.11762661271440448540 0.33772248854935149609 0.24603892664913257216 0.06168753340179902039 0.00000000100000000000 0.18147707395890849691 
0.00000000099999999987 0.00000000099999999987 0.00000000099999999987 0.00000000099999999987 0.99999999299999997593 0.00000000099999999987 0.00000000099999999987 0.00000000099999999987 
0.00000000099999999988 0.00000000099999999988 0.00000000099999999988 0.00000000099999999988 0.99999999299999997593 0.00000000099999999988 0.00000000099999999988 0.00000000099999999988 
0.00000000099999999988 0.00000000099999999988 0.00000000099999999988 0.99999999300000008695 0.00000000099999999988 0.00000000099999999988 0.00000000099999999988 0.00000000099999999988 
0.00000000099999999987 0.00000000099999999987 0.00000000099999999987 0.99999999299999997593 0.00000000099999999987 0.00000000099999999987 0.00000000099999999987 0.00000000099999999987 
0.00000000099999999987 0.00000000099999999987 0.00000000099999999987 0.99999999300000008695 0.00000000099999999987 0.00000000099999999987 0.00000000099999999987 0.00000000099999999987 
0.00000000099999999986 0.00000000099999999986 0.00000000099999999986 0.00000000099999999986 0.99999999299999997593 0.00000000099999999986 0.00000000099999999986 0.00000000099999999986 
0.00000000099999999987 0.00000000099999999987 0.00000000099999999987 0.00000000099999999987 0.99999999300000008695 0.00000000099999999987 0.00000000099999999987 0.00000000099999999987 
0.00000000099999999986 0.00000000099999999986 0.00000000099999999986 0.00000000099999999986 0.99999999299999997593 0.00000000099999999986 0.00000000099999999986 0.00000000099999999986 
0.00000000099999999996 0.00000000099999999996 0.00000000099999999996 0.14912015738471656734 0.00000000099999999996 0.85087983661528343582 0.00000000099999999996 0.00000000099999999996 
0.00000000099999999996 0.00000000099999999996 0.00000000099999999996 0.00000000099999999996 0.00000000099999999996 0.99999999299999997593 0.00000000099999999996 0.00000000099999999996 
0.00000000099999999995 0.00000000099999999995 0.00000000099999999995 0.00000000099999999995 0.00000000099999999995 0.99999999299999997593 0.00000000099999999995 0.00000000099999999995 
0.00000000099999999996 0.00000000099999999996 0.00000000099999999996 0.00000000099999999996 0.00000000099999999996 0.99999999300000008695 0.00000000099999999996 0.00000000099999999996 
0.00000000099999999994 0.00000000099999999994 0.00000000099999999994 0.00000000099999999994 0.00000000099999999994 0.99999999300000008695 0.00000000099999999994 0.00000000099999999994 
0.00000000099999999993 0.00000000099999999993 0.00000000099999999993 0.00000000099999999993 0.00000000099999999993 0.99999999300000008695 0.00000000099999999993 0.00000000099999999993 
0.00000000099999999994 0.00000000099999999994 0.00000000099999999994 0.00000000099999999994 0.00000000099999999994 0.99999999300000008695 0.00000000099999999994 0.00000000099999999994 
0.00000000099999999995 0.00000000099999999995 0.00000000099999999995 0.00000000099999999995 0.00000000099999999995 0.99999999300000008695 0.00000000099999999995 0.00000000099999999995 
0.00000000099999999993 0.00000000099999999993 0.00000000099999999993 0.00000000099999999993 0.00000000099999999993 0.99999999300000008695 0.00000000099999999993 0.00000000099999999993 
0.00000000099999999993 0.00000000099999999993 0.00000000099999999993 0.00000000099999999993 0.00000000099999999993 0.99999999300000008695 0.00000000099999999993 0.00000000099999999993 
0.00000000099999999994 0.00000000099999999994 0.00000000099999999994 0.00000000099999999994 0.00000000099999999994 0.99999999300000008695 0.00000000099999999994 0.00000000099999999994 
0.00000000099999999995 0.00000000099999999995 0.00000000099999999995 0.00000000099999999995 0.00000000099999999995 0.99999999299999997593 0.00000000099999999995 0.00000000099999999995 
0.00000000099999999999 0.00000000099999999999 0.00000000099999999999 0.00000000099999999999 0.01775523289823131845 0.37060022869606579210 0.00000000099999999999 0.61164453340570290596 
0.00000000099999999993 0.00000000099999999993 0.00000000099999999993 0.00000000099999999993 0.00000000099999999993 0.99999999300000008695 0.00000000099999999993 0.00000000099999999993 
0.00000000099999999994 0.00000000099999999994 0.00000000099999999994 0.00000000099999999994 0.00000000099999999994 0.99999999300000008695 0.00000000099999999994 0.00000000099999999994 
0.00000000099999999994 0.00000000099999999994 0.00000000099999999994 0.00000000099999999994 0.00000000099999999994 0.99999999299999997593 0.00000000099999999994 0.00000000099999999994 
0.00000000099999999996 0.00000000099999999996 0.00000000099999999996 0.00000000099999999996 0.00000000099999999996 0.99999999300000008695 0.00000000099999999996 0.00000000099999999996 
0.00000000099999999994 0.00000000099999999994 0.00000000099999999994 0.00000000099999999994 0.00000000099999999994 0.99999999300000008695 0.00000000099999999994 0.00000000099999999994 
0.00000000099999999993 0.00000000099999999993 0.00000000099999999993 0.00000000099999999993 0.00000000099999999993 0.99999999300000008695 0.00000000099999999993 0.00000000099999999993 
0.00000000099999999994 0.00000000099999999994 0.00000000099999999994 0.00000000099999999994 0.00000000099999999994 0.99999999299999997593 0.00000000099999999994 0.00000000099999999994 
0.00000000099999999999 0.00000000099999999999 0.00000000099999999999 0.00000000099999999999 0.00000000099999999999 0.54567964214254049971 0.00000000099999999999 0.45432035185745955896 
0.00000000099999999994 0.00000000099999999994 0.00000000099999999994 0.00000000099999999994 0.00000000099999999994 0.99999999300000008695 0.00000000099999999994 0.00000000099999999994 
0.00000000099999999999 0.00000000099999999999 0.00000000099999999999 0.00000000099999999999 0.00000000099999999999 0.59837403672348610240 0.00000000099999999999 0.40162595727651390076 
0.00000000099999999994 0.00000000099999999994 0.00000000099999999994 0.00000000099999999994 0.00000000099999999994 0.99999999299999997593 0.00000000099999999994 0.00000000099999999994 
0.00000000099999999996 0.00000000099999999996 0.00000000099999999996 0.00000000099999999996 0.00000000099999999996 0.99999999299999997593 0.00000000099999999996 0.00000000099999999996 
0.00000000099999999993 0.00000000099999999993 0.00000000099999999993 0.00000000099999999993 0.00000000099999999993 0.99999999300000008695 0.00000000099999999993 0.00000000099999999993 
0.71957301908185067330 0.21887797414949353159 0.03491951363502376893 0.00314703734914607890 0.02348245278448611931 0.00000000100000000000 0.00000000100000000000 0.00000000100000000000 
0.00000000099999999999 0.99145763306979528551 0.00000000099999999999 0.00854236093020477490 0.00000000099999999999 0.00000000099999999999 0.00000000099999999999 0.00000000099999999999 
0.00486529526344426592 0.98946601053641725088 0.00000000099999999999 0.00566868920013863502 0.00000000099999999999 0.00000000099999999999 0.00000000099999999999 0.00000000099999999999 
0.81388428597741024895 0.15322312623998418646 0.00002243808153080840 0.00000000100000000000 0.00000000100000000000 0.00000000100000000000 0.03284181625908924596 0.00002833044198561441 
0.00000000099999999999 0.99999999300000008695 0.00000000099999999999 0.00000000099999999999 0.00000000099999999999 0.00000000099999999999 0.00000000099999999999 0.00000000099999999999 
0.00077627955689336513 0.99922371444310686961 0.00000000099999999999 0.00000000099999999999 0.00000000099999999999 0.00000000099999999999 0.00000000099999999999 0.00000000099999999999 
0.00000000099999999999 0.99999999300000008695 0.00000000099999999999 0.00000000099999999999 0.00000000099999999999 0.00000000099999999999 0.00000000099999999999 0.00000000099999999999 
0.05023665563824659258 0.87957284948476033293 0.00000000099999999999 0.00741364043968199132 0.00000000099999999999 0.00000000099999999999 0.06277685043731109915 0.00000000099999999999 
0.00000000099999999999 0.99999999300000019797 0.00000000099999999999 0.00000000099999999999 0.00000000099999999999 0.00000000099999999999 0.00000000099999999999 0.00000000099999999999 
0.00000000100000000000 0.99618281326376756368 0.00000000100000000000 0.00000000100000000000 0.00000000100000000000 0.00000000100000000000 0.00000000100000000000 0.00381718073623266846 
0.04908351354464574740 0.94450910602076498801 0.00000000915709129746 0.00000000100000000000 0.00640736727749800089 0.00000000100000000000 0.00000000100000000000 0.00000000100000000000 
0.00000020835369690978 0.98433975995247990909 0.00000000099999999999 0.00000000099999999999 0.01565933112896739088 0.00000000099999999999 0.00000069656485589319 0.00000000099999999999 
0.47617202699066479843 0.38753911227959286778 0.02289132023643297709 0.01717086068771657426 0.00546959185973245644 0.00000000100000000000 0.09075708594586023858 0.00000000100000000000 
0.03410227252103561341 0.56689451942600943557 0.00005589975537289641 0.00131686403546770045 0.02286381345292472916 0.00000000100000000000 0.35858170171361791745 0.01618492809557179474 
0.01942850338634418209 0.98057149061365600495 0.00000000099999999999 0.00000000099999999999 0.00000000099999999999 0.00000000099999999999 0.00000000099999999999 0.00000000099999999999 
0.05026847799906929842 0.94973151600093086433 0.00000000099999999999 0.00000000099999999999 0.00000000099999999999 0.00000000099999999999 0.00000000099999999999 0.00000000099999999999 
0.01575097008458808956 0.95532439482065389935 0.00000000100000000000 0.00000000100000000000 0.02154283679643264476 0.00738168079308891816 0.00000011450523639282 0.00000000100000000000 
0.03849081966597452109 0.88261458454947450125 0.00000000100000000000 0.00000000100000000000 0.04053554530486132290 0.00000000100000000000 0.03835904647968968462 0.00000000100000000000 
0.99999999300000019797 0.00000000099999999995 0.00000000099999999995 0.00000000099999999995 0.00000000099999999995 0.00000000099999999995 0.00000000099999999995 0.00000000099999999995 
0.07476578014673279649 0.89348892503476418092 0.02803629065320210889 0.00000000100000000000 0.00336812877842587472 0.00000000100000000000 0.00034087238687513299 0.00000000100000000000 
0.77504570158080432485 0.13237600454521533666 0.05469854195710959627 0.00586198969832176300 0.00000000100000000000 0.01059801474240106879 0.01440446388128322104 0.00701528259486482002 
0.71142683564446895783 0.15508578343719381376 0.02789336002126404160 0.00633456347503621488 0.00000000100000000000 0.00973126720339397705 0.08952818821864298726 0.00000000100000000000 
0.00000584176999531394 0.99999415223000465147 0.00000000099999999999 0.00000000099999999999 0.00000000099999999999 0.00000000099999999999 0.00000000099999999999 0.00000000099999999999 
0.00004176307693101368 0.99995823092306923563 0.00000000099999999999 0.00000000099999999999 0.00000000099999999999 0.00000000099999999999 0.00000000099999999999 0.00000000099999999999 
0.73215681789781150712 0.17708369163088549803 0.00518802906753514960 0.00000000289354894092 0.02863577049105122188 0.00367871589250583046 0.05325697112666192418 0.00000000100000000000 
0.00173424580157810308 0.99826574819842206487 0.00000000099999999999 0.00000000099999999999 0.00000000099999999999 0.00000000099999999999 0.00000000099999999999 0.00000000099999999999 
0.00000000099999999999 0.98054975822547585373 0.00000000099999999999 0.00000000099999999999 0.00000000104614517707 0.00000000099999999999 0.00000000099999999999 0.01945023572837923168 
0.79287075687663721713 0.11376790612320875073 0.00000000100000000000 0.00000000100000000000 0.00000000100000000000 0.00000000100000000000 0.09336133200015410416 0.00000000100000000000 
0.00000000099999999999 0.99999999300000019797 0.00000000099999999999 0.00000000099999999999 0.00000000099999999999 0.00000000099999999999 0.00000000099999999999 0.00000000099999999999 
0.00143756123664289578 0.99856243276335721060 0.00000000099999999998 0.00000000099999999998 0.00000000099999999998 0.00000000099999999998 0.00000000099999999998 0.00000000099999999998 
0.74624647054522696976 0.17231206533664458758 0.03151937111635116917 0.00523953118264377897 0.02180857944863337158 0.00000000100000000000 0.00000511738892300449 0.02286886398157701727 
0.00000054137930444777 0.95195534368323175833 0.00000000099999999999 0.00000000099999999999 0.00000000099999999999 0.00000000099999999999 0.04804410993746386499 0.00000000099999999999 
0.76109585147323144394 0.18315936293648585331 0.00000000100000000000 0.00000000100000000000 0.00874840133297604197 0.00000000100000000000 0.04699638025730669411 0.00000000100000000000 
0.80402938392346900986 0.14024959695454120023 0.05572043859724715165 0.00000000100000000000 0.00000000100000000000 0.00000000100000000000 0.00000056365378017877 0.00000001387096241174 
0.77697967087557950894 0.15513318142581622450 0.04249400078503686590 0.00000000099999999999 0.00000000099999999999 0.00000000099999999999 0.02539314291356737502 0.00000000099999999999 
0.81943145699401764848 0.08318464478007693563 0.00000000100000000000 0.00000000100000000000 0.00951210925144325634 0.00000000100000000000 0.08787178497446217207 0.00000000100000000000 
0.00000000099999999998 0.99999999300000019797 0.00000000099999999998 0.00000000099999999998 0.00000000099999999998 0.00000000099999999998 0.00000000099999999998 0.00000000099999999998 
0.00000000099999999999 0.96536992429097023827 0.03463003932589934358 0.00000000099999999999 0.00000002037966696034 0.00000000099999999999 0.00000000099999999999 0.00000001200346365029 
0.07440906081653246573 0.88881856493688837784 0.03677236924657929090 0.00000000099999999999 0.00000000099999999999 0.00000000099999999999 0.00000000099999999999 0.00000000099999999999 
0.05952470111411289205 0.84270984703684481687 0.00000000821576771996 0.02732405269925439542 0.00000000100000000000 0.00461185546648250604 0.06582953346753754598 0.00000000100000000000 
0.08872008916543777657 0.88782851478661706235 0.00000000099999999999 0.00000000099999999999 0.00000000099999999999 0.00000000099999999999 0.02345139104794535453 0.00000000099999999999 
0.63429857749903839625 0.25400031940583206458 0.04884506104912604563 0.02433682043396286077 0.00000981207710178337 0.00000000100000000000 0.00000000100000000000 0.03850940753493886648 
0.00000001152675664276 0.95987244726587539478 0.00000000099999999999 0.04012753620736798921 0.00000000099999999999 0.00000000099999999999 0.00000000099999999999 0.00000000099999999999 
0.06279071210425575533 0.91625221923116495493 0.00000000099999999999 0.00000000099999999999 0.02095706366457939299 0.00000000099999999999 0.00000000099999999999 0.00000000099999999999 
0.00000000099999999998 0.99999999300000008695 0.00000000099999999998 0.00000000099999999998 0.00000000099999999998 0.00000000099999999998 0.00000000099999999998 0.00000000099999999998 
0.38067350818785178346 0.52548936217814290472 0.00000000099999999999 0.06641303419439467670 0.00000000099999999999 0.00000000099999999999 0.02742409143961068926 0.00000000099999999999 
0.52126163795535818135 0.42018965132400037943 0.00000588516338329340 0.00689519237284955989 0.01279498340398509647 0.00009624017388054080 0.01811959682050019727 0.02063681278604270752 
0.04283368549013354815 0.92921947291350648346 0.02794683659636012368 0.00000000099999999999 0.00000000099999999999 0.00000000099999999999 0.00000000099999999999 0.00000000099999999999 
0.00466994377161650785 0.99533005022838361153 0.00000000100000000000 0.00000000100000000000 0.00000000100000000000 0.00000000100000000000 0.00000000100000000000 0.00000000100000000000 
0.62502879161024671451 0.37066605501808086442 0.00110073947338366418 0.00000000099999999999 0.00320440989828881494 0.00000000099999999999 0.00000000099999999999 0.00000000099999999999 
0.68386317311272137864 0.22332125990926190995 0.03397712243743219312 0.00000000100000000000 0.00932723613758848491 0.00654718059608274273 0.01751614302283211605 0.02544788378408132865 
0.59233111186131115478 0.31262699856645859153 0.00850209181381524765 0.00000000100000000000 0.02379337796086275839 0.00000000100000000000 0.06274641679755225965 0.00000000100000000000 
0.00000809208423996474 0.99999189783175734814 0.00000000099999999999 0.00000000099999999999 0.00000000099999999999 0.00000000099999999999 0.00000000508400287874 0.00000000099999999999 
0.05437385855441933397 0.94562581742935158946 0.00000000099999999999 0.00000000099999999999 0.00000031901622924560 0.00000000099999999999 0.00000000099999999999 0.00000000099999999999 
0.08660303785050636749 0.80607046203917342986 0.00000000099999999999 0.06173857776880991438 0.00000000099999999999 0.00000000099999999999 0.04558791834151027650 0.00000000099999999999 
0.72530211140557721006 0.23096617610862232861 0.00001232943879790253 0.00000000100000000000 0.00493477573871662495 0.00000000100000000000 0.03800226600162581042 0.00078233930666011999 
0.71461148675673569208 0.24501462064084353343 0.01628141743821889115 0.00000000100000000000 0.00000000100000000000 0.02400909150974593620 0.00008338065445586426 0.00000000100000000000 
0.03307691202793760360 0.92505087745574432478 0.00000000099999999999 0.04187220551631821303 0.00000000099999999999 0.00000000099999999999 0.00000000099999999999 0.00000000099999999999 
0.00000000099999999999 0.99999999216338919528 0.00000000099999999999 0.00000000183661083589 0.00000000099999999999 0.00000000099999999999 0.00000000099999999999 0.00000000099999999999 
0.00000000099999999999 0.99999999300000019797 0.00000000099999999999 0.00000000099999999999 0.00000000099999999999 0.00000000099999999999 0.00000000099999999999 0.00000000099999999999 
0.00000000099999999999 0.99999999300000019797 0.00000000099999999999 0.00000000099999999999 0.00000000099999999999 0.00000000099999999999 0.00000000099999999999 0.00000000099999999999 
0.04630391494975941158 0.95361139362804192565 0.00008468642219875267 0.00000000099999999999 0.00000000099999999999 0.00000000099999999999 0.00000000099999999999 0.00000000099999999999 
0.05150811036017995115 0.87393485383994951032 0.00000000099999999999 0.02421074331077249092 0.00000000099999999999 0.00000000099999999999 0.05034628848909798032 0.00000000099999999999 
