0.02914884827482283267 0.03658115284271269002 0.03389168708985534212 0.76201536390880830751 0.13836294788380085197 
0.00000000100000000000 0.04035284961453622365 0.00000000100000000000 0.84844544365752228021 0.11120170472794134453 
0.00048526033364673871 0.00180431120542295042 0.11671206292342702071 0.85041887228644008623 0.03057949325106325625 
0.07494538165064947022 0.05157028626846046904 0.11489953508319332431 0.75858479599769668145 0.00000000100000000000 
0.03111810027863774059 0.02024713020037928815 0.03358840443490929140 0.79480395542379544960 0.12024240966227814353 
0.04341786281370688810 0.02679716695386780492 0.13155831019904523638 0.79822663122959092163 0.00000002880378919234 
0.00000000100000000000 0.04893047843092763333 0.16989861799012059840 0.73157328290541057125 0.04959761967354110734 
0.00142515703505802878 0.06917126312093621610 0.06889359432888324253 0.84364371401522786353 0.01686627149989469374 
0.03734121272798234664 0.09741825484797110579 0.00018637252764982785 0.80119175973225109644 0.06386240016414551635 
0.04638268231386956375 0.08068092094041928730 0.02126179736203989007 0.79245557669222344011 0.05921902269144781877 
0.03417651458468215497 0.00784034811626099608 0.00000000100000000000 0.78393730478419587637 0.17404583151486094361 
0.00727251785183668457 0.01489235804748256092 0.00000000100000000000 0.85433342060019890063 0.12350170250048200793 
0.02232942240515960186 0.00000000100000000000 0.02445027127963848856 0.87495732423679617451 0.07826298107840574947 
0.00013088828782752834 0.02272175707870052047 0.16064597947434361425 0.81650137415912826810 0.00000000100000000000 
0.03580312173407969312 0.00000000100000000000 0.09301657403117731537 0.77659570832186586298 0.09458459491287708742 
0.01519984373202398417 0.00000000100000000000 0.07154002754673025044 0.77493828409462339746 0.13832184362662242050 
0.04978231170249324683 0.05265836456153041856 0.00000000100000000000 0.79309275198730333489 0.10446657074867297943 
0.03944889096721938826 0.01734495105699970091 0.07248380278078865591 0.73545610856197007887 0.13526624663302225238 
0.01201264860621018352 0.01759968577074104076 0.03908449861192828112 0.76037897017969280355 0.17092419683142767717 
0.00001524550485241653 0.03737313506508901928 0.01606810099325544153 0.81027910583434514802 0.13626441260245802933 
0.03599267479453137353 0.00184446818409939408 0.05779521030887799227 0.81132309410480196732 0.09304455260768931812 
0.05987947734628518842 0.02812350268313511259 0.00000000100000000000 0.81139838451555368337 0.10059863445502610635 
0.02937093278416356978 0.00544065467330744935 0.07394608417858865301 0.75180310261432059526 0.13943922574961975513 
0.01330991209045549219 0.00000000100000000000 0.00001675811738242814 0.87363873898571553500 0.11303458980644663645 
0.02966453358736131918 0.00860575777956241669 0.09330349492019583690 0.75637381795591029920 0.11205239575697015231 
0.00150895079975654441 0.03598075741459497850 0.04781683758446531041 0.81558825939624923773 0.09910519480493398814 
0.00000000100000000000 0.00000036687483133781 0.11535192854697644271 0.75201954368770818071 0.13262815989048409859 
0.02189268558505562748 0.06509153105448638177 0.03454939150979564888 0.77687744396300939531 0.10158894788765290840 
0.04828647072708949078 0.00000316198617033703 0.05535014674598859319 0.74547837247913062431 0.15088184806162094342 
0.02047047630000640994 0.02682113698842539945 0.01983152604080638121 0.80626143949610507011 0.12661542117465685031 
0.06363886348572965479 0.00000000100000000000 0.07114782819063650288 0.76607497303848526293 0.09913833428514866319 
0.02896052454925134023 0.00000000100000000000 0.07243587961504986683 0.84470326732846268136 0.05390032750723611904 
0.05040967899452939577 0.01903601137629983356 0.00001616990266657342 0.78527223063962003913 0.14526590908688410964 
0.00000000100000000000 0.01033893274718418638 0.07830933701517987788 0.82759654183193853694 0.08375518740569751208 
0.00207490138915725209 0.05674480142031667479 0.10080366080571308285 0.80448420551522470401 0.03589243086958823076 
0.06109301434079048715 0.03471522963010370555 0.03211105713071434054 0.73890124692807945816 0.13317945197031208493 
0.00000000099999999999 0.03304201215985522189 0.00000000099999999999 0.86549898382653889239 0.10145900201360601167 
0.02281731837828975679 0.01301934924364953061 0.09322683252703999057 0.76414406464700801447 0.10679243520401263123 
0.01539795844518789501 0.02731382334228630790 0.00000000100000000000 0.92130992319931204193 0.03597829401321374354 
0.06458140583263395629 0.05308291557634159386 0.00000000100000000000 0.78981204117077463689 0.09252363642024967472 
0.00593295111483845179 0.00855824662712852992 0.03925801023789665667 0.79863634825360785285 0.14761444376652843591 
0.02063200991221500122 0.03866012627803183666 0.06809133310704156006 0.76197731068922680553 0.11063922001348484858 
0.00000000100000000000 0.02118014875233633493 0.07165681547361636705 0.80968235260396415054 0.09748068217008311331 
0.00297744325008807761 0.01656466238812943914 0.05571050263755805004 0.80077268217086505775 0.12397470955335940235 
0.01573627568578018707 0.00000149288975459885 0.11182126747068678319 0.75918628696350554108 0.11325467699027297330 
0.00022502260757361527 0.00213312287593041792 0.05832331377226240149 0.76892675885789707468 0.17039178188633663513 
0.00000000100000000000 0.00000041563603181664 0.11282321846842602309 0.74551725939815072230 0.14165910549739149649 
0.01753813191224175630 0.03739963346489047491 0.08229626632792824692 0.73424256381940078420 0.12852340447553872727 
0.01643773884041320119 0.00700288894793798557 0.16597461685251324592 0.69021015966170984335 0.12037459569742570142 
0.02015245447360475631 0.00000000100000000000 0.18220683096409573398 0.79764071256229951423 0.00000000100000000000 
0.06578480405027316291 0.00000000100000000000 0.03466525627682714300 0.75626675910496543587 0.14328317956793445997 
0.00000000100000000000 0.03108534525201923568 0.06230541061258051960 0.72678935068088224014 0.17981989245451812653 
0.03309915280345326893 0.03504930911792428216 0.00000631002668002030 0.84294599586738583330 0.08889923218455653142 
0.00064076005124846672 0.02831688189818253737 0.10525174964919892240 0.72025615318465596726 0.14553445521671412588 
0.05496971206081809752 0.00000300426625809756 0.13328416854503852274 0.78101312000601663676 0.03072999512186868828 
0.10290039484463170405 0.02679950323015539357 0.02779180712371863773 0.70731600788086845810 0.13519228692062582042 
0.00000000099999999999 0.07938755982503645225 0.00000000099999999999 0.51987756452388111938 0.40073487365108245717 
0.02708246902812665169 0.01118302970478607383 0.10095426053338316108 0.79118757511727677567 0.06959266561642744875 
0.07039329463893695404 0.00053595976026485283 0.02295807512448326190 0.75713791673709296415 0.14897475373922194897 
0.07215731664668760537 0.03723193751223358161 0.04794420737056610815 0.62453868574409199255 0.21812785272642068457 
0.04992495117292637674 0.01665610267322550214 0.07972457232994972776 0.68518472082718728799 0.16850965299671097353 
0.04011577197040454290 0.00636020457678150922 0.08623185654786147403 0.81929490181326025677 0.04799726509169228994 
0.00040185902569554206 0.07095407107758701371 0.11622118136434746172 0.74644213114019286603 0.06598075739217711122 
0.00263495106464605843 0.00994606004443241223 0.00000000100000000000 0.82457169701523969074 0.16284729087568181050 
0.02019119439799825846 0.00271048498423785960 0.11214894584058641980 0.77186971886855848535 0.09307965590861902450 
0.04500147801528563835 0.01262941592070843111 0.04112694981384185794 0.84533033420595315999 0.05591182204421100976 
0.01870760011306559292 0.03162620380806413500 0.20027967166750437755 0.74323487827498380121 0.00615164613638217398 
0.03896859545922859436 0.04785030399300563286 0.09844356646111486475 0.70225489860973899781 0.11248263547691195186 
0.01548360931582948644 0.00000000100000000000 0.09237058863732419689 0.74519537816084568949 0.14695042288600054792 
0.03965748498632765823 0.00000000100000000000 0.07739418920061479079 0.75808031272058495897 0.12486801209247257172 
0.03727970856355285190 0.03144817403202848638 0.09731766101430763816 0.72942132212273846914 0.10453313426737266545 
0.00000000100000000000 0.06080447006188046538 0.04438592436186550305 0.50154928116546770855 0.39326032341078626109 
0.04566213250366744220 0.00517494332430097365 0.10799110503097404667 0.84117181814105757010 0.00000000100000000000 
0.05631776247671137908 0.00407783088320456347 0.12137495744882340065 0.81822944819126064431 0.00000000100000000000 
0.05562522426009550852 0.03980108733641114088 0.01207028147397741329 0.75047771805805396639 0.14202568887146185816 
0.05867237656345258151 0.05518115439801286187 0.03712554375191396555 0.77535444809661446808 0.07366647719000608829 
0.03766506617712775395 0.02432183182993928605 0.04749091096555715930 0.79496638211146519737 0.09555580891591063109 
0.03706784534930941677 0.00000015401929334385 0.17720137205969291316 0.78573062757170430981 0.00000000100000000000 
0.01865545204851012245 0.04910209626124977661 0.00000199769080635760 0.93224044875101153007 0.00000000524842227190 
0.05748358150431050889 0.04043025199852980089 0.00000000100000000000 0.78389549520740209321 0.11819067028975759059 
0.00000000099999999999 0.04121446384604855739 0.00000000099999999999 0.45132963983300666833 0.50745589432094473370 
0.03129654161712550758 0.00002486357140410348 0.04122797656971909086 0.74566555670463452454 0.18178506153711673776 
0.00000000100000000000 0.02614444362006802802 0.11617135143061353697 0.78188073201331009798 0.07580347193600824041 
0.04355795633931429378 0.05540781377777289490 0.00000000100000000000 0.76062200202626883971 0.14041222685664395131 
0.02193751500895804035 0.04337062925973823174 0.14375446485427667564 0.67070465147793845162 0.12023273939908862840 
0.01696435294777984965 0.03164343892246321982 0.07670239617715576830 0.83412592860824574803 0.04056388334435533788 
0.00004519070904310152 0.03133069239744620121 0.20971284048309055126 0.75891117938654084618 0.00000009702387923751 
0.00889197406587033910 0.01933419660910693644 0.06483563509214365639 0.72755075748883590858 0.17938743674404314388 
0.03273724059276407472 0.04010097145430377430 0.07872142958098309051 0.81507943995739107201 0.03336091841455800927 
0.03464776307921647175 0.01189980064458042233 0.05669308456862634515 0.72697798028645255197 0.16978137142112423308 
0.02606191671753416497 0.01337297831643647662 0.09545555380252603028 0.80121556886807066000 0.06389398229543277741 
0.00000000100000000000 0.01953108661351583494 0.13869321201731329984 0.84177569936917084892 0.00000000100000000000 
0.00119046663926621055 0.03166370893918669244 0.13247826103161192135 0.72492850022031041224 0.10973906316962477037 
0.03849164871171142921 0.02613380364908824902 0.16522091142045730594 0.77015357525372007963 0.00000006096502291432 
0.04753702928691989904 0.00266525805871997397 0.03515349974658021209 0.77172990107193972786 0.14291431183584013542 
0.01878544075622472220 0.02637968123395726533 0.12644459646670705433 0.68872252282308710214 0.13966775872002393233 
0.02731459737012213382 0.00000000100000000000 0.07951542816771399458 0.30008745671673242583 0.59308251674543155385 
0.04808237598894490178 0.00000000100000000000 0.10788566821842400512 0.19477347483164608732 0.64925847996098484671 
0.04343694650688911113 0.00000000100000000000 0.11021942769906442616 0.17970213607658969135 0.66664148871745665392 
0.03556062776528609581 0.00000000100000000000 0.05348736074936835672 0.26148085329823184120 0.64947115718711379007 
0.06095162680627051049 0.04920145995027522950 0.08275832111488716503 0.24748072801614112715 0.55960786411242602334 
0.07281797020570951462 0.00000000100000000000 0.04314078782716376098 0.22116981280576253344 0.66287142816136424006 
0.04777720945644935158 0.03264908947055996519 0.10038456504012463477 0.22738400162386712688 0.59180513440899895627 
0.05828462262592414705 0.00167789450871401826 0.04690200506532964803 0.25490930948569984205 0.63822616831433220952 
0.03236497553726682547 0.00000000100000000000 0.12029879548590041716 0.18511918351627473789 0.66221704446055795756 
0.01390096791899816248 0.03659765318802586653 0.07218341141609796452 0.22584554300395540127 0.65147242447292252887 
0.04737657212259896444 0.00542545885902308723 0.06394440783101838777 0.22797647953961783229 0.65527708164774167710 
0.03573366513028208846 0.05783303254504602170 0.05575484104478784647 0.25898854163349882551 0.59168991964638517622 
0.05356657722602465449 0.02111745040710211532 0.03430755974684506632 0.21418981975556034003 0.67681859286446777180 
0.02893788545948779503 0.00220893018948334135 0.09493675774522665478 0.19168847514401113341 0.68222795146179104897 
0.00219521694745181866 0.03296298231202143825 0.08718506365782127676 0.23627653666136480548 0.64138020042134069598 
0.00000000100000000000 0.00000000100000000000 0.10605120357669946263 0.22770452574464430939 0.66624426867865627067 
0.01898328123567817605 0.00018908563599911619 0.12285591804828537021 0.20807900148556407460 0.64989271359447320364 
0.00000001590085620200 0.00477838061856913562 0.09199512157178614535 0.19718212681844854428 0.70604435509034002560 
0.00026704068322980500 0.00294373697193514973 0.10487216253157975732 0.20274303940691718040 0.68917402040633812810 
0.08131118269370170293 0.00000224469462315122 0.19902703448067360359 0.29674567377429578174 0.42291386435670580424 
0.05687922684943311213 0.00000000100000000000 0.09046417054077178499 0.21096397046917189644 0.64169263114062335962 
0.02391915469799257496 0.00000000100000000000 0.11947513185397182212 0.18146160504117794798 0.67514410740685770751 
0.04458683306926147782 0.00036120803595554053 0.07959521208681706594 0.21722972358784123359 0.65822702322012471843 
0.09568958287511220018 0.00000000100000000000 0.06404075442380242900 0.17153196150648772345 0.66873770019459755076 
0.00000000100000000000 0.00000000100000000000 0.08745663374956474945 0.21745288691418063198 0.69509047733625473064 
0.01509510131024828852 0.00002553041844001545 0.11344444575237930262 0.17423846739019976937 0.69719645512873262838 
0.08298735357894003462 0.00003978905582972875 0.02633973972217027587 0.21719670567318738463 0.67343641196987258368 
0.01207972605086707688 0.01368808472372303950 0.19084737656755090818 0.16995279309231342557 0.61343201956554549437 
0.00002647570754823805 0.00000000100000000000 0.09310750530676326076 0.21709890415949181786 0.68976711382619659840 
0.02492779110331577730 0.04331308468786838201 0.08965819078832844291 0.27448043530006882573 0.56762049812041859287 
0.06684373763160576798 0.03497690778710867837 0.00346389334226946798 0.24590063005616880076 0.64881483118284732914 
0.00000000099999999999 0.99999999600000000211 0.00000000099999999999 0.00000000099999999999 0.00000000099999999999 
0.00000000099999999998 0.99999999600000011313 0.00000000099999999998 0.00000000099999999998 0.00000000099999999998 
0.00000000099999999998 0.99999999600000000211 0.00000000099999999998 0.00000000099999999998 0.00000000099999999998 
0.00000000099999999999 0.99999999600000011313 0.00000000099999999999 0.00000000099999999999 0.00000000099999999999 
0.00000000099999999998 0.99999999600000011313 0.00000000099999999998 0.00000000099999999998 0.00000000099999999998 
0.00000000099999999997 0.99999999600000011313 0.00000000099999999997 0.00000000099999999997 0.00000000099999999997 
0.00000000099999999998 0.99999999600000000211 0.00000000099999999998 0.00000000099999999998 0.00000000099999999998 
0.00000000099999999999 0.99999999600000000211 0.00000000099999999999 0.00000000099999999999 0.00000000099999999999 
0.00000000099999999997 0.99999999600000011313 0.00000000099999999997 0.00000000099999999997 0.00000000099999999997 
0.00000000099999999996 0.99999999600000000211 0.00000000099999999996 0.00000000099999999996 0.00000000099999999996 
0.00000000099999999997 0.99999999600000000211 0.00000000099999999997 0.00000000099999999997 0.00000000099999999997 
0.00000000099999999998 0.99999999600000011313 0.00000000099999999998 0.00000000099999999998 0.00000000099999999998 
0.00000000099999999998 0.29773176517701321897 0.00000000099999999998 0.00000000099999999998 0.70226823182298669934 
0.00000000099999999997 0.99999999600000000211 0.00000000099999999997 0.00000000099999999997 0.00000000099999999997 
0.00000000099999999998 0.99999999600000011313 0.00000000099999999998 0.00000000099999999998 0.00000000099999999998 
0.00000000099999999998 0.99999999600000000211 0.00000000099999999998 0.00000000099999999998 0.00000000099999999998 
0.00000000099999999998 0.99999999600000011313 0.00000000099999999998 0.00000000099999999998 0.00000000099999999998 
0.00000000099999999999 0.99397639579552454769 0.00602360120447551634 0.00000000099999999999 0.00000000099999999999 
0.00000000099999999997 0.99999999600000000211 0.00000000099999999997 0.00000000099999999997 0.00000000099999999997 
0.00000000099999999997 0.99999999600000000211 0.00000000099999999997 0.00000000099999999997 0.00000000099999999997 
0.00000000099999999999 0.99999999600000011313 0.00000000099999999999 0.00000000099999999999 0.00000000099999999999 
0.00000000100000000000 0.58295677461041006673 0.00531400855247259746 0.00495840850102280840 0.40677080733609455310 
0.00000000099999999998 0.99999999600000011313 0.00000000099999999998 0.00000000099999999998 0.00000000099999999998 
0.00000000099999999999 0.62749309435024802628 0.00000000099999999999 0.00000000099999999999 0.37250690264975194754 
0.00000000099999999997 0.99999999600000011313 0.00000000099999999997 0.00000000099999999997 0.00000000099999999997 
0.00000000099999999998 0.99999999600000000211 0.00000000099999999998 0.00000000099999999998 0.00000000099999999998 
0.00000000099999999998 0.99999999600000000211 0.00000000099999999998 0.00000000099999999998 0.00000000099999999998 
0.00000000099999999997 0.99999999600000000211 0.00000000099999999997 0.00000000099999999997 0.00000000099999999997 
0.71074392000075858888 0.00000000100000000000 0.20413347461038916508 0.07442079114018479435 0.01070181324866757537 
0.00000000100000000000 0.00925430248316510932 0.97589887545979647765 0.00000000100000000000 0.01484682005703837245 
0.00249024000849742229 0.00000000100000000000 0.99750957109079130269 0.00000000100000000000 0.00000018690071139838 
0.73898729741485336131 0.01176030361382096948 0.20751130781014109905 0.04173908223754572294 0.00000200892363881042 
0.06302847017315427181 0.00000000100000000000 0.90763828598325524410 0.02933324184359057882 0.00000000100000000000 
0.02757582472203229385 0.00000000100000000000 0.95855784782771402686 0.00804870240830510113 0.00581762404194854834 
0.00000000099999999999 0.00000000099999999999 0.99999999599999989108 0.00000000099999999999 0.00000000099999999999 
0.04258329721347738767 0.01056927122354521346 0.90142425489516520010 0.04542317566781226001 0.00000000100000000000 
0.00000000099999999999 0.00000000099999999999 0.99999999599999989108 0.00000000099999999999 0.00000000099999999999 
0.01898664051489913976 0.00355052836924074286 0.97746098957015115083 0.00000000100000000000 0.00000184054570901069 
0.02554251385020810117 0.00000000100000000000 0.96602532930582130088 0.00000000100000000000 0.00843215484397063716 
0.00451975615958505328 0.00000000100000000000 0.99548017965858515144 0.00000006218182967387 0.00000000100000000000 
0.43268326474829360562 0.02328351948028682325 0.46349854896897829670 0.07869377044338399241 0.00184089635905719919 
0.03470186344399948941 0.00000000100000000000 0.62250468354534438387 0.34080753809898672868 0.00198591391166928061 
0.04810289039054838067 0.00000000100000000000 0.92231976833739814925 0.02957733927205339480 0.00000000100000000000 
0.06029495622339321736 0.00000000100000000000 0.93970504077660677034 0.00000000100000000000 0.00000000100000000000 
0.03957583826187079795 0.01393501579131045491 0.92760292599994464968 0.01539096190991653609 0.00349525803695757697 
0.04486969072265464126 0.00000000100000000000 0.91734837046273887129 0.00026979975689535334 0.03751213805771106552 
0.99999999600000000211 0.00000000099999999997 0.00000000099999999997 0.00000000099999999997 0.00000000099999999997 
0.04660014387160094779 0.00000000100000000000 0.92662933389677026863 0.00968389060601130940 0.01708663062561743481 
0.72973311714075783652 0.02024052321728810055 0.18430847400155331295 0.03739213890903835685 0.02832574673136250415 
0.66934380800119119836 0.00000000100000000000 0.23106321054873413257 0.08849630860719950864 0.01109667184287519912 
0.01230909266254675595 0.00000000100000000000 0.97104508425027946661 0.00000000100000000000 0.01664582108717389125 
0.00000000099999999999 0.00000000099999999999 0.99999999599999989108 0.00000000099999999999 0.00000000099999999999 
0.67837903932763676806 0.00096688897157598129 0.18513469418045119808 0.09918622426957512950 0.03633315325076099528 
0.00000000099999999999 0.00000000099999999999 0.99999999599999989108 0.00000000099999999999 0.00000000099999999999 
0.00000000099999999999 0.00000000099999999999 0.95281218506757936471 0.00000000099999999999 0.04718781193242065075 
0.71781474017356794448 0.00000000539802706232 0.16451756942212580892 0.10783023642683423060 0.00983744857944499930 
0.04518685263231537325 0.00000151325571174659 0.95481163211197284113 0.00000000100000000000 0.00000000100000000000 
0.34977950783558964254 0.12715866370093276139 0.14546639051244622531 0.29131870830569456254 0.08627672964533666944 
0.03280531275033653216 0.01177096752936146289 0.92011743500959042308 0.03530628371071167781 0.00000000100000000000 
0.03105475590431855740 0.00000000183017709796 0.95140845795052508826 0.00000000100000000000 0.01753678331497934492 
0.00891107510829078353 0.00000000099999999999 0.99108892189170916254 0.00000000099999999999 0.00000000099999999999 
0.60920867148253687873 0.00000001821602879733 0.34552609773330533738 0.00058004358987712396 0.04468516897825183798 
0.70808054811165910269 0.00112731662376524080 0.23448949785778000487 0.00677466639085129701 0.04952797101594425683 
0.00000000100000000000 0.01075540191196537251 0.98924459224510330468 0.00000000384293135009 0.00000000100000000000 
0.71173649319675413860 0.00000001660401660653 0.25980493366546236755 0.01771723282830357099 0.01074132370546333932 
0.72170495872514217606 0.00000000100000000000 0.20546048838988256735 0.04624074716651663253 0.02659380471845856214 
0.72416866790049372327 0.00000000100000000000 0.21195980131361957799 0.06387152878588678306 0.00000000100000000000 
0.76530528063143565820 0.00106030197541679794 0.16717871533416925334 0.04600240923437205753 0.02045329282460609313 
0.00000000099999999999 0.00000000099999999999 0.99999999600000000211 0.00000000099999999999 0.00000000099999999999 
0.00000000100000000000 0.01875615091613188831 0.98124384608386805429 0.00000000100000000000 0.00000000100000000000 
0.06098901731828403061 0.00000000100000000000 0.90764025526657943210 0.03137072541513656609 0.00000000100000000000 
0.09294697331847794064 0.00746097739313360264 0.82523418763188749470 0.05300174124326654385 0.02135612041323446328 
0.07521223451423465767 0.00000000100000000000 0.88100092095030635431 0.04378684253545901683 0.00000000100000000000 
0.63449688238678336738 0.00000000100000000000 0.27375328803643550479 0.01708059273699705227 0.07466923583978411771 
0.03128378110626710978 0.00812992882969877997 0.94186607955432444239 0.00553520817087632590 0.01318500233883336190 
0.08294991558022150879 0.00003225156169747296 0.91701522816755332013 0.00000000100000000000 0.00000260369052770299 
0.03617188972587456752 0.00000000099999999999 0.96382810727412548957 0.00000000099999999999 0.00000000099999999999 
0.34635543677313734845 0.00000000100000000000 0.57237485292070389153 0.06548649579476567562 0.01578321351139296350 
0.48970534577886370986 0.03551000907052565686 0.45254576804546947644 0.02223886192359722166 0.00000001518154397164 
0.04910126723516282377 0.00000000099999999999 0.92813552676389732277 0.02276320400093988228 0.00000000099999999999 
0.00002644932128511643 0.01500449182183172595 0.96201046678564017256 0.02291482986109056111 0.00004376221015243388 
0.58667583120766375604 0.00143094442704207289 0.39520223332359205592 0.01669099004170194328 0.00000000100000000000 
0.67843204730270845193 0.00958448743562813170 0.21090796127930669379 0.07050561304123670325 0.03056989094112021535 
0.58771057495574730023 0.00107328202835661269 0.32839116847774030283 0.08281487132236685367 0.00001010321578881721 
0.05747352056161212502 0.00651647705465832443 0.93600998339490515399 0.00000001798882436698 0.00000000100000000000 
0.04146046704511407999 0.00000000099999999999 0.95853952995488589384 0.00000000099999999999 0.00000000099999999999 
0.11620866449374050999 0.00781890854567588063 0.84199139468110117956 0.02984120443735956141 0.00413982784212288575 
0.67498850234879759213 0.00000000100000000000 0.23251704921357188582 0.07386021448521777610 0.01863423295241278810 
0.66622329588201101291 0.01387495969334369417 0.25693126504758678763 0.04520778800625524507 0.01776269137080311450 
0.02678749455560103937 0.01450624514059003535 0.92879177409523294706 0.02324054946656092455 0.00667393674201516816 
0.00000000100000000000 0.00003963995522208922 0.99996008148535808768 0.00000027655941987282 0.00000000100000000000 
0.00000000100000000000 0.00000000100000000000 0.99999803274724063940 0.00000196425275921150 0.00000000100000000000 
0.00000002368118939111 0.00000000100000000000 0.99701205063237929860 0.00298792368643135920 0.00000000100000000000 
0.01362579528406825287 0.00000000099999999999 0.98637420171593170881 0.00000000099999999999 0.00000000099999999999 
0.05340926008487259513 0.00000000100000000000 0.90511881191587051365 0.04147192599925682982 0.00000000100000000000 
0.00000526684197542479 0.00000000099999999999 0.92120291028912215658 0.07879182086890240688 0.00000000099999999999 
0.68678893695099196837 0.00396669797466841015 0.22629756290059901969 0.06547504493624456412 0.01747175723749609666 
0.74888469451779604569 0.00000000100000000000 0.15922954654075088810 0.09075472794487217387 0.00113102999658086837 
0.05393059165316014397 0.04173336790293825233 0.88430859962073915526 0.02002743982316230673 0.00000000100000000000 
0.01029835838806875473 0.00000000100000000000 0.93294467417864601622 0.05675696543328524052 0.00000000100000000000 
0.64907809518840309249 0.00649131758853412327 0.27084600347662529662 0.05749416247578631456 0.01609042127065102648 
0.49905658559664506368 0.00166489035635379655 0.39003756490424390524 0.08702785472964888469 0.02221310441310821171 
0.00015183071735999193 0.00000000100000000000 0.98771424404716190448 0.01213392323547813310 0.00000000100000000000 
0.01816123573485067463 0.01309872884175215108 0.96874003342339731759 0.00000000100000000000 0.00000000100000000000 
0.00810308748800218394 0.00000000100000000000 0.99189690951199771529 0.00000000100000000000 0.00000000100000000000 
0.03922234339305888384 0.00000000100000000000 0.96077765360694122876 0.00000000100000000000 0.00000000100000000000 
0.73740049905898974458 0.00501507316409228934 0.20366784032141824201 0.04187272247918586571 0.01204386497631378290 
0.75928657526909848485 0.00000000100000000000 0.12728261241913282897 0.06541034471607150291 0.04802046659569706583 
0.00514810318929237454 0.00000000100000000000 0.99154657571459403620 0.00056516234580898553 0.00274015775030456371 
0.00000000099999999999 0.00000000099999999999 0.99999999599999989108 0.00000000099999999999 0.00000000099999999999 
0.68003246277662776631 0.00000000100000000000 0.25741375817408151949 0.05031233882614506020 0.01224143922314573606 
0.73498610941082498371 0.03078547514085116024 0.18796606437107532539 0.04626235007724844445 0.00000000100000000000 
0.80475409131395392315 0.00000117194737409991 0.10631908014886867764 0.07147909196510676688 0.01744656462469646938 
0.55469333525914099603 0.02240201084665007988 0.38111668388586167344 0.04178796900834719219 0.00000000100000000000 
0.10467688686509890594 0.01599120142038007453 0.87933190971452102058 0.00000000100000000000 0.00000000100000000000 
0.68858316776705252860 0.02572377175118042980 0.22494647261248290615 0.06074645967046638645 0.00000012819881777549 
0.47834969532522436664 0.01007282352101292709 0.46344337170686328298 0.04813410811395751887 0.00000000133294194097 
0.01527008317847713091 0.00000000100000000000 0.91114665892356017096 0.06315310781930745521 0.01043014907865525039 
0.00000000099999999999 0.00000000099999999999 0.99999999599999989108 0.00000000099999999999 0.00000000099999999999 
0.00000000100000000000 0.00000000100000000000 0.99999999599999989108 0.00000000100000000000 0.00000000100000000000 
0.68135103046310063757 0.01164090218742930977 0.17155814791208420789 0.05745426874270470607 0.07799565069468106238 
0.00000000099999999999 0.00000000099999999999 0.99999999599999989108 0.00000000099999999999 0.00000000099999999999 
0.00000009550728045759 0.01053477522543190201 0.98946512726728774734 0.00000000100000000000 0.00000000100000000000 
0.06188007764899495361 0.00000000295770234393 0.91168848481381536963 0.02566674941787197572 0.00076468516161534369 
0.00000000099999999999 0.00000000099999999999 0.99999999600000000211 0.00000000099999999999 0.00000000099999999999 
0.00000000099999999999 0.01114071766476094037 0.98885927933523909417 0.00000000099999999999 0.00000000099999999999 
0.75085030583804535098 0.00000000100000000000 0.18527232214008163003 0.06387581616511077420 0.00000155485676239826 
0.06787301276533422301 0.00000000100000000000 0.91395363287311848222 0.00000000100000000000 0.01817335236154726114 
0.00000039989289793158 0.00000000099999999999 0.99999959710710195626 0.00000000099999999999 0.00000000099999999999 
0.51538939952511664266 0.00459357747225093080 0.42175328655285510004 0.05104303314242275569 0.00722070330735461331 
0.00000000100000000000 0.00000000100000000000 0.94076165449988513600 0.00000000100000000000 0.05923834250011482394 
0.00000000099999999999 0.00000000099999999999 0.99999999600000000211 0.00000000099999999999 0.00000000099999999999 
0.01114214281253412576 0.00000000100000000000 0.98885785418746585673 0.00000000100000000000 0.00000000100000000000 
0.70605971058319749734 0.00000003025962127735 0.22334192110564507483 0.06454542755840468604 0.00605291049313160575 
0.00000000099999999999 0.00000000099999999999 0.99999999599999989108 0.00000000099999999999 0.00000000099999999999 
0.00000000100000000000 0.14924224846085523688 0.00000000100000000000 0.00000000100000000000 0.85075774853914476470 
0.02937357866608186763 0.00000000100000000000 0.13765967020192482195 0.19284469323477007596 0.64012205689722334601 
0.12154558538189103034 0.00000021632764721836 0.10972138832879496650 0.33634159690273951471 0.43239121305892730396 
0.02553445470843786549 0.02078814605542727081 0.11964445160640727051 0.26502664607768217087 0.56900630155204556804 
0.00000000099999999999 0.14182631752194882480 0.00000000099999999999 0.00000000099999999999 0.85817367947805123229 
0.03718486056868166439 0.00020182459385618791 0.09667402774880380634 0.14808483441543068837 0.71785445267322756102 
0.00000000099999999999 0.23526750896793421908 0.00000000099999999999 0.00000000099999999999 0.76473248803206583801 
0.03783455644104716242 0.00005387958994497145 0.08906896783140146046 0.21827529821884708583 0.65476729791875942777 
0.02575868867389245406 0.00177771091826547001 0.05952206115747023935 0.31848955561746461473 0.59445198363290707722 
0.00443707746452278676 0.01819265994525697330 0.11546256722035504183 0.24778967121578002186 0.61411802415408522915 
0.00777679908678822335 0.02790089737110879736 0.08710119703626460763 0.23392465323464411986 0.64329645327119411302 
0.05259986464863491279 0.00000000100000000000 0.07301771532739498305 0.30923686065823124958 0.56514555836573887593 
0.06420925191525701792 0.02068159221583719398 0.08694186622135470499 0.29444999091488893717 0.53371729873266215982 
0.00000000100000000000 0.16519433601405966727 0.00000000100000000000 0.00000000100000000000 0.83480566098594044533 
0.00000000099999999999 0.19794931675001473104 0.00000000099999999999 0.00000000099999999999 0.80205068024998515952 
0.02222019860001517300 0.00000000100000000000 0.13440407225944989156 0.30194310349355640843 0.54143262464697849978 
0.45052975179915438764 0.01067384444506139750 0.35937143181338548903 0.14695488652664442930 0.03247008541575429480 
0.73671066145500563316 0.00000000100000000000 0.14739891547479586076 0.09071092133696932736 0.02517950073322929722 
0.04328843400237498973 0.00000000100000000000 0.00000000100000000000 0.00000000100000000000 0.95671156299762505348 
0.70886244253852359609 0.02825523842966348731 0.16287440882832793232 0.08455451609949136971 0.01545339410399351222 
0.39408328504756601207 0.05403413357071008838 0.06361465830869969529 0.04450364714021210616 0.44376427593281203565 
0.99999999600000000211 0.00000000099999999999 0.00000000099999999999 0.00000000099999999999 0.00000000099999999999 
0.77235753371742543738 0.00000036756351987458 0.19197654374830563917 0.00000000100000000000 0.03566555397074903933 
0.67839444829184958330 0.00000000733432248149 0.20672336963041840208 0.04556386982522842022 0.06931830491818118112 
0.99999999600000000211 0.00000000099999999997 0.00000000099999999997 0.00000000099999999997 0.00000000099999999997 
0.74955486796135140093 0.03534920268450558734 0.16324998230983833736 0.04162108834703501931 0.01022485869726994130 
0.99999999600000000211 0.00000000099999999997 0.00000000099999999997 0.00000000099999999997 0.00000000099999999997 
0.99999999600000000211 0.00000000099999999998 0.00000000099999999998 0.00000000099999999998 0.00000000099999999998 
0.99999999600000011313 0.00000000099999999997 0.00000000099999999997 0.00000000099999999997 0.00000000099999999997 
0.69531521655198214038 0.02745691492805396247 0.17094051472437499228 0.09514308698170882705 0.01114426681388005352 
0.75982749017447159812 0.00000000100000000000 0.16509496595852815592 0.05259179451517229098 0.02248574835182789305 
0.73466002351891845912 0.00000000100000000000 0.15707859285419820128 0.10218090064517282300 0.00608048198171049978 
0.80533697456187802732 0.00000000100000000000 0.19465858173236932904 0.00000444170575247081 0.00000000100000000000 
0.68365050660048098941 0.00000000100000000000 0.25016441401340527850 0.02849776134771842342 0.03768731703839516695 
0.99999999600000000211 0.00000000099999999998 0.00000000099999999998 0.00000000099999999998 0.00000000099999999998 
0.99999999600000000211 0.00000000099999999996 0.00000000099999999996 0.00000000099999999996 0.00000000099999999996 
0.70872849108180824285 0.00000000100000000000 0.22069836508934773112 0.06080015658158080538 0.00977298624726307547 
0.00000000099999999999 0.00000000099999999999 0.00000000099999999999 0.00000000099999999999 0.99999999599999989108 
0.01863362528233781026 0.00000000100000000000 0.00000071516195097827 0.00000000100000000000 0.98136565755571125713 
0.80492311360139612297 0.03425073518475230810 0.00000000100000000000 0.00000000100000000000 0.16082614921385171569 
0.00000000099999999999 0.00000000099999999999 0.00000000099999999999 0.00000000099999999999 0.99999999599999989108 
0.99999999600000011313 0.00000000099999999997 0.00000000099999999997 0.00000000099999999997 0.00000000099999999997 
0.49741863397660224244 0.00000000100000000000 0.35142544157913263581 0.15115592244426515056 0.00000000100000000000 
0.00000000099999999999 0.00000000099999999999 0.00000000099999999999 0.00000000099999999999 0.99999999599999989108 
0.99999999600000000211 0.00000000099999999997 0.00000000099999999997 0.00000000099999999997 0.00000000099999999997 
0.70161072520509015771 0.00000000100000000000 0.20327443756328297808 0.07026895109846501009 0.02484588513316201772 
0.99999999600000000211 0.00000000099999999996 0.00000000099999999996 0.00000000099999999996 0.00000000099999999996 
0.99999999600000000211 0.00000000099999999999 0.00000000099999999999 0.00000000099999999999 0.00000000099999999999 
0.90403974178098434056 0.00000000100000000000 0.02491596535493315751 0.07104429086408238503 0.00000000100000000000 
0.00000000099999999999 0.33221978088268033780 0.00000000099999999999 0.00000000099999999999 0.66778021611731963603 
0.00000000099999999999 0.31667559066252592981 0.00000000099999999999 0.00000000099999999999 0.68332440633747404402 
0.00000000099999999999 0.32834782369225384846 0.00000000099999999999 0.00000000099999999999 0.67165217330774595883 
0.00000000100000000000 0.33543545182600159604 0.00000000100000000000 0.00000000100000000000 0.66456454517399832227 
0.00000000099999999999 0.35713125528736922032 0.00000000099999999999 0.00000000099999999999 0.64286874171263075350 
0.00000000099999999999 0.32734709990750621156 0.00000000099999999999 0.00000000099999999999 0.67265289709249365124 
0.00000000099999999998 0.34944571182178019164 0.00000000099999999998 0.00000000099999999998 0.65055428517821967116 
0.00000000100000000000 0.27912430334605542459 0.03677584951309632172 0.18072064073242605220 0.50337920540842218120 
0.00000000100000000000 0.30808987534845599932 0.00000000100000000000 0.02789097380689370062 0.66401914884465018662 
0.00000000099999999998 0.27197510496719989881 0.00000000099999999998 0.00000000099999999998 0.72802489203280007501 
0.00000000099999999999 0.28823599007164912855 0.00000000099999999999 0.00000000099999999999 0.71176400692835073425 
0.00000000099999999999 0.32111326287295965942 0.00000000099999999999 0.00000000099999999999 0.67888673412704036991 
0.00000000099999999999 0.32404842197972544282 0.00000000099999999999 0.00000000099999999999 0.67595157502027458651 
0.00000000099999999999 0.27607569053636771272 0.00000000099999999999 0.00000000099999999999 0.72392430646363237212 
0.00000000099999999999 0.35382687867522694125 0.00000000099999999999 0.00000000099999999999 0.64617311832477297706 
0.00000000099999999999 0.27627163328680792720 0.00000000099999999999 0.00000000099999999999 0.72372836371319215765 
0.00000000099999999999 0.30890893921018425239 0.00000000099999999999 0.00000000099999999999 0.69109105778981572143 
0.00000000100000000000 0.35118248199231699713 0.00000000100000000000 0.00000000100000000000 0.64881751500768292118 
0.00000000099999999998 0.33764072669120503978 0.00000000099999999998 0.00000000099999999998 0.66235927030879493405 
0.00000000099999999999 0.30849951252338442265 0.00000000099999999999 0.00000000099999999999 0.69150048447661560669 
0.00000000099999999998 0.35201081747326457005 0.00000000099999999998 0.00000000099999999998 0.64798917952673529275 
0.00000000100000000000 0.25109916923494901564 0.07251285579631677747 0.00000000100000000000 0.67638797296873409692 
0.00000000099999999999 0.32930430724680143095 0.00000000099999999999 0.00000000099999999999 0.67069568975319859838 
0.76759311432117738327 0.00000000100000000000 0.16250420307142890430 0.03367585913362119987 0.03622682247377256859 
0.76823264529165191661 0.02076820738444710643 0.18194136509600752905 0.02905778122789347273 0.00000000100000000000 
0.71892472984782773704 0.00000000100000000000 0.17716909068042174802 0.09641915767276031113 0.00748702079899037261 
0.64354058975113970220 0.00000000100000000000 0.21584880883859791645 0.12646524986393176126 0.01414535054633061194 
0.74925938156963256542 0.00000000141328634646 0.16025863912074636564 0.09048197689633458163 0.00000000100000000000 
0.37330927029605587286 0.06853295060849107223 0.07026988205501057128 0.05891167725875282729 0.42897621978168970491 
0.65473799537819110661 0.00456440853682566188 0.21883540275459520408 0.12178028868669699136 0.00008190464369099647 
0.76962620966390771216 0.00287952388039382093 0.08232034654263178930 0.10692610647265518575 0.03824781344041151832 
0.80993797150123159057 0.00000000100000000000 0.15332300866696654817 0.02941375508477086023 0.00732526374703105273 
0.70807231338673115584 0.01809001471874358696 0.17726976715443032440 0.08476204228611995684 0.01180586245397488229 
