0.05922631447912223013 0.71865822190949379955 0.06559226022480049711 0.00000000100000000000 0.02550797692099851174 0.01656116541267114994 0.11445406005291379470 
0.00000000099999999999 0.84940174771715715174 0.00000000099999999999 0.00000000099999999999 0.00000000099999999999 0.00000000099999999999 0.15059824728284296191 
0.00000000100000000000 0.79838238856594945236 0.00000000100000000000 0.08423229887786665149 0.08023918614510358593 0.00000000100000000000 0.03714612341108024934 
0.01145391918197600015 0.72570238957343380370 0.00000000100000000000 0.14023919138238613580 0.07851437669571897926 0.04409012116648496765 0.00000000100000000000 
0.05814186038876479473 0.74302802442044713072 0.09851147181294937771 0.00000501677275175074 0.02510635193329718504 0.01108243361928687269 0.06412484105250286504 
0.00000000100000000000 0.74632402100068262474 0.00000008327197959764 0.14014450376295653489 0.08986617211113534509 0.01500752943200552025 0.00865768942124035476 
0.00809572055243540194 0.68808275574715760392 0.08753121960529003376 0.00000000100000000000 0.17314382229740252206 0.04314634899290747949 0.00000013180480704492 
0.00000002939130105266 0.80038851180085091030 0.00000000100000000000 0.05228226791781646204 0.05589221971218929358 0.04382211417102727796 0.04761485600681499702 
0.02738253135894022292 0.73217336266978605419 0.09346091394195424340 0.04660578383472403774 0.00000000100000000000 0.09466560968561564537 0.00571179750897957920 
0.00495911142229285042 0.73696164573027556077 0.05100583863953995351 0.10310425668198815174 0.00000000100000000000 0.07189436648982852618 0.03207478003607497352 
0.05374259575183033821 0.68513906081583375585 0.23392454066395187984 0.00000000100000000000 0.00000000100000000000 0.00941163833500810974 0.01778216243337599894 
0.04634953682855617874 0.77693311304747791901 0.11137939469143265381 0.00000000100000000000 0.00000000100000000000 0.00622771958201628027 0.05911023385051705076 
0.00000000100000000000 0.79900024432512173345 0.09996277724739428827 0.09029519357991924733 0.00000000100000000000 0.00000000100000000000 0.01074178184756482621 
0.02316152426617549415 0.78691119004502319001 0.00000000100000000000 0.01382835899918137025 0.15483479533387409233 0.01131695826755822927 0.00994717208818760891 
0.03331888732620763571 0.71035490636197939907 0.14007550369948543190 0.04038949025444622809 0.07362820469269799883 0.00000000100000000000 0.00223300666518328394 
0.00000000100000000000 0.69902554083834389509 0.18613373171815314477 0.07427685885576371105 0.02824045335703071272 0.00000000100000000000 0.01232341323070850793 
0.05539527297211942203 0.73802238724712820872 0.09393298033833877292 0.01791845735308603832 0.00000000100000000000 0.04451644788134711400 0.05021445320798042372 
0.06096189850587469677 0.67700351414097914571 0.12788820334329689676 0.00149632650404894112 0.06262687399895891516 0.00571487323607509402 0.06430831027076640283 
0.04462184542573079810 0.68816925932904882135 0.16458779289184957695 0.00000000100000000000 0.02149876455700246852 0.00792068638470994763 0.07320165041165840880 
0.02402057517666084802 0.73823066097570311239 0.16936788377592326693 0.00000022764619368598 0.00428822205859668171 0.03540757547066083338 0.02868485489626157806 
0.06465606793074543668 0.76867515845438261213 0.05803722773069444618 0.00000165224728510815 0.05135264425209843525 0.00000000100000000000 0.05727724838479406749 
0.05797481191466163919 0.74339350419815675153 0.13197110144215035143 0.02491747514916473408 0.00000000100000000000 0.02138307737985879753 0.02036002891600770248 
0.02653309749233776979 0.67932714878878064368 0.17257548370820263717 0.03718682882092409769 0.05310518299812040655 0.00023586475413345194 0.03103639343750088167 
0.03737120080745245931 0.78285790846942748811 0.17977086982115328406 0.00000001790196681905 0.00000000100000000000 0.00000000100000000000 0.00000000100000000000 
0.03515081229906259069 0.69351482940821906897 0.12758341728784908242 0.02923814084456113557 0.07664870180265734301 0.00070830256528421013 0.03715579579236660823 
0.03193839801226566050 0.74055906029905438359 0.16767481588300547912 0.00000000100000000000 0.03120477690327107256 0.02862294690240325609 0.00000000100000000000 
0.01949431950014774914 0.69433962117776026890 0.14002147930556452238 0.00000000100000000000 0.10636591717575939742 0.00000000100000000000 0.03977866084076814995 
0.00021354572122561779 0.73123699628806015927 0.04344965792035603014 0.07411803419358235778 0.01612592749642618312 0.05333192026679672154 0.08152391811355297335 
0.04316329570439761398 0.68655007890064323473 0.10959019149871232490 0.03786018682753292119 0.04278441947931009570 0.00000000100000000000 0.08005182658940385165 
0.05801418636850103755 0.74764057862773158902 0.09544793560712226677 0.00000000100000000000 0.00689328809735509970 0.01050889735414503416 0.08149511294514510951 
0.01190137203095759100 0.69730838156599339595 0.11068857119657074528 0.11972575578533455054 0.03583222008812575465 0.00000000100000000000 0.02454369833301784862 
0.04345707095840412731 0.76670746206522311095 0.10532418945123195320 0.02220136228639446249 0.06230991323874640608 0.00000000100000000000 0.00000000100000000000 
0.04149673208954132719 0.70029063600781371601 0.17245884340857292605 0.03449112359054519461 0.00000000100000000000 0.01155086527007060174 0.03971179863345623146 
0.00596438336344166844 0.78116081781634139070 0.11286643635890479531 0.00023964584497357668 0.08044639435087445889 0.00006352468802938474 0.01925879757743465329 
0.01024446874653613115 0.74809417295507674162 0.06102473191137535585 0.04105932668037133582 0.08336472579976773878 0.04826995938005441966 0.00794261452681810191 
0.00000000100000000000 0.66235163162177757012 0.16173386434603825856 0.12048951388796079465 0.00000000100000000000 0.03283004778756220404 0.02259494035666126041 
0.00000000099999999999 0.85793449999437287889 0.00000000099999999999 0.00000000099999999999 0.00000000099999999999 0.00000000099999999999 0.14206549500562734578 
0.05236869730990405258 0.70763496796506686337 0.12166966234563078575 0.00000000100000000000 0.07853699098556612967 0.00192684388460231493 0.03786283650922988436 
0.05445840741068980195 0.82323300368852847519 0.12227731442029253495 0.00000000100000000000 0.00000000100000000000 0.00003127148048911946 0.00000000100000000000 
0.03206868326803306857 0.69575821733370912803 0.16448954164716758641 0.06248379007137638136 0.00000000100000000000 0.04519976567971397546 0.00000000100000000000 
0.05623395853335040606 0.75431906832302852983 0.04901108654220752425 0.00000000100000000000 0.01783365766807050445 0.00000000100000000000 0.12260222693334327237 
0.04866430536404980217 0.70977043791039828857 0.10234332793058448230 0.00000001700435153815 0.05659150098116875333 0.02936149102303332523 0.05326891978641355024 
0.00000000100000000000 0.76342885328246312682 0.12068687227855816324 0.00000010627311642759 0.07814506935557091749 0.01606465826405930816 0.02167443954623220551 
0.03592293728905299188 0.74517544687156433980 0.09515746701135414931 0.00000000100000000000 0.04561651039870696228 0.00854903543876179423 0.06957860199055987405 
0.01194849855235023683 0.69263788114394742035 0.11205473686553704682 0.04506449468903910710 0.09620026959644215059 0.00000000100000000000 0.04209411815268408741 
0.02126936969363555502 0.69427284038992231885 0.18575633325155321840 0.00017899754061747805 0.04628620069851560603 0.00000018360196590841 0.05223607482378996719 
0.00000000100000000000 0.69983761823233303634 0.06699465907482607396 0.03981093420086323498 0.09689461870113706687 0.00000000100000000000 0.09646216779084063053 
0.00003893478595131154 0.65837445121477000676 0.16901781260500745030 0.06511589677724380354 0.05398416021030321560 0.03502732557758021781 0.01844141882914383454 
0.00000000100000000000 0.62334037121540897264 0.12693165011528997899 0.07853203659881703713 0.12877011408477756493 0.00212032096807943018 0.04030550601762693946 
0.03736785934214722354 0.76324849592468158033 0.00000000099999999999 0.02390259288560913145 0.17548104884756224320 0.00000000099999999999 0.00000000099999999999 
0.05903165005259902037 0.68928041966018782638 0.15296693523575988216 0.04080121426469865420 0.01559576786054099086 0.00000000100000000000 0.04232401192621357278 
0.02187564239663324431 0.66872034975679439661 0.15444843943511568640 0.00000000100000000000 0.04930288614839677813 0.02234490618131585241 0.08330777508174401491 
0.00002454427814861962 0.78354616777781416204 0.02170345153332383162 0.08688350619826691601 0.00000000100000000000 0.02788514153503630910 0.07995718767741025190 
0.02178248133322047836 0.64970886449690323783 0.20163270796397819717 0.00038690457745684025 0.08643745790362096504 0.02579530674633533083 0.01425627697848476025 
0.00715843158450438222 0.73319456284150763548 0.01457106357328830440 0.12052380403704401890 0.10492561426761461141 0.00000000100000000000 0.01962652269604102037 
0.01313646023326915657 0.63650553342876536878 0.09592363138056703153 0.15853132392415314467 0.00000000100000000000 0.01382579607931702995 0.08207725395392838352 
0.00000000099999999999 0.46275326346729755977 0.19654259082119618363 0.00000000099999999999 0.00000000099999999999 0.06538940605545670581 0.27531473665604949685 
0.00000000100000000000 0.72663231270746597712 0.10371801054864744629 0.09373858775021613743 0.06558343832411979435 0.00511263618820669789 0.00521501348134391710 
0.05663553353416827391 0.70878682992802022333 0.06307878256436068309 0.05074582376936900147 0.01198944585383790971 0.00000000100000000000 0.10876358335024377544 
0.00000000100000000000 0.55370705926102892214 0.14682033258883400717 0.14726417279673856275 0.00000000691022213983 0.02376450276718844803 0.12844392467598800267 
0.07097736345570064553 0.62539833013915047122 0.14985478166328600191 0.00000000497013640175 0.06632114677254977164 0.00254980683971639706 0.08489856615946035634 
0.03104939751520671698 0.73952357749488184524 0.10349163210258038870 0.06221926537401599455 0.06371612551331491681 0.00000000100000000000 0.00000000100000000000 
0.01829066272926507461 0.69627891299377064893 0.08753070283205140190 0.01361731425901785072 0.10396781225950357808 0.06313591579456385994 0.01717867913182754419 
0.02967385595983925914 0.74104819662496090871 0.16623146088084236882 0.00000000100000000000 0.00000000100000000000 0.00511352629661939416 0.05793295823773818992 
0.00367353751179977503 0.70703659645666250277 0.10219313659233547620 0.06833617711067936640 0.08895272668793789694 0.00000005657007307562 0.02980776907051180952 
0.06707939832813122893 0.81614870853301479947 0.00006691967824930965 0.01173725393448069032 0.03679638330703058346 0.00000166099718127219 0.06816967522191223761 
0.00104090193445014801 0.70770597951058866748 0.00000000100000000000 0.07499035636472778377 0.17692308773559145552 0.00857985401216970756 0.03075981944247228178 
0.00000095563449044285 0.63410968536950207408 0.11597533216072208884 0.10328296448209832448 0.06364944138696251863 0.03781059895020349310 0.04517102201602105765 
0.03940778460242830988 0.67194355732794919245 0.19911382966419927110 0.00000097687575331199 0.07284530490109519807 0.00000000100000000000 0.01668854562857488566 
0.02827334763796734290 0.69327192632280254525 0.12679008409141540037 0.05510921061672011123 0.05512817192848603470 0.00000000100000000000 0.04142725840260857995 
0.00000000100000000000 0.64804800493723979660 0.16711759622526825564 0.10043805974059857866 0.05898664348759433129 0.02540969360929894172 0.00000000100000000000 
0.00922781016234752900 0.46654987450550700068 0.10981664351327651008 0.00000000100000000000 0.03712305070115715089 0.02489120374210208528 0.35239141637560972287 
0.00981004543303201464 0.80252611369255300033 0.00000000100000000000 0.10513264427977234150 0.08178456007749021484 0.00074663451715246032 0.00000000100000000000 
0.00973505161321071809 0.77010187504182592289 0.00000000100000000000 0.11365501231108893210 0.10046625236476838805 0.00000000100000000000 0.00604180666910588207 
0.08483816806615548933 0.71191369298092965767 0.06661382289517565891 0.00000000100000000000 0.00021049342817379416 0.02214296808554492776 0.11428085354402045537 
0.03234680024766940776 0.70156807521939568151 0.13655225596355194395 0.07838129830096790540 0.00874111217477565455 0.04241045709363951144 0.00000000100000000000 
0.05066476934735229809 0.72735964791123730588 0.14801880624778845918 0.01837744261145017252 0.03162637187359116503 0.01850590341259728336 0.00544705859598326042 
0.00000012743735239815 0.73973717875646094466 0.00000000100000000000 0.11187161779079543567 0.14837887122058673883 0.00000000100000000000 0.00001220279480442022 
0.06188955664964781306 0.85551074143217009649 0.05680755541401660835 0.00000000100000000000 0.00000701624348858932 0.02578512826067677968 0.00000000100000000000 
0.07767801169637769676 0.71296386538428235813 0.14350479656316691979 0.00000000100000000000 0.00000000100000000000 0.03256504082264220779 0.03328828353353090880 
0.00000000099999999999 0.38572340084542866556 0.22767118869862881803 0.00000000099999999999 0.00000000099999999999 0.02144008983967964424 0.36516531761626280783 
0.00000000100000000000 0.65194938078618880350 0.21537633595854396851 0.09315496945568352283 0.00000368485830325220 0.00000119143866069967 0.03951443650261973750 
0.00748171067638108128 0.75342880294135428088 0.02872888105174424556 0.00007881983270580175 0.12718221767115864274 0.01077747206284699819 0.07232209576380893568 
0.07068998224896397287 0.69424357723010521326 0.12292620720297538217 0.00000000100000000000 0.00000000100000000000 0.05464666170877675172 0.05749356960917870879 
0.00000000100000000000 0.62267994868996789926 0.06078530813867920324 0.07305822173992616853 0.12188900877379821308 0.02864289380317763117 0.09294461785445096158 
0.03482627084542186391 0.79077430980725071930 0.04065605026228401309 0.02088763069553866217 0.06691137635118324378 0.02059241928120515708 0.02535194275711650375 
0.00263566150229396258 0.72583471674180755073 0.00000000100000000000 0.04240221052976919647 0.19566741827114236818 0.01007011321275432490 0.02338987874223259766 
0.03494080376180207226 0.64742548814466471807 0.23119403972133098502 0.00000001212169919478 0.04091816251451606268 0.02053948164209900770 0.02498201209388792657 
0.06069849241723320604 0.77963108217327481420 0.02317036714292013827 0.00152364422151053539 0.07577444480418427109 0.02692038766812547210 0.03228158157275155121 
0.06327297606713863654 0.66700666324949664521 0.14376267334006609389 0.00000000100000000000 0.03834366014358610991 0.00000238710622601996 0.08761163909348655687 
0.06264346928037545226 0.75121761712693557733 0.08573262822446442444 0.00000000100000000000 0.07966675282984916895 0.00909252661301401637 0.01164700492536124843 
0.00000000100000000000 0.80746317018438207302 0.00000000100000000000 0.05603575406576597612 0.12195042596635509435 0.01455064678349710615 0.00000000100000000000 
0.05007145691686783195 0.68212936173589133748 0.05027453196108647854 0.00000000100000000000 0.11085013040473631896 0.01508802112739210388 0.09158649685402603380 
0.06028792436102504287 0.74502503582537760174 0.00060849732744796051 0.01050362850336231287 0.16043410266386012863 0.02087932955246816005 0.00226148176645866355 
0.01397408883528302413 0.69617038952909704452 0.17173414108033954739 0.08651919527118229203 0.00151215049051583268 0.00000696923102926025 0.03008306556255296513 
0.00000083198823491058 0.63509190699149531412 0.09057441003485208753 0.06908190945810978312 0.10109114735183975797 0.01583578030442089543 0.08832401387104726886 
0.00000000100000000000 0.11317464456925355187 0.88345352178822911249 0.00337119143581987362 0.00000000100000000000 0.00000000100000000000 0.00000063920669748593 
0.00000000100000000000 0.00000000100000000000 0.98829898405204352763 0.01170101094795635704 0.00000000100000000000 0.00000000100000000000 0.00000000100000000000 
0.00000000099999999999 0.00000000099999999999 0.99999999399999994765 0.00000000099999999999 0.00000000099999999999 0.00000000099999999999 0.00000000099999999999 
0.00000000099999999999 0.00000000099999999999 0.99999999399999994765 0.00000000099999999999 0.00000000099999999999 0.00000000099999999999 0.00000000099999999999 
0.00156325943695705951 0.08503414298230359269 0.70700253966276005446 0.05646478966929924931 0.00924702264179837197 0.07080526122101682418 0.06988298438586482142 
0.00000000099999999999 0.00000000099999999999 0.99999999400000005867 0.00000000099999999999 0.00000000099999999999 0.00000000099999999999 0.00000000099999999999 
0.02517023923595355234 0.04332060992050106030 0.78013120601030172541 0.00000000100000000000 0.04343093831332335564 0.06444779215464134514 0.04349921336527901028 
0.00000000100000000000 0.00000000100000000000 0.97892025172983954118 0.01365297306350578797 0.00000000100000000000 0.00742677120665458188 0.00000000100000000000 
0.00000000099999999999 0.00000000099999999999 0.99999999400000005867 0.00000000099999999999 0.00000000099999999999 0.00000000099999999999 0.00000000099999999999 
0.00000000099999999999 0.00000000099999999999 0.93514346741959342157 0.00000000099999999999 0.00000000099999999999 0.06432039455330151867 0.00053613402710500082 
0.02723544555222256330 0.04685499476004176267 0.79082591101793442423 0.00000000294174083199 0.00000000100000000000 0.01771231296200321409 0.11737133176605732410 
0.00112773197530707759 0.03637962906653575967 0.87324523998008951597 0.00000000100000000000 0.00000000100000000000 0.07799485969459203638 0.01125253728347576712 
0.00031433697130903458 0.00000000100000000000 0.88958618744783291010 0.00000000100000000000 0.00000000100000000000 0.05598682908908674677 0.05411264349177138250 
0.00000000100000000000 0.00000000415807789260 0.78666272268903658649 0.04802386326041248321 0.00000000100000000000 0.01669225685646643850 0.14862115103600659349 
0.00000000100000000000 0.03856358833889283327 0.81105276669048165239 0.00000000100000000000 0.00882538727736328910 0.05739418292101724356 0.08416407277224513539 
0.00000000099999999999 0.00000000099999999999 0.99833003736393444161 0.00000000099999999999 0.00000000099999999999 0.00166993575338087526 0.00000002288268480449 
0.00000000100000000000 0.00000000100000000000 0.99999984230619820558 0.00000000100000000000 0.00000015269380186492 0.00000000100000000000 0.00000000100000000000 
0.00000000100000000000 0.00000000100000000000 0.84206376324323295446 0.00000000100000000000 0.00000000100000000000 0.01849733878647558810 0.13943889397029143873 
0.00000000099999999999 0.00000000099999999999 0.91035168415914835549 0.00000000099999999999 0.00000000099999999999 0.02744505878468476295 0.06220325305616681427 
0.01531020064704428744 0.17942816234400907338 0.51809591545988231687 0.09161782791138629867 0.12494737603802298642 0.00519116028431940678 0.06540935731533564779 
0.02636003628392957418 0.00000000100000000000 0.97363974283558341050 0.00000000743042460797 0.00000021045006239195 0.00000000100000000000 0.00000000100000000000 
0.00000000099999999998 0.00000000099999999998 0.99999999400000005867 0.00000000099999999998 0.00000000099999999998 0.00000000099999999998 0.00000000099999999998 
0.03524585967453280205 0.00000000432582919081 0.86513297508962372362 0.00000000100000000000 0.00006581926056499031 0.01124928482280917498 0.08830605582664000086 
0.01496810371639712214 0.00000000099999999999 0.98503189128360291171 0.00000000099999999999 0.00000000099999999999 0.00000000099999999999 0.00000000099999999999 
0.00000000099999999999 0.00000000099999999999 0.99999995529350005352 0.00000000099999999999 0.00000000099999999999 0.00000003970649993251 0.00000000099999999999 
0.00000000100000000000 0.00000000100000000000 0.88902683717252928286 0.00000000100000000000 0.00001050553736607937 0.01303484267029454344 0.09792781161981005400 
0.00000000100000000000 0.00000000100000000000 0.82059702856771210566 0.04572695959706721963 0.00000000100000000000 0.00813350364373678462 0.12554250519148374421 
0.00000000100000000000 0.00000000100000000000 0.89233595693260137072 0.00000000100000000000 0.07351481692394876144 0.03414922214344975199 0.00000000100000000000 
0.00000000099999999997 0.00000000099999999997 0.99999999399999994765 0.00000000099999999997 0.00000000099999999997 0.00000000099999999997 0.00000000099999999997 
0.00674876805837468924 0.11364808802097647877 0.72029301518423638484 0.00000000100000000000 0.02482693149881898265 0.06426416862039489863 0.07021902761719875374 
0.00000000099999999999 0.00000000099999999999 0.94892064048176782975 0.00000000099999999999 0.00000000099999999999 0.05107935451823207573 0.00000000099999999999 
0.00000000099999999998 0.00000000099999999998 0.00000000099999999998 0.00000000099999999998 0.00000000099999999998 0.99999999400000005867 0.00000000099999999998 
0.00000000099999999997 0.00000000099999999997 0.00000000099999999997 0.00000000099999999997 0.00000000099999999997 0.99999999400000005867 0.00000000099999999997 
0.00000000099999999997 0.00000000099999999997 0.00000000099999999997 0.00000000099999999997 0.00000000099999999997 0.99999999400000005867 0.00000000099999999997 
0.00000000099999999998 0.00000000099999999998 0.00000000099999999998 0.00000000099999999998 0.00000000099999999998 0.99999999399999994765 0.00000000099999999998 
0.00000000099999999997 0.00000000099999999997 0.00000000099999999997 0.00000000099999999997 0.00000000099999999997 0.99999999400000005867 0.00000000099999999997 
0.00000000099999999995 0.00000000099999999995 0.00000000099999999995 0.00000000099999999995 0.00000000099999999995 0.99999999399999994765 0.00000000099999999995 
0.00000000099999999996 0.00000000099999999996 0.00000000099999999996 0.00000000099999999996 0.00000000099999999996 0.99999999400000005867 0.00000000099999999996 
0.00000000099999999998 0.00000000099999999998 0.00000000099999999998 0.00000000099999999998 0.00000000099999999998 0.99999999399999994765 0.00000000099999999998 
0.00000000099999999995 0.00000000099999999995 0.00000000099999999995 0.00000000099999999995 0.00000000099999999995 0.99999999400000005867 0.00000000099999999995 
0.00000000099999999994 0.00000000099999999994 0.00000000099999999994 0.00000000099999999994 0.00000000099999999994 0.99999999399999994765 0.00000000099999999994 
0.00000000099999999995 0.00000000099999999995 0.00000000099999999995 0.00000000099999999995 0.00000000099999999995 0.99999999399999994765 0.00000000099999999995 
0.00000000099999999997 0.00000000099999999997 0.00000000099999999997 0.00000000099999999997 0.00000000099999999997 0.99999999400000005867 0.00000000099999999997 
0.00000000099999999997 0.00000000099999999997 0.00000000099999999997 0.00000000099999999997 0.00000000099999999997 0.21374264077749954849 0.78625735422250042639 
0.00000000099999999996 0.00000000099999999996 0.00000000099999999996 0.00000000099999999996 0.00000000099999999996 0.99999999399999994765 0.00000000099999999996 
0.00000000099999999997 0.00000000099999999997 0.00000000099999999997 0.00000000099999999997 0.00000000099999999997 0.99999999400000005867 0.00000000099999999997 
0.00000000099999999997 0.00000000099999999997 0.00000000099999999997 0.00000000099999999997 0.00000000099999999997 0.99999999399999994765 0.00000000099999999997 
0.00000000099999999997 0.00000000099999999997 0.00000000099999999997 0.00000000099999999997 0.00000000099999999997 0.99999999399999994765 0.00000000099999999997 
0.00000000099999999999 0.00000000099999999999 0.00000000099999999999 0.00000000099999999999 0.00000000099999999999 0.99999999399999994765 0.00000000099999999999 
0.00000000099999999996 0.00000000099999999996 0.00000000099999999996 0.00000000099999999996 0.00000000099999999996 0.99999999400000005867 0.00000000099999999996 
0.00000000099999999995 0.00000000099999999995 0.00000000099999999995 0.00000000099999999995 0.00000000099999999995 0.99999999400000005867 0.00000000099999999995 
0.00000000099999999997 0.00000000099999999997 0.00000000099999999997 0.00000000099999999997 0.00000000099999999997 0.99999999400000005867 0.00000000099999999997 
0.00000000100000000000 0.01444003390992815335 0.00000000100000000000 0.00000000100000000000 0.00012793054608808562 0.55428792657777303798 0.43114410596621077776 
0.00000000099999999997 0.00000000099999999997 0.00000000099999999997 0.00000000099999999997 0.00000000099999999997 0.99999999399999994765 0.00000000099999999997 
0.00000000099999999999 0.00000000099999999999 0.00000000099999999999 0.00000000099999999999 0.00000000099999999999 0.60775233898069769278 0.39224765601930217107 
0.00000000099999999996 0.00000000099999999996 0.00000000099999999996 0.00000000099999999996 0.00000000099999999996 0.99999999400000005867 0.00000000099999999996 
0.00000000099999999997 0.00000000099999999997 0.00000000099999999997 0.00000000099999999997 0.00000000099999999997 0.99999999400000005867 0.00000000099999999997 
0.00000000099999999997 0.00000000099999999997 0.00000000099999999997 0.00000000099999999997 0.00000000099999999997 0.99999999400000005867 0.00000000099999999997 
0.00000000099999999995 0.00000000099999999995 0.00000000099999999995 0.00000000099999999995 0.00000000099999999995 0.99999999400000005867 0.00000000099999999995 
0.21372939620656047910 0.00000000100000000000 0.00952198853785219887 0.71618467648091133082 0.06056393577467598238 0.00000000100000000000 0.00000000100000000000 
0.00000872807528113213 0.00000000100000000000 0.00000000100000000000 0.00000004024400205545 0.97233656120846401194 0.00924518949444936948 0.01840947897780332784 
0.00000000100000000000 0.00000000100000000000 0.00000000100000000000 0.06387092725344351019 0.93612905766793863549 0.00000000100000000000 0.00000001107861794013 
0.23927876942510914460 0.00000000100000000000 0.00000000100000000000 0.70304737844043041495 0.05767384813446044950 0.00000000100000000000 0.00000000100000000000 
0.00000000100000000000 0.01506602380723308029 0.00000000100000000000 0.13241187409947444142 0.85252209809329260182 0.00000000100000000000 0.00000000100000000000 
0.00000000100000000000 0.00000280066231346472 0.01589917411060126975 0.08369353343817231838 0.90040448878891310436 0.00000000100000000000 0.00000000100000000000 
0.00000000099999999999 0.00000000099999999999 0.00000000099999999999 0.01270520810159544121 0.98729478689840455274 0.00000000099999999999 0.00000000099999999999 
0.00000000100000000000 0.03471590391150943672 0.00000000100000000000 0.10356470701973763404 0.85144865366174682375 0.00566879952531188294 0.00460193388169410651 
0.02312735998088893269 0.00000000099999999999 0.00000000099999999999 0.00000000099999999999 0.97687263501911103525 0.00000000099999999999 0.00000000099999999999 
0.00000000100000000000 0.00000000100000000000 0.00005843597253623833 0.08685878447873947306 0.90974859734498469965 0.00333417360197012019 0.00000000660176952453 
0.00000000100000000000 0.00000000100000000000 0.01785888619090744006 0.07291246681109740668 0.90922864299799521781 0.00000000100000000000 0.00000000100000000000 
0.00000000099999999999 0.00000000099999999999 0.01178125474191942662 0.04917359110236323161 0.93904515015571721204 0.00000000099999999999 0.00000000099999999999 
0.02959760168086609730 0.01223365090347179607 0.00946439464618611948 0.59250911371350389878 0.34175595825124271965 0.01443927980472948201 0.00000000100000000000 
0.00000000100000000000 0.30687887888588483154 0.00581086775830104950 0.11797612033187557246 0.56933413002393862268 0.00000000100000000000 0.00000000100000000000 
0.07055182249401767414 0.02999667571644673916 0.00000099644777176133 0.00000000100000000000 0.89945050234176393555 0.00000000100000000000 0.00000000100000000000 
0.07375379105823104409 0.00000000100000000000 0.00000000100000000000 0.00002072004497015859 0.92622548489679890071 0.00000000100000000000 0.00000000100000000000 
0.00000000309158972815 0.00728617892531729233 0.00012530319468689866 0.09030582326123047510 0.88434548067117191295 0.01019675700191628037 0.00774045385408746525 
0.00000000099999999999 0.00000000099999999999 0.05374002166658057439 0.11380499280899247783 0.83245498152442698458 0.00000000099999999999 0.00000000099999999999 
0.99999999400000016969 0.00000000099999999990 0.00000000099999999990 0.00000000099999999990 0.00000000099999999990 0.00000000099999999990 0.00000000099999999990 
0.06754936156159600802 0.00145431731341913342 0.03090833138002255231 0.00000000100000000000 0.90008454966520234919 0.00000000100000000000 0.00000343807976005166 
0.23124509907424245503 0.00000000100000000000 0.00000000100000000000 0.69790127402087476227 0.03788476131081147669 0.00393453752790180744 0.02903432606616952738 
0.23091381611948327834 0.02339358697584514868 0.01854762414741005505 0.61082684418430333029 0.11631812657295813318 0.00000000100000000000 0.00000000100000000000 
0.03570562198928495246 0.00000000100000000000 0.00000000100000000000 0.00000021489834776976 0.94401494141811093108 0.00000000100000000000 0.02027921869425648727 
0.00000000099999999999 0.00000000099999999999 0.00000000099999999999 0.00642040082420679281 0.99357959417579322370 0.00000000099999999999 0.00000000099999999999 
0.22017987119869156243 0.02186245665965112425 0.05029385246771531093 0.65737053182905602622 0.05029328584488606396 0.00000000100000000000 0.00000000100000000000 
0.00000000099999999999 0.00000000099999999999 0.00000000099999999999 0.01256605753626284343 0.98743393746373719910 0.00000000099999999999 0.00000000099999999999 
0.00377419448531275334 0.00000000099999999999 0.00000000099999999999 0.00000000099999999999 0.94265158113338864965 0.00000000099999999999 0.05357422038129865810 
0.20285070979205765962 0.04528064831364067566 0.00000000100000000000 0.73624851346659503371 0.01562012542770665688 0.00000000100000000000 0.00000000100000000000 
0.05851388318471077016 0.00000000100000000000 0.00000000100000000000 0.00173468471628080074 0.93974207916322094469 0.00000934993578749654 0.00000000100000000000 
0.21505757815176562708 0.08031271949038921998 0.04423234235751004328 0.18818692651108070990 0.19697854103929418601 0.05424330231128139668 0.22098859013867883094 
0.00000000100000000000 0.01905448576167921224 0.00000000100000000000 0.09466816548344382520 0.87278614242394869649 0.01349120333092837694 0.00000000100000000000 
0.00405242201938179041 0.00000000100000000000 0.01752686689426942099 0.06461703777760820222 0.90983902280919559669 0.00000000100000000000 0.00396464849954505059 
0.00000004153686042710 0.00000000099999999998 0.00000000099999999998 0.04709963200611045481 0.95290032245702904756 0.00000000099999999998 0.00000000099999999998 
0.14864933018973525147 0.00000000100000000000 0.00000715998542166420 0.64842708603431342684 0.18662249181902507145 0.00000000100000000000 0.01629392997150456643 
0.00000000099999999999 0.00000000099999999999 0.00000000099999999999 0.99999999400000005867 0.00000000099999999999 0.00000000099999999999 0.00000000099999999999 
0.00000000100000000000 0.00162222729297832970 0.00000000100000000000 0.00000000100000000000 0.98682208400090953848 0.00452572774000371391 0.00702995796610833470 
0.23359580278351782523 0.00000000099999999999 0.00000000099999999999 0.66666560482792647235 0.09973858838855571840 0.00000000099999999999 0.00000000099999999999 
0.09111139115116864695 0.00000000099999999999 0.00000000099999999999 0.90888860384883130017 0.00000000099999999999 0.00000000099999999999 0.00000000099999999999 
0.32507724494552076022 0.01059809938452424549 0.00000000099999999999 0.55432623280877524330 0.10999841986117961379 0.00000000099999999999 0.00000000099999999999 
0.16855500069283593789 0.00000000100000000000 0.00000000100000000000 0.83144499430716400923 0.00000000100000000000 0.00000000100000000000 0.00000000100000000000 
0.05353078408440593156 0.00000000099999999998 0.00000000099999999998 0.00000000099999999998 0.94646921091559410577 0.00000000099999999998 0.00000000099999999998 
0.00000000100000000000 0.00000000100000000000 0.00000000100000000000 0.00000000100000000000 0.97708311533944924854 0.00000004104878604640 0.02291683961176471315 
0.00000002007169636930 0.01756172838783323989 0.00000000100000000000 0.12141903686021926490 0.86101421802185196253 0.00000000100000000000 0.00000499465839928399 
0.00000000341705657074 0.02235091246627437037 0.03902985602310061336 0.16531646083604964459 0.77018145065744225697 0.00095103579446316130 0.00217028080561333441 
0.02029147301350100324 0.03587571374586377010 0.00000000100000000000 0.11048280732618474820 0.83335000291445060494 0.00000000100000000000 0.00000000100000000000 
0.18256169726953502819 0.00000000100000000000 0.02831369400256001853 0.62980473759619726160 0.12656366327878582068 0.00000000100000000000 0.03275620585292188247 
0.05538267305625806797 0.00117775797316318196 0.01122595569197239011 0.00000000100000000000 0.91529019600803662726 0.00018289715957605442 0.01674051911099365408 
0.07845823066482787711 0.00000000100000000000 0.00796842602158260443 0.02357802146675220048 0.88999530055327524813 0.00000001929356193986 0.00000000100000000000 
0.06185474174859394159 0.00000000099999999998 0.00000000099999999998 0.00000000099999999998 0.93814525325140607492 0.00000000099999999998 0.00000000099999999998 
0.14229186877635152664 0.02250219324475835267 0.03162743645950005095 0.30877739362129924539 0.49480110589809089827 0.00000000100000000000 0.00000000100000000000 
0.14605408057733429428 0.00000000100000000000 0.00000000100000000000 0.49813833496231169073 0.33015201460673820888 0.02159431539593005545 0.00406125245768557130 
0.07743410239345803470 0.02365805837548460439 0.00000000099999999999 0.00000000099999999999 0.89890783523105732833 0.00000000099999999999 0.00000000099999999999 
0.02836768971768343847 0.01466329407012888567 0.02260356871303605825 0.00000001027165803716 0.92707143138560943463 0.00729400484188404662 0.00000000100000000000 
0.23488352316422575483 0.00000000099999999999 0.00000000099999999999 0.48965422367426125749 0.27546224916151290651 0.00000000099999999999 0.00000000099999999999 
0.19171722090621540202 0.00657196609115057086 0.00759230158810305245 0.69682385123473233879 0.07158611764161881830 0.00863064236698287204 0.01707790017119682410 
0.13694804592770359886 0.00294171591783532046 0.00000000927154548544 0.65604732444359004084 0.20406290243932553863 0.00000000100000000000 0.00000000100000000000 
0.07754732262377167507 0.00000776828863237041 0.00000000100000000000 0.00000000100000000000 0.91672661019309120700 0.00571829589450465782 0.00000000100000000000 
0.01245423873176383298 0.00000000099999999999 0.00000000099999999999 0.07246391829656913253 0.91508183897166706089 0.00000000099999999999 0.00000000099999999999 
0.03012614723461785535 0.00000423168814309766 0.03013351657339014347 0.15063942444401806631 0.78909667805983085831 0.00000000100000000000 0.00000000100000000000 
0.17307553750074625154 0.00850650211229324327 0.00000000100000000000 0.71682610094624865660 0.09640787944562725920 0.00000000100000000000 0.00518397799508473183 
0.21124243517823723670 0.00000002902589767638 0.00000000100000000000 0.64484655785407796191 0.12342673549152577417 0.00000000100000000000 0.02048424045026126655 
0.00000000100000000000 0.00552811277801090132 0.02688286207649022083 0.08361506528469042632 0.87820489790389733020 0.00576905856379966633 0.00000000239311142120 
0.00000000100000000000 0.00119729177090624559 0.00000001114393369356 0.00000003030252749176 0.99702674675988001152 0.00177591802275256353 0.00000000100000000000 
0.00478643154267210241 0.00616968543571599828 0.00000000100000000000 0.00000001784332024940 0.98904386217829165506 0.00000000100000000000 0.00000000100000000000 
0.00000000100000000000 0.00721538134196449566 0.00000000100000000000 0.05476059111041858135 0.93802402354761682535 0.00000000100000000000 0.00000000100000000000 
0.02879519457884180400 0.00000000099999999999 0.00000000099999999999 0.00101588558539607971 0.97018891583576205573 0.00000000099999999999 0.00000000099999999999 
0.00000003731960508833 0.02683904873739923966 0.00000000100000000000 0.11645244377544480829 0.85670846716755078010 0.00000000100000000000 0.00000000100000000000 
0.02666322684898696574 0.07986904535636203672 0.00000000099999999999 0.00000000099999999999 0.89346772379465111413 0.00000000099999999999 0.00000000099999999999 
0.16094582170654289643 0.00004669733987779748 0.00000000100000000000 0.74733595569826316574 0.07769852383022488040 0.00000000100000000000 0.01397299942509118605 
0.17060958700700326607 0.00000000099999999999 0.00000000099999999999 0.82939040799299679207 0.00000000099999999999 0.00000000099999999999 0.00000000099999999999 
0.00019251693832534394 0.01139579533248199703 0.00000000100000000000 0.10742409736549299315 0.83705757613804376849 0.00007235190092212556 0.04385766132473390561 
0.00000000100000000000 0.04079142030878207814 0.00000000100000000000 0.08903817433448384111 0.87017040135673418000 0.00000000100000000000 0.00000000100000000000 
0.06523929845270962091 0.00000000100000000000 0.00000000100000000000 0.84247193128302177989 0.09228876626426854579 0.00000000100000000000 0.00000000100000000000 
0.16233354320973289453 0.04095466995957848522 0.00045856706350917497 0.48956806171156580509 0.28707654733795995305 0.00000000100000000000 0.01960860971765377228 
0.02298998550198897914 0.01818519936579951826 0.00000000100000000000 0.00064046537216579341 0.95818434676004582418 0.00000000100000000000 0.00000000100000000000 
0.04190585790740731370 0.00000000100000000000 0.00000000100000000000 0.00000000100000000000 0.94359375367201969720 0.01450038442057284375 0.00000000100000000000 
0.04705073774673297626 0.00000000100000000000 0.00000000100000000000 0.00000000100000000000 0.95294925725326706800 0.00000000100000000000 0.00000000100000000000 
0.06131149119084326748 0.00000000099999999999 0.00000000099999999999 0.00000000099999999999 0.93868850380915669351 0.00000000099999999999 0.00000000099999999999 
0.32084356782074258119 0.00000233072533801206 0.00000027553073284265 0.57946628032480895776 0.09274030690156905010 0.00098163245833019852 0.00596560623847849567 
0.21854616885684169381 0.00000000100000000000 0.04395038176596283847 0.73750344537719536575 0.00000000100000000000 0.00000000100000000000 0.00000000100000000000 
0.02436109193016107108 0.00491765775863278742 0.00303041839256432089 0.00863754215660324405 0.95561185576044727075 0.00000000100000000000 0.00344143300159127424 
0.00052504894051186876 0.00000000099999999998 0.00000000099999999998 0.00000000099999999998 0.99947494605948805635 0.00000000099999999998 0.00000000099999999998 
0.21781877344013897413 0.00000000100000000000 0.00035087496614915264 0.66707865536514754368 0.11475169322856425269 0.00000000100000000000 0.00000000100000000000 
0.21832737119923417701 0.00000000100000000000 0.00000000100000000000 0.71915795916573810320 0.04500077155074045515 0.01574810927667675761 0.00176578680761053344 
0.20876398841844409637 0.00000000099999999999 0.00000000099999999999 0.79123600658155579524 0.00000000099999999999 0.00000000099999999999 0.00000000099999999999 
0.15900158466968106197 0.00000022335832836386 0.00000000100000000000 0.56489433343607609039 0.26287622808327598678 0.00877144086667995537 0.00445618858595848814 
0.01522803641270062576 0.00000000100000000000 0.00000000100000000000 0.14739142361505488954 0.82746503609290589232 0.00952513739288320636 0.00039036448645544166 
0.00000000099999999998 0.00000000099999999998 0.00000000099999999998 0.99999999400000005867 0.00000000099999999998 0.00000000099999999998 0.00000000099999999998 
0.18155396770550083496 0.01105411440677113964 0.00284505159379535221 0.42808719619419299818 0.37256620146293023543 0.00389346763680949561 0.00000000100000000000 
0.05533170552224662281 0.05330515659110263149 0.00000000100000000000 0.00000000100000000000 0.87718529689761426393 0.00000000100000000000 0.01417783798903651457 
0.03978711459082896751 0.00000000099999999999 0.00000000099999999999 0.00000000099999999999 0.95817879980890452440 0.00000000099999999999 0.00203408160026660430 
