0.04342228406101613508 0.16198816693385484355 0.01727449006576630558 0.75990487111561788591 0.01741018620626942626 0.00000000161747545842 
0.00000000099999999999 0.17007034527138484292 0.00000000099999999999 0.82992864952731848494 0.00000100220129655629 0.00000000099999999999 
0.11019418808436595714 0.04166685573669168946 0.00000008051557295670 0.83327661358271398750 0.00000000122967103966 0.01486226085098446732 
0.09265644850033682989 0.00000000100000000000 0.08105953613359340171 0.75103743767831931955 0.04692949564897368891 0.02831708103877671537 
0.03094837711403999533 0.11026072191328717409 0.02392618942034503010 0.77696203781636619112 0.01235742281952506572 0.04554525091643647078 
0.11714873917689763716 0.00000017220500351920 0.04502116869554546180 0.78214288088202044147 0.01930808449613084787 0.03637895454440198684 
0.15956566904329277934 0.03939536864919989528 0.00000000100000000000 0.70467136909004191025 0.04258159137755942319 0.05378600083990596470 
0.06861620656972508558 0.05960048621318968232 0.00000000721754271968 0.82670079650875483157 0.04508250249078758765 0.00000000100000000000 
0.02091659180491279788 0.06381242441651038821 0.02253864341521472775 0.78906116244128743364 0.10366980550984246368 0.00000137241223209666 
0.03024578944684819942 0.07443489343180401119 0.03740802701055734314 0.78381422972105641023 0.07409705201424887644 0.00000000837548523375 
0.00000000100000000000 0.09957165291941809382 0.01499559146828485789 0.72486648204083647951 0.00462760776905614055 0.15593866480240445305 
0.00610042607119103651 0.11251268040458520248 0.00160557727450813840 0.82413118484461655999 0.00508800815530844990 0.05056212324979065392 
0.00000000138618631192 0.04838339405714697089 0.01958486181928234537 0.85383163782687754306 0.00000000100000000000 0.07820010391050676024 
0.15615576999775770961 0.00000000160026107684 0.00000007410598799795 0.81577344341310553677 0.02807060610906077572 0.00000010477382682517 
0.06470206668262522276 0.04671388802931301237 0.03635432395546969730 0.74047193892471718790 0.00000000100000000000 0.11175778140787499815 
0.00000000656144292317 0.06068952617515294828 0.00000000494589556584 0.77349545226329419201 0.00000000100000000000 0.16581500905421456271 
0.00824864894737919151 0.10575248455530342206 0.04106234023615595863 0.79011088500604909068 0.05481575862193636267 0.00000988263317596218 
0.06149406059057666712 0.11549989520288250766 0.03320705806689357859 0.71172711852111891773 0.00513064124598453138 0.07294122637254386865 
0.03665068032839647466 0.13871056597475059369 0.00285047117665272135 0.72236637925872626553 0.00725149018696963441 0.09217041307450436760 
0.00019112445737248533 0.09774208187669543302 0.00000000100000000000 0.76912281801207604826 0.02948340571399366006 0.10346056893986223246 
0.05157245809553398508 0.08727389572395273520 0.03147228082780247072 0.79288988244087110768 0.00000039206510954807 0.03679109084673010815 
0.00631528673902637117 0.10018118720650634468 0.05083196849422559616 0.81217956251917633459 0.03049194788621660893 0.00000004715484883648 
0.00000001624590213785 0.08045152142572126186 0.04794746841583148733 0.73281014773083996694 0.00082903004340023634 0.13796181613830479917 
0.00000000357396622253 0.05390128637958156721 0.00000420532317020087 0.81737663304787155916 0.00000000100000000000 0.12871787067541046179 
0.07259170101935263908 0.07302003821483742108 0.02558545698928621492 0.72440843497391094186 0.00316647697343235912 0.10122789182918055795 
0.00000000326715586116 0.04382119130576546395 0.00000000132979886869 0.79293240912110884988 0.03158008889629034671 0.13166630607988072388 
0.10010943177418542283 0.09761655048062183038 0.00000000100000000000 0.72214974539299681133 0.00000000100000000000 0.08012427035219595040 
0.04072501106238604618 0.12151841307594983543 0.01430002543997952597 0.77126404863505582110 0.05219250075702922681 0.00000000102959954696 
0.05803451013630060717 0.13230967284416195184 0.03744760360062285298 0.72279590907238489006 0.00000000100000000000 0.04941230334652964989 
0.03138998182645522800 0.14255353392145320157 0.00926388212550651076 0.80333057261452633924 0.01346202521720912121 0.00000000429484965650 
0.05022410694420544747 0.06436405790812299577 0.06325937022707590895 0.73621133172870545369 0.00000000100000000000 0.08594113219189017383 
0.05494370731987487100 0.01230677959138502635 0.02316841834120136542 0.80282932578034515991 0.00000000100000000000 0.10675176796719358652 
0.00195439924072586665 0.10478842917378901334 0.03805816325313780835 0.73284712539958729582 0.00873113162655848180 0.11362075130620152841 
0.06687751129510891013 0.06699067806493237687 0.00000000100000000000 0.79620236955861800610 0.00000505706108359519 0.06992438302025703878 
0.08805018855665637523 0.02895103169867708701 0.00000387190877553898 0.77779249524332705334 0.04630798386314034093 0.05889442872942354801 
0.00005579552016298062 0.07957682183017661393 0.06147123150456788865 0.70507582760836939872 0.02901264638147443842 0.12480767715524873629 
0.00000000099999999999 0.16135552979569031673 0.00000000099999999999 0.83864446620430976864 0.00000000099999999999 0.00000000099999999999 
0.07637770378946094618 0.08442744288882789161 0.01986241722252698669 0.73336639212462373383 0.00094076080764132796 0.08502528316691911059 
0.00000000100000000000 0.00015031329552838145 0.00000000100000000000 0.85024588029481751317 0.01159156406252355095 0.13801224034713055477 
0.00000000100000000000 0.03884085539943502724 0.04947695851859323229 0.74103240588064611671 0.05623831950371000615 0.11441145969761555568 
0.04715699444113027883 0.16519167089429837025 0.00007697480473595405 0.78757435785983542775 0.00000000100000000000 0.00000000100000000000 
0.07325109624141259990 0.10973374883551155479 0.01210734400314828624 0.76297139772812783143 0.04193636907098251265 0.00000004412081718437 
0.05660898234861465317 0.07215584578648302772 0.00000000100000000000 0.77990090784986076944 0.01438360535139346016 0.07695065766364818372 
0.05910445689706234074 0.13563022569999044764 0.00000018204989757215 0.79753134732848829369 0.00773378502948051955 0.00000000299508073738 
0.10254073102540833817 0.08975620924033189674 0.01018106313322515548 0.73330284049034666349 0.00000000100000000000 0.06421915511068808369 
0.03946862696634879236 0.11578693455164396076 0.00000000100000000000 0.72446796641355060142 0.00000018009912878184 0.12027629096932779262 
0.10545712578057007958 0.13425256538916441329 0.00000000100000000000 0.73318431555714802528 0.00000000100000000000 0.02710599127311754536 
0.06688051260862397374 0.07940101018472955907 0.00609503551056548003 0.69394827583992824138 0.02889821447927711298 0.12477695137687561111 
0.14954593781218131210 0.07857044255843689817 0.00666096864682094725 0.65897367725242717018 0.00164941251228731853 0.10459956121784626248 
0.17397482510320458338 0.00000000100000000000 0.01787094525065147793 0.78740148045119695563 0.00000000100000000000 0.02075274719494699105 
0.01914675808308356070 0.09796916780500666833 0.06150113138725088469 0.72143526923017131658 0.00000000100000000000 0.09994767249448771596 
0.06203670513175578438 0.17514660495495601444 0.00000000100000000000 0.73042794479742723102 0.03238292836165583555 0.00000581575420514737 
0.02199001806860284569 0.10318110771228168610 0.02022380698556251744 0.82016212764138485269 0.02817629205580387750 0.00626664753636413212 
0.07897660870526541921 0.08702926723571378920 0.00000000873758179755 0.67814260908305212805 0.02085613340922157222 0.13499537282916529435 
0.11678857119029567579 0.02203363846472235557 0.05654898273441499867 0.76489744915856605623 0.00000009143288591364 0.03973126701911498110 
0.00000000165358598508 0.12862147289130168581 0.11161529050729276924 0.68620131253239191604 0.01026773826146804534 0.06329418415395947350 
0.00000000099999999999 0.40196916558944856268 0.00000000099999999999 0.53429926888999035306 0.06373156050381796611 0.00000000301674318116 
0.08822275767215570497 0.05217090318841800800 0.02204616277523381573 0.77058562217525461424 0.00588346914155683624 0.06109108504738092194 
0.03202325566616189001 0.15627022513194860354 0.06308547533136976693 0.74862104093660197801 0.00000000100000000000 0.00000000193391774663 
0.01817493636953699740 0.18458970418084527654 0.07593975693327467691 0.59175647501626671421 0.01613581470534539153 0.11340331279473089832 
0.08315933773111167104 0.18131269228384175318 0.04103434358708499263 0.69418474926030304673 0.00030884042883369902 0.00000003670882497601 
0.00000001684474586841 0.00013532257328504926 0.00000010202382991748 0.84855059948362776545 0.00127169009004478610 0.15004226898446657024 
0.09937231110166715176 0.04895878544803038829 0.00000000119142604187 0.71918178152509182333 0.06015373221307131896 0.07233338852071330427 
0.00000000100000000000 0.12306434136208402319 0.00000000100000000000 0.77492605179526441450 0.00401176574616615971 0.09799783909648547564 
0.09388305631831332654 0.06076137633955642353 0.01662671124511603052 0.74124633177550103280 0.00018327665571813301 0.08729924766579491568 
0.04287734288704504043 0.07109289382712445649 0.03652739455827038600 0.83123333645379671175 0.00434140610006845343 0.01392762617369500480 
0.19322431864919561995 0.02439807668549989067 0.01412217942254230876 0.73808413988694565600 0.02014876391851082305 0.01002252143730579005 
0.08368103493888430500 0.09000182228542621954 0.03401429310901626230 0.67179311850028156083 0.03489138607876335341 0.08561834508762831975 
0.06944749591010185297 0.08010497556789161755 0.00663576400887114573 0.70249973494895334714 0.00000000100000000000 0.14131202856418209612 
0.08054897639302419088 0.11883839537522486451 0.03059312905315566058 0.75561564210569232003 0.00000000100000000000 0.01440385607290289340 
0.07479446541631426526 0.05324853103022152145 0.03175060272648416032 0.68775752159657799201 0.02368338082461705907 0.12876549840578510597 
0.05522618684055562860 0.42747344357543998195 0.00000000100000000000 0.49839812746005579536 0.01882695308462628905 0.00007528803932236783 
0.10611072759455036918 0.00000000100000000000 0.03841346856352075012 0.85394302343471861771 0.00153269704794501793 0.00000008235926514351 
0.11877919160684051458 0.00000001195352739560 0.05266210010196913094 0.82855869180542862651 0.00000000353223436443 0.00000000100000000000 
0.02711787102032448687 0.16918496958640075190 0.04244897730738720482 0.74443476586167844911 0.01681341484625878749 0.00000000137795019886 
0.00166187500748675573 0.04487865773954945181 0.06322338096610746749 0.74358869502567215282 0.04100719985044139204 0.10564019141074282304 
0.03374084873277054947 0.06265665812444178029 0.02999367196305328595 0.76151111100622215222 0.01786834774716881957 0.09422936242634348536 
0.17100231842257809789 0.00000000278117311476 0.03505655125078870754 0.79394112441658815094 0.00000000161462386387 0.00000000151424804010 
0.00000000117210794009 0.00000000100000000000 0.00015155322770733635 0.88956103475981196382 0.03086809132790903701 0.07941931851246351870 
0.00016193774075945680 0.08701099000813303230 0.04562941617427494767 0.74309429379801883453 0.03058113421588577047 0.09352222806292805057 
0.00000000099999999999 0.52169394992292850155 0.00000000099999999999 0.47830602682399586678 0.00000001262486087798 0.00000000862821472168 
0.00211372812586384847 0.10081717324899298893 0.02807087256483489085 0.69672943959873412378 0.00000000237705044471 0.17226878408452364622 
0.11364840306510295975 0.09628315751988164584 0.00000000100000000000 0.77540702530261262915 0.01466141101764016283 0.00000000209476258431 
0.00075784963369284505 0.12376730222084923738 0.03586996741493785057 0.74444120870255525713 0.05492708957999169195 0.04023658244797322786 
0.14055262518685457396 0.12957007245291099484 0.01411210661548508750 0.65593341816367045638 0.02407846206458738592 0.03575331551649152395 
0.07847334611246106761 0.05235903022362526499 0.01147325788205049227 0.82821530137499788093 0.02891262449457431341 0.00056643991229096734 
0.20388976472569042553 0.02457455358070105220 0.00000002196609612977 0.75234589741808988173 0.01918976130942229991 0.00000000100000000000 
0.03787350656419039008 0.09959822349734727409 0.00061654862814906029 0.68291796592531395227 0.01685164002632422164 0.16214211535867500968 
0.07740691721935864800 0.05236559764096297698 0.02513101812714407107 0.81399288236885292136 0.03110358358091623240 0.00000000106276508593 
0.06278340544704870407 0.17799597609318232316 0.02509405795439694983 0.73412655002676807658 0.00000000168439233791 0.00000000879421165547 
0.08164512198841859802 0.04169110687257192999 0.01949087539567893185 0.78304127760870378960 0.00986190542188908337 0.06426971271273759778 
0.12843870782140948128 0.00000000100000000000 0.00000000100000000000 0.84006266569120724430 0.01809135947149313056 0.01340726501589027328 
0.12998446237516431134 0.13755144803652502583 0.00000014528242562990 0.72287689281521561036 0.00958705049066934517 0.00000000100000000000 
0.13002588181262356160 0.00000000107997214300 0.05517769723396972331 0.76010810271195972110 0.01281406569459590458 0.04187425146687898808 
0.00000000152084209910 0.08959537779110490763 0.04955049375475707035 0.73797262234287119842 0.00003305762609592562 0.12284844696432865863 
0.11609567171410321851 0.13220654088078309663 0.01496881243114699458 0.67068362564501071699 0.01230788578085979801 0.05373746354809622733 
0.00000000100000000000 0.16982387663107245679 0.00000000100000000000 0.02840496530366872288 0.00000000100000000000 0.80177115506525875599 
0.00000000100000000000 0.19615263603346880239 0.00000000100000000000 0.00000000100000000000 0.00000000100000000000 0.80384735996653111645 
0.00000000099999999999 0.17295765041452063060 0.00000000099999999999 0.00000000099999999999 0.00000000099999999999 0.82704234558547928824 
0.00000000099999999998 0.10693354547894741435 0.00000000099999999998 0.00000000099999999998 0.00000000099999999998 0.89306645052105260163 
0.00000000348849578673 0.21031124743023338342 0.00000001467818768311 0.07548886009088279225 0.05201148367248938087 0.66218839063971102199 
0.00000000099999999999 0.20176014277136478103 0.00000000099999999999 0.00000000099999999999 0.00000000099999999999 0.79823985322863511005 
0.00000000521147162273 0.21053359417378661456 0.00000000813475459952 0.01818825504405475676 0.03811185161755976936 0.73316628581837273160 
0.00000000100000000000 0.18777928180928019075 0.00000000100000000000 0.00000626419753671084 0.00913840622405663432 0.80307604576912650085 
0.00000000099999999999 0.20579793326395759423 0.00000000099999999999 0.00000000099999999999 0.00000000099999999999 0.79420206273604243563 
0.00000000099999999999 0.21522791130940105431 0.00000000099999999999 0.00000000099999999999 0.04834563650983544902 0.73642644918076338723 
0.00000000100000000000 0.27102884219814865618 0.00000000133065034298 0.00640612620497779846 0.00109078922221906758 0.72147424004400406705 
0.00000000100000000000 0.19818803682566807356 0.00000000100000000000 0.00141186719695225813 0.05894417105399040596 0.74145592292338935447 
0.00000000100000000000 0.24501294011695420871 0.00000000100000000000 0.00000071143574355819 0.03853512035413510228 0.71645122609316713724 
0.00000000100000000000 0.29719101988094570599 0.00000000100000000000 0.00000000100000000000 0.00011659471510352310 0.70269238240395071049 
0.00000000100000000000 0.24788587456695534983 0.00000000100000000000 0.00040801420245750475 0.04231397243955856147 0.70939213679102863797 
0.00000000099999999999 0.20983982522319991060 0.00000000099999999999 0.00000000099999999999 0.00003486552402316630 0.79012530625277699325 
0.00000000100000000000 0.20013031037814207891 0.00000000100000000000 0.00000000100000000000 0.00020271322084334527 0.79966697340101444702 
0.00000000099999999999 0.29586408994014457008 0.00000000099999999999 0.00000000099999999999 0.01132682774776236009 0.69280907931209290140 
0.00000000099999999999 0.24106268806817532369 0.00000000099999999999 0.00000000099999999999 0.01339649554613662683 0.74554081338568811699 
0.03839215716268940676 0.16228998562791965843 0.11423016065018801179 0.21152537723869899167 0.00000028605769569210 0.47356203326280843502 
0.00000000100000000000 0.19857155399432332987 0.00000000125823167069 0.00000117950203514198 0.00000000100000000000 0.80142726324540991545 
0.00000000099999999998 0.12597247419478246888 0.00000000099999999998 0.00000000099999999998 0.00000000099999999998 0.87402752180521758874 
0.00000000100000000000 0.25326894385473297522 0.00000000100468349299 0.00000000100000000000 0.00157077920949000587 0.74516027393109351973 
0.00000000099999999999 0.17648720124466374393 0.00000000099999999999 0.00000000099999999999 0.00000000099999999999 0.82351279475533623042 
0.00000000099999999999 0.21422363277814038263 0.00000000099999999999 0.00000000099999999999 0.00000082073463978152 0.78577554348721989630 
0.00000000100000000000 0.28314350884106076478 0.00000000100000000000 0.00000000100000000000 0.00000683763356600693 0.71684965052537308328 
0.00000000100000000000 0.27276006068880465083 0.00000001345943959296 0.00000122484283723991 0.00000172217480257123 0.72723697783411589413 
0.00000000249301733378 0.16421680952039391377 0.00000000100000000000 0.00000000100000000000 0.02475784478174691480 0.81102534120484182090 
0.00000000099999999998 0.10422027091758845341 0.00000000099999999998 0.00000000099999999998 0.00000000099999999998 0.89577972508241165972 
0.00000000180011272747 0.21457150537593749906 0.00000000100000000000 0.09408999127232960114 0.05053947997034349826 0.64079902058127669040 
0.00000000099999999999 0.18941405442640199541 0.00000000099999999999 0.00000187086862863692 0.04788476342291259069 0.76269930928205686982 
0.00000000099999999998 0.00000000099999999998 0.00000000099999999998 0.00000000099999999998 0.99999999499999991937 0.00000000099999999998 
0.00000000099999999997 0.00000000099999999997 0.00000000099999999997 0.00000000099999999997 0.99999999500000003039 0.00000000099999999997 
0.00000000099999999998 0.00000000099999999998 0.00000000099999999998 0.00000000099999999998 0.99999999500000003039 0.00000000099999999998 
0.00000000099999999998 0.00000000099999999998 0.00000000099999999998 0.00000000099999999998 0.99999999499999991937 0.00000000099999999998 
0.00000000099999999998 0.00000000099999999998 0.00000000099999999998 0.00000000099999999998 0.99999999499999991937 0.00000000099999999998 
0.00000000099999999996 0.00000000099999999996 0.00000000099999999996 0.00000000099999999996 0.99999999499999991937 0.00000000099999999996 
0.00000000099999999997 0.00000000099999999997 0.00000000099999999997 0.00000000099999999997 0.99999999499999991937 0.00000000099999999997 
0.00000000099999999998 0.00000000099999999998 0.00000000099999999998 0.00000000099999999998 0.99999999499999991937 0.00000000099999999998 
0.00000000099999999996 0.00000000099999999996 0.00000000099999999996 0.00000000099999999996 0.99999999500000003039 0.00000000099999999996 
0.00000000099999999995 0.00000000099999999995 0.00000000099999999995 0.00000000099999999995 0.99999999500000003039 0.00000000099999999995 
0.00000000099999999996 0.00000000099999999996 0.00000000099999999996 0.00000000099999999996 0.99999999499999991937 0.00000000099999999996 
0.00000000099999999998 0.00000000099999999998 0.00000000099999999998 0.00000000099999999998 0.99999999500000003039 0.00000000099999999998 
0.00000000099999999998 0.83479186071087763121 0.00000000099999999998 0.00000000099999999998 0.16520813528912245416 0.00000000099999999998 
0.00000000099999999997 0.00000000099999999997 0.00000000099999999997 0.00000000099999999997 0.99999999500000003039 0.00000000099999999997 
0.00000000099999999997 0.00000000099999999997 0.00000000099999999997 0.00000000099999999997 0.99999999499999991937 0.00000000099999999997 
0.00000000099999999997 0.00000004345466210977 0.00000000099999999997 0.00000000099999999997 0.99999995254533780020 0.00000000099999999997 
0.00000000099999999997 0.00000000099999999997 0.00000000099999999997 0.00000000099999999997 0.99999999499999991937 0.00000000099999999997 
0.00000000100000000000 0.00000002676968176630 0.00000000100000000000 0.00000001838028886414 0.99999987116682975685 0.00000008168319963945 
0.00000000099999999997 0.00000000099999999997 0.00000000099999999997 0.00000000099999999997 0.99999999500000003039 0.00000000099999999997 
0.00000000099999999996 0.00000000099999999996 0.00000000099999999996 0.00000000099999999996 0.99999999499999991937 0.00000000099999999996 
0.00000000099999999998 0.00000000099999999998 0.00000000099999999998 0.00000000099999999998 0.99999999499999991937 0.00000000099999999998 
0.00000515692562801077 0.45219472049939885006 0.00000000100000000000 0.00000000588359141285 0.53051432284274724349 0.01728579284863439661 
0.00000000099999999997 0.00000000099999999997 0.00000000099999999997 0.00000000099999999997 0.99999999499999991937 0.00000000099999999997 
0.00000000099999999999 0.41473582036603112710 0.00000000099999999999 0.00000000099999999999 0.58526417563396881949 0.00000000099999999999 
0.00000000099999999997 0.00000000099999999997 0.00000000099999999997 0.00000000099999999997 0.99999999500000003039 0.00000000099999999997 
0.00000000099999999997 0.00000000099999999997 0.00000000099999999997 0.00000000099999999997 0.99999999499999991937 0.00000000099999999997 
0.00000000099999999998 0.00000000099999999998 0.00000000099999999998 0.00000000099999999998 0.99999999499999991937 0.00000000099999999998 
0.00000000099999999996 0.00000000099999999996 0.00000000099999999996 0.00000000099999999996 0.99999999500000003039 0.00000000099999999996 
0.09515970781935122191 0.00000564915428497163 0.78589166148930866829 0.00995492365523324013 0.00000000100000000000 0.10898805688182175433 
0.95281966149902297403 0.00000496995515060631 0.00000000100000000000 0.00000000100000000000 0.00441881042502681454 0.04275655612079943407 
0.97033926182194407684 0.00000002084085281784 0.00000237299749229154 0.00000000312169248031 0.00000000100000000000 0.02965834021801828924 
0.12037703168392768771 0.00000039710009211664 0.80721388727104381733 0.04623690674996212835 0.02616745901535592889 0.00000431817961839953 
0.89180429263153859765 0.00000000100000000000 0.06627032042998357020 0.00005639570557221999 0.00000000100000000000 0.04186898923290571783 
0.94794653741399392821 0.00000001730109492031 0.00000013972384741929 0.00000001885549375918 0.00000000100000000000 0.05205328570557004458 
0.99822456776086920804 0.00000000099999999999 0.00000000099999999999 0.00000000099999999999 0.00000000099999999999 0.00177542823913085044 
0.89279980239770329042 0.00000000100000000000 0.03786545773404306064 0.02628451673896661789 0.00107946270798067560 0.04197075942130633341 
0.99999933695164389125 0.00000000133411626847 0.00000063773805237868 0.00000001134202816473 0.00000000185708440582 0.00000001077707494341 
0.95646649871473243820 0.00000000100000000000 0.00020077609868788488 0.00000000100000000000 0.00000000100000000000 0.04333272218657990144 
0.94078497108188519071 0.00000000099999999999 0.00798485522428458473 0.00000000099999999999 0.00000000099999999999 0.05123017069383039440 
0.94372792455724507921 0.00000000099999999999 0.00000146085382078264 0.00000000099999999999 0.00000000099999999999 0.05627061158893422593 
0.39368304041693713557 0.00000000100000000000 0.48048422262320722442 0.02414536212652160577 0.00773544631976667754 0.09395192751356735983 
0.61326276156587300470 0.00000000400531989072 0.02977059314887575692 0.31658346215263094559 0.00000000100000000000 0.04038317812730033568 
0.91097363024554367517 0.00000000100000000000 0.04176143871699162374 0.00000000100000600483 0.00000000100000000000 0.04726492803745896421 
0.94277330961040850532 0.00000000151365959805 0.05460094091160649921 0.00000000100000000000 0.00000000100000000000 0.00262574596432558647 
0.91660734783486230715 0.00000047883368584165 0.02921429950921958230 0.00000182546060912456 0.00234603616653964071 0.05183001219508359680 
0.88770369029644380365 0.00000002109169149815 0.01395008785535802216 0.00000000100000000000 0.00000000100000000000 0.09834619875650672804 
0.00000000099999999996 0.00000000099999999996 0.99999999499999991937 0.00000000099999999996 0.00000000099999999996 0.00000000099999999996 
0.90957157659374554548 0.00194431590703834424 0.04087236467749465890 0.00000417825108312761 0.00000000100000000000 0.04760756357063830602 
0.08047554627231898183 0.01700159005981060484 0.80337917345248766043 0.00129972646275014893 0.01464616401610297977 0.08319779973652970118 
0.13651971511840949036 0.00000001092183094131 0.73925458784371123055 0.02425813442781696305 0.00000000100000000000 0.09996755068823134915 
0.96308177971310282572 0.00000000134270970626 0.00000000152518100664 0.00000000100000000000 0.00000000100000000000 0.03691821541900647263 
0.99999955088756076194 0.00000000099999999999 0.00000038663568035074 0.00000003875390560858 0.00000000099999999999 0.00000002172285318478 
0.00071660514210393847 0.00040284535949709825 0.80379399914861149323 0.02742494304755535919 0.00004721143646150251 0.16761439586577056571 
0.98071298753419977601 0.00000000099999999999 0.00000000099999999999 0.00000000099999999999 0.00000000099999999999 0.01928700846580022263 
0.95233165134338937374 0.00000340518460903127 0.00000000100000000000 0.00000000100000000000 0.00000000951977354417 0.04766493195222813034 
0.06383658610970924241 0.00022605203700122494 0.79237275305815935145 0.06194224301230631669 0.00000000100000000000 0.08162236478282398899 
0.92505362764722887103 0.00000000100000000000 0.03716300469169664389 0.00000000100000000000 0.00000000100000000000 0.03778336466107461156 
0.17556143162570631011 0.22942176701612884693 0.37196262616302500081 0.06407297679439345750 0.05520554499322212483 0.10377565340752444023 
0.92848707801352181601 0.00000000100000000000 0.01569001686820351710 0.00002124008679133537 0.00037847316125780154 0.05542319087022556240 
0.92821113057848847472 0.00106840358356275790 0.02187362598428248608 0.00000000100000000000 0.00000000100000000000 0.04884683785366653042 
0.99705431454590132123 0.00000000099999999999 0.00000600464681457392 0.00000000099999999999 0.00000000099999999999 0.00293967780728421812 
0.23022211882838511388 0.00480288731082964288 0.66350861270832406369 0.00000000122466413088 0.00000002497171048615 0.10146635495608641309 
0.00000010397315306874 0.00051630245495883455 0.84906841523652953896 0.00000000100192755743 0.00031113368751728090 0.15010404364591375947 
0.99964600808097703322 0.00000005069018899076 0.00000000100000000000 0.00000120309495584566 0.00035270060299394835 0.00000003653088420105 
0.14990097698293425310 0.00000000100000000000 0.77937372951700023549 0.00000000100000000000 0.00000000100000000000 0.07072529050006563789 
0.00000000613372626555 0.00000002991918088397 0.86190984002367621031 0.00000000111937495457 0.00000000100000000000 0.13809012180404192649 
0.12477614129629086004 0.00000000100000000000 0.79385634554417261466 0.04571474048033370013 0.00000000100000000000 0.03565277067920282622 
0.08186097038591266806 0.03814911066198717338 0.83255873752343489969 0.04648632688874591162 0.00091332041137086946 0.00003153412854840455 
0.99999916414886913518 0.00000000099999999999 0.00000081870126172063 0.00000000114057629807 0.00000000099999999999 0.00000001400929287999 
0.99927107360438272021 0.00000203517111247919 0.00000000100000000000 0.00000022909911052228 0.00072661592006535681 0.00000004520532890495 
0.89219729938709702033 0.00000000566477939587 0.05686319317376786753 0.05093949977435580090 0.00000000100000000000 0.00000000100000000000 
0.81036946703453127672 0.00042005913263990218 0.10036338535310569686 0.00134649072228126463 0.00167379127650254243 0.08582680648093943265 
0.87808203252176519893 0.00000000100000000000 0.07961923406577794959 0.03159588235167121867 0.00000000100000000000 0.01070284906078563213 
0.16988476685701719981 0.03407415776801410445 0.68761725993688849190 0.00000000100000000000 0.00000000100000000000 0.10842381343808028815 
0.92689660280275865123 0.00185504664404684120 0.02104831579519398158 0.00000000100000000000 0.00028131696212918707 0.04991871679587132210 
0.88412120427273799272 0.00000000100000000000 0.07816861547271269917 0.00000000100000000000 0.00000000100000000000 0.03771017725454940683 
0.96894315245021567229 0.00000000099999999998 0.03105684354978445472 0.00000000099999999998 0.00000000099999999998 0.00000000099999999998 
0.51857247592378996615 0.00001749141913858890 0.37657721565796919982 0.01404901185673935494 0.00000000100000000000 0.09078380414236275620 
0.38291822432057315284 0.00000003028317761069 0.54000400476339549538 0.00670414652302742543 0.03309546082935826278 0.03727813328046802877 
0.94990175229786999456 0.00000000099999999999 0.05009813354516927386 0.00000011115696075965 0.00000000099999999999 0.00000000099999999999 
0.94046750492290787093 0.00000000100000000000 0.00000000100000000000 0.00000292604376502071 0.00078226233609894667 0.05874730469722831000 
0.31738230262985417385 0.00000000100000000000 0.64229860250452608383 0.01182068653854036200 0.00000000151891507471 0.02849840580816433155 
0.11296382049879992449 0.00806939888487619855 0.74837761731570573431 0.02586809757962827555 0.00775408243176223689 0.09696698328922770393 
0.24564083798064889619 0.00000000100000000000 0.64904843511170506876 0.02766440101183741812 0.00000181871570338473 0.07764450618010523830 
0.94664599437964425110 0.00000000444973565037 0.05335392423159162484 0.00000000276508519205 0.00000007317394311375 0.00000000100000000000 
0.93828820175417448901 0.00000000099999999999 0.03079717732110486689 0.00000000099999999999 0.00000000099999999999 0.03091461792472066997 
0.81315089899479386926 0.00000000100000000000 0.11914761347914595846 0.00000000100000000000 0.00000000100000000000 0.06770148452606032652 
0.13992648480141617329 0.00897070033290831882 0.73935634459260446416 0.04361085836433204604 0.00000000100000000000 0.06813561090873904158 
0.16418760508772470286 0.01863967587423299641 0.73537423496120357669 0.01813666314406264107 0.00638143250535894244 0.05728038842741724895 
0.92463843283600355427 0.00019592421566130526 0.00926668165649695112 0.00009996574161053632 0.00182005846978345524 0.06397893708044419259 
0.96007863915099078689 0.00000000099999999999 0.00000000099999999999 0.00000000099999999999 0.00000000099999999999 0.03992135684900931930 
0.98509790886881454242 0.00000000100000000000 0.00000000100000000000 0.00000000113952377564 0.00000000100000000000 0.01490208699166167480 
0.99999015487428977167 0.00000000599662503701 0.00000014500210879465 0.00000781931082726001 0.00000014537959562196 0.00000172943655356337 
0.98090128859657110816 0.00000000099999999999 0.00006070558473787679 0.00000000099999999999 0.00000000099999999999 0.01903800281869117220 
0.89119028298240310360 0.00000000100000000000 0.04872993315705754364 0.05992606935749482389 0.00000000100000000000 0.00015371250304458645 
0.91122959159765215542 0.00000000100000000000 0.00000000100000000000 0.08656798734622360436 0.00000000100000000000 0.00220241805612436106 
0.13752169830251259608 0.02402377354025241052 0.75763085541087993313 0.04217737355885061573 0.00118886754652743260 0.03745743164097691674 
0.00000000550693274751 0.00000000100000000000 0.87695327882794171792 0.00904761914423594590 0.00000000100000000000 0.11399909452088956285 
0.87503248257970001056 0.00000000911300797373 0.05216073510021512066 0.03462851281790251673 0.03817825938917434464 0.00000000100000000000 
0.95392263239735641811 0.00000000100000000000 0.00000000160299183436 0.00000001530311895868 0.00000000100000000000 0.04607734869653278692 
0.17715922048588850224 0.00078354743937401915 0.71510496483494245812 0.00286207623035119240 0.00073854038603930099 0.10335165062340459508 
0.32174756038167962036 0.01741230575787070314 0.54839742834927851511 0.05618588645894899425 0.00014515299612118107 0.05611166605610089925 
0.99999032793519282425 0.00000000519305729222 0.00000033861677976826 0.00000710594441773774 0.00000017633694531808 0.00000204597360711414 
0.99979202730587524162 0.00000012596237195521 0.00000278522041756302 0.00000001190228222500 0.00020475852642810888 0.00000029108262491668 
0.96930200747810091322 0.00000000100000000000 0.00000273015703111016 0.00000000100000000000 0.00000000100000000000 0.03069525936486818332 
0.99946442771155996621 0.00000000134265933057 0.00053556571843896370 0.00000000100000000000 0.00000000322734169340 0.00000000100000000000 
0.10590468231000838006 0.00330686611107099387 0.80545502372312649531 0.01108630813971647582 0.00274551530229261934 0.07150160441378503040 
0.00000000192294385556 0.00326326149578467931 0.84355753249469933586 0.00415001304373376588 0.00000000100000000000 0.14902919004283829429 
0.95663956228605762089 0.00000000100000000000 0.00000000100000000000 0.00000000100000000000 0.00000000100000000000 0.04336043371394255469 
0.99759565592299093151 0.00000000099999999999 0.00000000099999999999 0.00000000099999999999 0.00000000099999999999 0.00240434007700923236 
0.01068781373273473487 0.00000000100000000000 0.85262581574947660101 0.00000045989397980995 0.00000000100000000000 0.13668590862380902706 
0.09963233485681094459 0.00000000227320397222 0.80460748635219514480 0.03171701649311878257 0.03456916300843076301 0.02947399701624050378 
0.00000000100000000000 0.00010411905651211360 0.88986745448698789662 0.00769003661300777467 0.00017294815562303917 0.10216544068786909127 
0.31171504796009813498 0.00000000134392037644 0.60894412880244275232 0.01771255739541307064 0.02000101450021190760 0.04162724999791372199 
0.86230630270221308997 0.00000000152427105944 0.10531220020139084315 0.00000000100000000000 0.01016773073972144538 0.02221376383240367472 
0.13449037702075150591 0.00000037595933240228 0.75736356098206070175 0.04013936270155073899 0.02463140094155466184 0.04337492239475012473 
0.39351933897012458807 0.00000000100000000000 0.52214140368088934885 0.01515272813842332388 0.00151569445007008119 0.06767083376049271015 
0.90489952160209907728 0.00283610755402985979 0.00812195286431763135 0.05743951045998160060 0.00000000100000000000 0.02670290651957177644 
0.99999926558404339527 0.00000002084199461842 0.00000058407579285691 0.00000009580473896542 0.00000000100000000000 0.00000003269343023647 
0.97329565220289449012 0.00000000099999999999 0.00000000099999999999 0.00000000099999999999 0.00000000099999999999 0.02670434379710573056 
0.00010996283809059696 0.05745680886830484280 0.79145254998074465735 0.03905037198958766220 0.00663371376296574295 0.10529659256030637904 
0.98946859390514863009 0.00000000099999999999 0.00000000099999999999 0.00000000099999999999 0.00000000099999999999 0.01053140209485150733 
0.99990862762882570802 0.00000404239127284588 0.00000003064372889610 0.00000000274763384392 0.00008727512650426313 0.00000002146203434075 
0.89927508708604442234 0.00000000100965745723 0.06036146207319633555 0.01280852604327979878 0.00000000100000000000 0.02755492278782204624 
0.99999717701413659565 0.00000001640072595211 0.00000097621920567968 0.00000017105645331928 0.00000003598683447166 0.00000162332264387045 
0.99992431414763138786 0.00000000137924192444 0.00000002259340005598 0.00000002827158178255 0.00007557618880201777 0.00000005741934283066 
0.00000079441591489695 0.00000000099999999999 0.88353707862229324821 0.00001989017363693235 0.00000000099999999999 0.11644223478815507455 
0.88479105694004300808 0.00000000537765017096 0.05410648913431713447 0.00000000100000000000 0.00000000100000000000 0.06110244654798971387 
0.97350948432024464463 0.00000000099999999999 0.00000000099999999999 0.00000000099999999999 0.00000000099999999999 0.02649051167975539564 
0.34233767284593691338 0.00000407641639989724 0.57111448712206025480 0.00393175575337764358 0.00015452645844044301 0.08245748140378471314 
0.93591629046349678056 0.06408358370090416756 0.00000000347995434701 0.00000000657082030162 0.00000000103177140512 0.00000011475305298279 
0.99999944931382800384 0.00000000099999999999 0.00000000099999999999 0.00000000099999999999 0.00000000099999999999 0.00000054668617203183 
0.99999820753535462181 0.00000000100000000000 0.00000128298971653283 0.00000013514828090279 0.00000015746609855988 0.00000021586054940273 
0.12347337514519135526 0.00000010382377033182 0.77904859733989395565 0.01589500187125543473 0.00009716233601894366 0.08148575948387001833 
0.99999974099583288645 0.00000000100000000000 0.00000002814778632876 0.00000011990232381439 0.00000009847725153335 0.00000001147680531697 
0.00320243398808969966 0.99330672450773060955 0.00000000099999999999 0.00000000099999999999 0.00349083850417986888 0.00000000099999999999 
0.00000000099999999999 0.12973836951872952383 0.00000000099999999999 0.00000000099999999999 0.00000000099999999999 0.87026162648127036725 
0.00000000394366083568 0.20745186938456866566 0.13633508104864172639 0.23680621539771351536 0.00000014257409698795 0.41940668765131827733 
0.00000000540045547522 0.20283239203506683856 0.00000000514515636593 0.02852276681660373056 0.01281663123235993011 0.75582819937035772284 
0.00004649776937061602 0.99935481924165447953 0.00000000099999999999 0.00000000099999999999 0.00059867998897487180 0.00000000099999999999 
0.00000000099999999999 0.23563411001634504416 0.00000000099999999999 0.00000000099999999999 0.00000083651999884391 0.76436505046365610383 
0.00000000099999999999 0.84222269014385808816 0.00000000099999999999 0.00000000099999999999 0.15777730584596408314 0.00000000101017803478 
0.00000000125845678812 0.26777606732683084667 0.00000000138545368747 0.00041398176678458668 0.00001278746599772925 0.73179716079647638693 
0.00000000100000000000 0.19606943660699541199 0.00000000100000000000 0.04294812298471197692 0.00875658365716365690 0.75222585475112901943 
0.00000000100000000000 0.16083911877331105722 0.00000000100000000000 0.00000316982081257950 0.02130607004789697098 0.81785163935797944301 
0.00000000100000000000 0.29885146572677617760 0.00000000100000000000 0.00384874813408254968 0.02240271161969226849 0.67489707251944897060 
0.00000000125840150514 0.16888264088520252293 0.00000000520322709460 0.10076558294802839821 0.00000000100000000000 0.73035176870514040282 
0.00000000169117336487 0.20328365879346302347 0.04228687823364855880 0.12674376455583136192 0.01982446714971285509 0.60786122957617083618 
0.00554575783033743608 0.97719194895218564056 0.00000000099999999999 0.00000000099999999999 0.01726229021747694575 0.00000000099999999999 
0.00065128523187887139 0.92590509743431037570 0.00000000099999999999 0.00000000099999999999 0.07344361433381073334 0.00000000099999999999 
0.00000000295626220727 0.09708103405679442688 0.00000000221482587050 0.03343983449100112332 0.00000091291941186365 0.86947821336170449946 
0.23323524122782288148 0.02087450349857978768 0.49622932876167036298 0.10273017205908280269 0.00305190396610580854 0.14387885048673823563 
0.00020642043049072631 0.01465396911914996700 0.83661796351618211709 0.07115517146382430158 0.00000004563819093335 0.07736642983216203417 
0.00377656677071713147 0.97214321315498675169 0.02408021707429618130 0.00000000099999999998 0.00000000099999999998 0.00000000099999999998 
0.00000001259971628997 0.00676234836479966926 0.82275270400504962875 0.07454581608571243800 0.02730932061626409335 0.06862979832845779449 
0.03930083441382897086 0.49477668370521138419 0.42686785118836317876 0.03397945891776447264 0.00507516962839887117 0.00000000214643309115 
0.00000000099999999999 0.00000000099999999999 0.99999999499999991937 0.00000000099999999999 0.00000000099999999999 0.00000000099999999999 
0.00000000218106813211 0.00000000100000000000 0.88043365875116597064 0.00000000100000000000 0.00000000100000000000 0.11956633606776578826 
0.10400849669993378344 0.04128726427943217592 0.74662272782164496032 0.00976633764466490126 0.00000000100000000000 0.09831517255432413449 
0.00000000099999999997 0.00000000099999999997 0.99999999500000003039 0.00000000099999999997 0.00000000099999999997 0.00000000099999999997 
