0.07507118615463405364 0.03308581010128430755 0.03150052969002008207 0.00000000609543499602 0.67878960935932175502 0.05800040026670349319 0.11234170365439569150 0.00000000100000000000 0.00103119987092607757 0.00000000100000000000 0.01017955180727955766 0.00000000100000000000 
0.00000000099999999890 0.00000000099999999890 0.00000000099999999890 0.00000000099999999890 0.00000000099999999890 0.00000000099999999890 0.00000000099999999890 0.00000000099999999890 0.99999998899999986701 0.00000000099999999890 0.00000000099999999890 0.00000000099999999890 
0.00000000099999999999 0.04061879774978173485 0.18039199910240388824 0.02343048338921012094 0.73151941652380336745 0.00000000099999999999 0.02394141794252542185 0.00000000099999999999 0.00009787921829738654 0.00000000107397814956 0.00000000099999999999 0.00000000099999999999 
0.00000001834236513533 0.00000000099999999999 0.20953813965908235639 0.09025020256383348149 0.66590858377123107736 0.00000000099999999999 0.00000000099999999999 0.00255278736969616294 0.00000000099999999999 0.00000000099999999999 0.03175026229379181164 0.00000000099999999999 
0.05157684115669580738 0.00000163779983851056 0.00000000100000000000 0.03803711380087394789 0.65730641457270266859 0.07549782751225037059 0.04973424843738040446 0.00000003308352159120 0.03947722323201805633 0.01223431913218879508 0.01304848486807384453 0.06308585540445590945 
0.00000000100000000000 0.09084228866770319155 0.17668159674490974131 0.00000000100000000000 0.69401642730871349052 0.00000000100000000000 0.00000618915914655213 0.02228389580070141637 0.00095405089346990702 0.00000085443475760487 0.00876156788701046296 0.00645312610358757775 
0.04394265135300703257 0.05302085431639591562 0.00000000100000000000 0.14095329575627221774 0.64452971809829751049 0.02865714500717454413 0.00000000611372324702 0.00000011565698474625 0.00961648362262904240 0.03556653521562826159 0.04371268252951265865 0.00000051133037477677 
0.00000000099999999999 0.07468186556881330207 0.11629184472884883383 0.00000000099999999999 0.71647334182794142343 0.00000000099999999999 0.03599072756588294481 0.00000000099999999999 0.01309670983854691918 0.00565705240063446579 0.03780845306933219158 0.00000000099999999999 
0.00718751634628911514 0.00000041555784111257 0.00001235965296601419 0.00000001637700064195 0.67080143956069260280 0.08834566069401054988 0.00000000100000000000 0.00000000100000000000 0.01206932552532278061 0.00000000100000000000 0.08746751892344890866 0.13411574436242840180 
0.01884585166452315205 0.00000000100000000000 0.05265877689849906423 0.04629334619020975677 0.65366794130848837607 0.00000000122947729303 0.02669724195304773451 0.05948254514787336411 0.03072461463437293691 0.04464102789162830570 0.06698864697721169936 0.00000000510466851407 
0.06671359548653144067 0.00000000100000000000 0.00000000100000000000 0.01471462458103780201 0.65111967322849029216 0.17651781292794660461 0.01961889244136890906 0.02114207850000532352 0.00252859207249117634 0.02923936373219728629 0.00757276446496909974 0.01083260056496204889 
0.08166392658045786013 0.00000000100000000000 0.00000000100000000000 0.01561380199674964470 0.73390734566597937150 0.04549514892482894868 0.05982053736578592934 0.00000026754097264095 0.01456453503541009845 0.04412621170525069664 0.00480822218456485040 0.00000000100000000000 
0.00000000100000000000 0.00000000100000000000 0.00000060971069089810 0.05533761976876777622 0.73892273658495200017 0.00645203370810109710 0.02358325726233491057 0.00008761542646586453 0.00410410128040828836 0.04696826664784784638 0.00000000100000000000 0.12454375661043141921 
0.00000000099999999999 0.00000027602467771163 0.14785335818857447965 0.13700545458533078258 0.71153809386091537714 0.00000000099999999999 0.00000144988163886952 0.00000000099999999999 0.00000066368930700963 0.00000000099999999999 0.00360069876955586374 0.00000000099999999999 
0.01725121285424072518 0.02170733924428369654 0.00000096369955763500 0.05134444390554419868 0.67030255415183592760 0.10108849157332208679 0.00000004339274131507 0.00001041366706844588 0.00000000100000000000 0.01746025037445556385 0.00000000100000000000 0.12083428513695050610 
0.00000000100000000000 0.02629296699987813610 0.10040897682573052263 0.00000000100000000000 0.64658558971263202508 0.12193751220272061597 0.00520213614243752488 0.03979516646535026514 0.01871994614659844638 0.04105770150465239132 0.00000000100000000000 0.00000000100000000000 
0.01640260170735816786 0.00000000100000000000 0.00000000100000000000 0.00008275509698696646 0.67633164535494172398 0.03549862248472220733 0.04918041947596742819 0.00000000100000000000 0.01300426068875662478 0.03212040918567239667 0.04320504323422887094 0.13417423977136569424 
0.06276955900720643244 0.01688765151530536440 0.00000000100000000000 0.04553611004362262404 0.62164319460522277083 0.12335333138772754114 0.05491174720296546075 0.01466919673217502960 0.01494554035237629849 0.00000000100000000000 0.00085703548538493615 0.04442663166801352065 
0.05071203076257319725 0.03095585942168410654 0.00000000100000000000 0.00000000100000000000 0.64602018478325073936 0.11047179613558240352 0.07035302903140851216 0.04672438531080048280 0.00731421714864297599 0.02725198729308264678 0.01019650711297480708 0.00000000100000000000 
0.00871861469101668958 0.01378412538598510102 0.00000000100000000000 0.00000000100000000000 0.67770798980566127057 0.10520760576616999815 0.02797472823123079225 0.00568609767099591094 0.01860346080218387363 0.03288815001945794014 0.03390360886348092045 0.07552561676381759626 
0.04651991704830318181 0.03961723387943510283 0.00000000100000000000 0.00381385463199323139 0.70497801826270645176 0.00000492811389850993 0.05003020487593968363 0.00000000839972880159 0.01631708448878336701 0.04339090491859654702 0.00000002184527672920 0.09532782253533828021 
0.00210023210483258798 0.00000000100000000000 0.00000000100000000000 0.00000000100000000000 0.67641711898063805464 0.06049636564146702172 0.01694385873596724115 0.00004981796946398055 0.01574090060235397784 0.03039341518684724949 0.02491517188902012472 0.17294311588940977642 
0.00004167333628621042 0.00000000100000000000 0.00000000554687279374 0.07585870114740415893 0.62290756377047795667 0.12942574631273917607 0.03114452200284060709 0.00000000100000000000 0.00578753376464518493 0.01734047918051411646 0.00202836660159472605 0.11546540633662516484 
0.00000000100000000000 0.00000000100000000000 0.00000000100000000000 0.00131244437447498689 0.71943538234614001770 0.14598789070061485296 0.00000000100000000000 0.00000000100000000000 0.00997953941980174279 0.00000020733352881059 0.00000000100000000000 0.12328452982543974814 
0.00000000099999999999 0.00000000939519961967 0.00000000099999999999 0.06727089817825346318 0.61102807104643763747 0.11800706210506824168 0.02489979886107454229 0.00000000099999999999 0.02157947594084737297 0.00000000099999999999 0.00000238821221738868 0.15721229226090172038 
0.06573448085547460573 0.00306701649284605617 0.00000763006956041624 0.05052229125575786323 0.68683392983841573542 0.14942576144444738584 0.00000000100000000000 0.00246747650795981453 0.01475840550233355197 0.00336892753753103864 0.02381373330468295954 0.00000034619099063930 
0.00026174899045785382 0.11038647044602563352 0.00000000100000000000 0.00000000100000000000 0.64688126968605130784 0.11967417742934355340 0.03336832554036837928 0.00000000100000000000 0.01069372634716787493 0.00000000100000000000 0.00000001675559144844 0.07873426080499409951 
0.00000007736173225419 0.02173116572051492223 0.12550809076276925325 0.00000000100000000000 0.66927761219775427914 0.00487574859142990771 0.07703207483854949966 0.00000000100000000000 0.01839245511825149740 0.02380194941240496714 0.05050961237566129608 0.00887121162093222095 
0.02579556184945873756 0.01785487842251839985 0.00000000100000000000 0.02793510774589112733 0.61613969364483900382 0.03770932957743087371 0.07764276618995445689 0.00000000175034681288 0.02776775531051818222 0.04771754012380917398 0.00000000100000000000 0.12143736338523322682 
0.07216906858730134933 0.03121041805453727766 0.00000000099999999999 0.00000000099999999999 0.68038425094272081406 0.10572692285681428714 0.06555938519041115686 0.00000000099999999999 0.02015933059643860298 0.00000000099999999999 0.00254646047399075589 0.02224415929778584058 
0.00095870413085289222 0.05327684052675573517 0.06441784661387514599 0.00000000099999999999 0.65018633802419900647 0.09522986504953843967 0.01990924124810988100 0.00000000099999999999 0.00089498428839268748 0.00000000099999999999 0.00000000099999999999 0.11512617611827626052 
0.03695994467151737795 0.00000000100000000000 0.00000000722353583941 0.09250422573048729113 0.70491536143044186691 0.07403985086667501381 0.00000000100000000000 0.05546103671076434150 0.00275838146960957200 0.00785131415048787029 0.00000000100000000000 0.02550987474648092404 
0.03901523344053540315 0.00009016237990330096 0.00663758697225044682 0.00000000100000000000 0.65622950744098151876 0.16269671871059090962 0.03493743950043812913 0.03121946759994460516 0.00680112879321448979 0.00000000100000000000 0.00490622047681722826 0.05746653268532375680 
0.00082754459479399589 0.11326875281822712527 0.00924847030342340094 0.00000000099999999999 0.61541837663840781580 0.00000015367631397719 0.00000000099999999999 0.00000000099999999999 0.21854893500106187254 0.04268776196777181176 0.00000000099999999999 0.00000000099999999999 
0.00008602511398757904 0.07121877113722110964 0.10686448862216413325 0.00001793907065253818 0.67138909017217107689 0.06197384754593598943 0.00000000126022150834 0.02543645134314922659 0.02212254700253046130 0.00000000100000000000 0.04089083673196645258 0.00000000100000000000 
0.00000068115868833229 0.00000042637917454480 0.01471184792887249120 0.00774672166493543379 0.61957679156782596852 0.06526116540537763022 0.03094787680816379200 0.09711619641050492358 0.01712708908551287615 0.06025935500938469497 0.03049683848802941383 0.05675501009352994924 
0.00000000099999999893 0.00000000099999999893 0.00000000099999999893 0.00000000099999999893 0.00000000099999999893 0.00000000099999999893 0.00000000099999999893 0.00000000099999999893 0.99999998899999986701 0.00000000099999999893 0.00000000099999999893 0.00000000099999999893 
0.05818130247763647622 0.00052828867190198177 0.00324052051092324793 0.09622288370992744533 0.64367841124835645239 0.07627924213985401436 0.03829503231514060080 0.03906824346084541294 0.02128207146197669958 0.02312130841692381505 0.00010269458651365923 0.00000000100000000000 
0.00000000099999999998 0.00000000099999999998 0.00000000099999999998 0.00000000099999999998 0.73941843975371945863 0.00000000099999999998 0.00000000099999999998 0.00000000099999999998 0.00000000099999999998 0.08642500081318667260 0.00000884893342871608 0.17414770249966526894 
0.00871586836657541747 0.00000000100000000000 0.00000000100000000000 0.00000000100000000000 0.64173095522843448535 0.10264523060708256874 0.00000000100000000000 0.04411428493921167732 0.01264306869810254835 0.03532934534419607253 0.04539505186568031786 0.10942619095071691449 
0.07847586105656118027 0.05437217449634662580 0.00000080205602742597 0.00000000100000000000 0.68937800888209077588 0.00356076665153586339 0.11576714490570924609 0.00000000100000000000 0.02913148236706299826 0.02931342401985039328 0.00000000100000000000 0.00000033256481556432 
0.04906404903568920700 0.06571079121753602148 0.00288061235204564118 0.00000000100000000000 0.65295549752147941103 0.09707197239501819119 0.04210602553080434324 0.00000000100000000000 0.01345649352229594427 0.00000000100000000000 0.02696619194476382667 0.04978836348036741466 
0.00000000100000000000 0.03943490267719157449 0.00000000100000000000 0.04297920898428678194 0.69962693572270540088 0.08910964611021814086 0.02006358525963499589 0.02765731142415397276 0.01761916011393394738 0.01218043023718803040 0.01374633238747655951 0.03758248508321072184 
0.02380016592193155006 0.06346560052316499445 0.00000000100000000000 0.00000000100000000000 0.69790766985951102619 0.04166816181515631962 0.06997977626008895780 0.00773269964082244719 0.00604081305573930544 0.02575394273446795709 0.00704064154777961880 0.05661052664133791462 
0.02274829927216399927 0.06229387278683290452 0.00000656209345828578 0.03670149187805246682 0.64043178360431352036 0.11347945463187113224 0.02596770728623195440 0.07707726608610765417 0.01176100279377445545 0.00000000100000000000 0.00000000100000000000 0.00953255756719358950 
0.00533659067877985047 0.00005121464648275251 0.00000000282620362391 0.04375048531548438036 0.64197683060774768382 0.16532785322125997940 0.04637081488053173411 0.01738427927981356716 0.01524103652080383009 0.00000025474045143808 0.00000254773200489601 0.06455808955043625119 
0.00000000100000000000 0.03426176012799222320 0.00000003339209746689 0.07222283341746543739 0.63552102107067420800 0.05264299273021333381 0.09041148440944454800 0.03581794405352575761 0.01831905542773927878 0.00079304987823399951 0.00000000100000000000 0.06000982349261368975 
0.00844009825025878596 0.06889117623401115609 0.03581590515248894019 0.00000000100000000000 0.60268212046114311153 0.17625557576606093457 0.00331053133309886253 0.05647091284186987747 0.01736468493750441613 0.00000000100000000000 0.02735651894533097303 0.00341247407823303721 
0.00000000100000000000 0.10155211228110441746 0.00035384314274090661 0.03885761984526643620 0.57294555617366849098 0.08438843666617983075 0.03576193148957301782 0.11570489344792062036 0.02030414048803156832 0.02583659289301836956 0.00083146585109412734 0.00346340672140227823 
0.00303304178547941349 0.04626280152238553683 0.00000000099999999999 0.12591740883782451266 0.69382628334256035707 0.00000000099999999999 0.00000000099999999999 0.10228026342820997763 0.00000000099999999999 0.00000000099999999999 0.00000000099999999999 0.02868019508354044053 
0.02506403494452148425 0.00000000100000000000 0.00356217403771804829 0.03480577916693208818 0.61817664228971458407 0.04715855447553957830 0.04803325363600530196 0.00000000100000000000 0.02582081897940548959 0.06692798198140265109 0.00000000100000000000 0.13045075748876094890 
0.04942526768403866788 0.02851534564085570281 0.00000000100000000000 0.03957887730910156221 0.62520590725170221980 0.11779816366536230432 0.07968318318675460254 0.00000000100000000000 0.02017335857105232930 0.01912976799641516457 0.02049012569471755224 0.00000000100000000000 
0.00000003767167907020 0.00025347232478609421 0.10518422859245249446 0.00000000100000000000 0.73451670896972065528 0.00000033861228852259 0.07261375413665298317 0.04644474890282673102 0.00000123112425040702 0.01848718224745673003 0.02243261767755283867 0.00006567874033356051 
0.00000000351088479531 0.00000040218921202147 0.00000000100000000000 0.08178851608323314815 0.59268233059835584431 0.06374888854596544308 0.01576762795168179521 0.09119714067735634755 0.02784526607307404381 0.09577520412677027750 0.03088687324818609886 0.00030774599528014151 
0.00000000099999999999 0.00000000099999999999 0.09621064720167690765 0.12671616484897435528 0.66196478344540954364 0.01167549254214118523 0.00771332890242652780 0.09571957705937134131 0.00000000099999999999 0.00000000099999999999 0.00000000099999999999 0.00000000099999999999 
0.00002413457200271116 0.00001037644936230921 0.06135420197585210456 0.00000005737631061378 0.56488048629986920002 0.00142468304725191955 0.07957085428349801315 0.00008943110787160160 0.04034761515971913015 0.06773390279990786078 0.01581304674154024315 0.16875121018681418783 
0.00000150438842248515 0.00000000099999999998 0.00000000099999999998 0.00000000099999999998 0.44538682375567162364 0.12308759720067991017 0.26514723720705268839 0.00000000099999999998 0.04260098570723242634 0.06069074251856110963 0.06308510422237964543 0.00000000099999999998 
0.00000000100000000000 0.05493459513136185468 0.00000002073614273281 0.01262078234226730530 0.67624373521074565563 0.03591222765234049208 0.00026299415909612116 0.00000000110791280003 0.01661537233046851691 0.04048899443274030924 0.00632729272534211101 0.15659398317158218505 
0.03817340366760132303 0.00984015632530228432 0.00003348018330154949 0.00482494651895267433 0.63620447527061962933 0.04577520337319307409 0.10219629897062118551 0.00000000100000000000 0.02806691944145947581 0.00046484900729844931 0.00000000100000000000 0.13442026524165043289 
0.00000000100000000000 0.00201500564292074425 0.06739068807211290313 0.00000002516201865986 0.50870913086903146727 0.11140807164994603884 0.12799071134600825683 0.05167696007800338248 0.02336863075100199805 0.01754958539134922682 0.02038529270960152961 0.06950589732800568910 
0.04284156321816042640 0.06555484721845211693 0.00000000100000000000 0.00000002294858960994 0.57219459243591452857 0.07422128506012710958 0.08230511428583951739 0.00000003015051154432 0.01653825399144404074 0.04848256494804657757 0.00345565801002564168 0.09440606673288892692 
0.00000000099999999999 0.02262666945553944847 0.00000000099999999999 0.00629303137295109463 0.71533879634807406855 0.00996253056722771861 0.00000000099999999999 0.07731581828000978762 0.00000000099999999999 0.05023678717635485236 0.00000000099999999999 0.11822636179984311044 
0.00000486063354643949 0.00000000100000000000 0.06437986671230300217 0.13263830371088464188 0.63724821431260358917 0.04916701145814804386 0.01693316158371666047 0.01807648936276557219 0.01262877541950593180 0.00477690101135597959 0.06414641379517017905 0.00000000100000000000 
0.03842274721733984072 0.00000000100000000000 0.00000000100000000000 0.00006880460344779300 0.69404094427305973447 0.10214947926424880476 0.05885782531251112365 0.05084861638812250562 0.01528474980657455740 0.03540676418677967535 0.00492006594791604551 0.00000000100000000000 
0.00000000100000000000 0.00000012133624703891 0.00292390058838308108 0.11135596033942528338 0.64501325416995503037 0.06312124737486571324 0.02833379811838901072 0.00886757236667612934 0.01172990691774142107 0.01970899160641323422 0.00002527626019955016 0.10891996992170459302 
0.06694964716321527565 0.03952855023779680566 0.08368018552938583099 0.00092611337259622720 0.73609138092338022297 0.00003470499503613798 0.05621077099289843726 0.00000012321372163813 0.01655671807618002561 0.00000000100000000000 0.00000061476014464282 0.00002118973564477521 
0.00000000100000000000 0.08022106486751373611 0.16901968349289231419 0.07726890539796670010 0.63794604907907426217 0.00000000100000000000 0.01872293510548284079 0.00000000100000000000 0.01187672464385596503 0.00000000100000000000 0.00494463241321420680 0.00000000100000000000 
0.00000000100000000000 0.07694762229255765196 0.00000000100000000000 0.00000000100000000000 0.58304683415214941800 0.08935235471017290154 0.03727127767609603182 0.00000684434754688414 0.00966580384933361618 0.01276899650726294119 0.03808245387163065876 0.15285780959325001582 
0.04897959294599864288 0.08286050725034529996 0.00000115948430480799 0.00000192015549560291 0.61873070623200432383 0.15187223903284782778 0.00929895975643396655 0.03769170821256335319 0.02020710390658455799 0.03030325429945626009 0.00000000100000000000 0.00005284772396532722 
0.01952850343949287873 0.05821373079191404648 0.10464759188611449936 0.00000000100000000000 0.64363724903706642788 0.11424197197635821421 0.03099981972505219674 0.01873192147929761062 0.00995983365188749144 0.00003918554760847521 0.00000000100000000000 0.00000019046520818115 
0.00000000100000000000 0.08353602983384714187 0.00011967212168458503 0.00000000100000000000 0.59542564670108344416 0.14780336255223175401 0.00000000100000000000 0.08699913323118055319 0.01173215579943955554 0.00000064258085895158 0.02052164348856620399 0.05386171069110787246 
0.00000746301970918947 0.00000000100000000000 0.00000000100000000000 0.12427615432094191172 0.40337377982480343563 0.07504883030204075045 0.35829433305752894645 0.00000691000628244929 0.00299318264026541582 0.00988137595483993929 0.02611796787358800984 0.00000000100000000000 
0.00000001162337786065 0.00000000099999999999 0.18006410733264882618 0.11140321751514387083 0.70853265552882960243 0.00000000099999999999 0.00000000099999999999 0.00000000099999999999 0.00000000099999999999 0.00000000099999999999 0.00000000099999999999 0.00000000099999999999 
0.00808351887845435921 0.09204308683692950799 0.04990342175410905634 0.00000000099999999999 0.71908576247891697886 0.00000000099999999999 0.00000000099999999999 0.13088420232913000607 0.00000000099999999999 0.00000000099999999999 0.00000000099999999999 0.00000000172246036220 
0.09691059467493309820 0.01609655399185477148 0.00000000100000000000 0.00000000100000000000 0.66388871578901575976 0.00004009970273160518 0.11582813560635869810 0.03015164629570801086 0.01166336257163673278 0.04223079659266783248 0.02079110551360721995 0.00239898726148636901 
0.01655754209299298632 0.01071444526212314043 0.03780058008374720391 0.00015953094361013617 0.64278627743345606582 0.07585856877499602691 0.00000000100000000000 0.00000000100000000000 0.01354860398054868846 0.03810055578563722317 0.04122067274365753126 0.12325322089923099189 
0.05823713774117932063 0.00000268446185643218 0.00038047874031609398 0.05703220237634552131 0.66169587482947500590 0.10234221880880975397 0.00420826850999740740 0.00000005345503442583 0.01879622345610351339 0.02108909125171161761 0.01875483333935389421 0.05746093302981697404 
0.00000000099999999999 0.05784469605881781967 0.20712906305026149156 0.06722227954504605973 0.66780395334587472345 0.00000000099999999999 0.00000000099999999999 0.00000000099999999999 0.00000000099999999999 0.00000000099999999999 0.00000000099999999999 0.00000000099999999999 
0.00000000099999999998 0.00000000099999999998 0.00000000099999999998 0.00000000099999999998 0.76619769817695815295 0.00000000099999999998 0.00000000099999999998 0.00000000099999999998 0.00000000099999999998 0.03468554567733038441 0.01723333575272343460 0.18188341239298813634 
0.09599562762242300207 0.00260876602044951209 0.03221242455550344524 0.00000000100000000000 0.66967473211417849477 0.03435896208137008412 0.03970365835495143908 0.00000000100000000000 0.01453633134444090071 0.07862990569962872989 0.03114342424991948036 0.00113616595713484140 
0.00000000099999999998 0.00000000099999999998 0.00000000099999999998 0.00000000099999999998 0.40173742784001026385 0.12248832201257704722 0.36428330832227912017 0.00000000099999999998 0.01201789851838775715 0.08172732247449066012 0.01774571483225519455 0.00000000099999999998 
0.00000000100000000000 0.00000000100000000000 0.00000066554766274866 0.04062675249359770646 0.59623730988096568240 0.13702089313802803816 0.03931965584198177099 0.01323934836382082564 0.00688089010635131899 0.05358821508534000050 0.00008658835290309229 0.11299967918934868127 
0.00000000100000000000 0.13311177790348480143 0.00004132178083018066 0.00000000100000000000 0.68707871162745903781 0.03321884325446309433 0.06183606118216967290 0.00000000100000000000 0.01040607073744131451 0.00000000100000000000 0.00219474524507288484 0.07211246426907896856 
0.10659647938096863951 0.00000000100000000000 0.00000000100000000000 0.00000000100000000000 0.66552578574955423285 0.09599894074063539118 0.04675879575856268372 0.00000000100000000000 0.00803203109213245468 0.02456508440071768565 0.05252019247391153528 0.00000268640351732433 
0.00000000100000000000 0.07927539863448887503 0.08469638569402938855 0.04339687471240513683 0.57349125332345440853 0.05939200096644322441 0.08601835022836014366 0.00000265767278818630 0.00694102201472421038 0.00007009652837976716 0.02336290309445639840 0.04335305613047025358 
0.02155630519358610331 0.00000000100000000000 0.04969686614127680896 0.10754207799535063506 0.72325119687577321681 0.00000001143343050404 0.03011467133834034790 0.00000000100000000000 0.00277325828641534697 0.01718605518048535799 0.01726420062422184473 0.03061535493111986958 
0.00000000100000000000 0.07109501638270593338 0.13355769174977194513 0.10897946927992385735 0.66261305472580023235 0.00000000100000000000 0.01523214032329810695 0.00057246030595639770 0.00299066317788592535 0.00179486720238505740 0.00316463385227242757 0.00000000100000000000 
0.04892186667688792900 0.02195456250035771745 0.00000000100000000000 0.03140032005593641068 0.60261671189243093405 0.21546677568967909089 0.01846095807314484041 0.02382844942953312936 0.01512085107183830900 0.00520257944271165958 0.01675357286789126363 0.00027335129958866596 
0.04487720710653942541 0.07840800897688468551 0.06724960127552952194 0.00000000100000000000 0.69948257710569350376 0.01459415214543818666 0.02201043957121872827 0.02509600980788552135 0.02326183685012666105 0.00000000100000000000 0.02501941582111123080 0.00000074933957258867 
0.05578174210514054432 0.04096450137134888952 0.00000000100000000000 0.00000000100000000000 0.61802821159610987767 0.10008650952204485585 0.08289944908399866919 0.06565027317676416785 0.01653678294973112348 0.02005230552318371454 0.00000022167167811613 0.00000000100000000000 
0.05099091207937733738 0.02932428615076549186 0.00000000100000000000 0.05425194810686767566 0.70982516131743811361 0.03913892102605955742 0.01015578416300385797 0.00000913467275574276 0.00037945733381895261 0.02257334819814341489 0.01013823529113785059 0.07321281066063185794 
0.00000000100000000000 0.03463329378050201274 0.04476983094981643041 0.09089593169388608673 0.75177199450038123540 0.00000000100000000000 0.00000000100000000000 0.05301557316165642769 0.00014166987425566867 0.00000000100000000000 0.00365401682728154010 0.02111768521222079364 
0.08074788739497078260 0.12842375586826126899 0.00000000100000000000 0.00000000100000000000 0.63124927996812774111 0.01020225045902178364 0.09032689700268474453 0.00045949066199586265 0.02126574121999141170 0.02579365179566084701 0.01153104262928552823 0.00000000100000000000 
0.01252019831767786466 0.00000237036310833369 0.14875621044402964621 0.16133629067781293798 0.65115361192763310250 0.00000000100000000000 0.00000000100000000000 0.00000000100000000000 0.01801723077800847922 0.00000000100000000000 0.00821408249172975863 0.00000000100000000000 
0.01751058736249544098 0.00000000155086531232 0.00000444212424099060 0.03003789621888874883 0.64914659454822021267 0.03505315149494776100 0.04258373745145634798 0.12191680100430157818 0.01979629731280873120 0.08310116719680167574 0.00084929750535103765 0.00000002622962190162 
0.00000000100000000000 0.01072756969147777538 0.00000000100000000000 0.07726160079893598653 0.57955967008193087775 0.07041175574457921027 0.08223672143909005472 0.00000000100000000000 0.01756156569345288659 0.00000000100000000000 0.01583558435982659537 0.14640552819070662416 
0.00000000100000000000 0.00000000100000000000 0.00000000100000000000 0.00000000100000000000 0.07973483067082264009 0.78503198277230767932 0.00000000230180679786 0.00000000100000000000 0.02161155149482081941 0.07936351158375834491 0.00000000100000000000 0.03425811517648386789 
0.00000000099999999999 0.00000000099999999999 0.00009560756982317124 0.05484221187082090332 0.00000000099999999999 0.85445946198848476971 0.00000000099999999999 0.00000000099999999999 0.00000000099999999999 0.09060271057087129765 0.00000000099999999999 0.00000000099999999999 
0.00000000099999999999 0.00000000099999999999 0.00000000099999999999 0.02239499093181919476 0.00000000099999999999 0.87451660033713007891 0.00000000099999999999 0.00000000099999999999 0.01143234164050590217 0.09165605297611059687 0.00000000099999999999 0.00000000711443430999 
0.00000000099999999955 0.00000000099999999955 0.00000000099999999955 0.00000000099999999955 0.00000000099999999955 0.00000000099999999955 0.00000000099999999955 0.00000000099999999955 0.00000000099999999955 0.99999998900000008906 0.00000000099999999955 0.00000000099999999955 
0.00000000099999999999 0.00000000169660430900 0.00000000099999999999 0.00000000099999999999 0.07639133967361738664 0.71615686873945905155 0.05794554848250442480 0.08710213969731002426 0.00000000099999999999 0.00000000099999999999 0.06240409571050486298 0.00000000099999999999 
0.00322520574679690478 0.00000000099999999999 0.00000000099999999999 0.00000000099999999999 0.00000000099999999999 0.90303638446197520562 0.00000000099999999999 0.00385562069792643814 0.00000000099999999999 0.08988278109330141707 0.00000000099999999999 0.00000000099999999999 
0.01762926180895556250 0.04285089131414671071 0.00000000100000000000 0.00000000100000000000 0.04406667829741637427 0.70856355329326092818 0.02639113286806236622 0.01498518377935873121 0.00000000100000000000 0.08682320668368558036 0.05869008795511383714 0.00000000100000000000 
0.00000000099999999999 0.00000000099999999999 0.00064250802095126554 0.00000000099999999999 0.00000000099999999999 0.98882722411455459266 0.00000000099999999999 0.00000000237659261195 0.01053025748790153288 0.00000000099999999999 0.00000000099999999999 0.00000000099999999999 
0.00000000099999999998 0.00000000099999999998 0.00000000099999999998 0.00028805331649709538 0.00000000099999999998 0.99971193668350299966 0.00000000099999999998 0.00000000099999999998 0.00000000099999999998 0.00000000099999999998 0.00000000099999999998 0.00000000099999999998 
0.00000000099999999998 0.00000000099999999998 0.00000000099999999998 0.00000000099999999998 0.00000000099999999998 0.96277866814023949082 0.00000000099999999998 0.00000000099999999998 0.00262579104952727739 0.00000939425381251250 0.03458613855642087703 0.00000000099999999998 
0.00078268419816421232 0.00000000100000000000 0.00000000100000000000 0.02756984160316607035 0.02965287593262878538 0.76186355344473188911 0.10580096952757347961 0.01860523517374620614 0.00655785309663452654 0.03605215140749277319 0.01310490036934811899 0.00000993324651376983 
0.00000000100000000000 0.00000000100000000000 0.00000000100000000000 0.00000000100000000000 0.03908571098655359843 0.83151134085989752975 0.00298188713379093483 0.00000000100000000000 0.00000013026600896610 0.04930197045988000959 0.06995570718875888938 0.00716324810511006788 
0.00000000099999999999 0.00000000099999999999 0.00000000099999999999 0.00000000099999999999 0.00000000099999999999 0.86522438582589655809 0.02007000938334337764 0.00000000099999999999 0.00000001017101387598 0.06849396805558999324 0.04621161956415611310 0.00000000099999999999 
0.00000000099999999999 0.00000000099999999999 0.05606153126699029571 0.00000000099999999999 0.00000000099999999999 0.69113465177287125574 0.13494555042380559917 0.00000000099999999999 0.00198630818551739615 0.10530896859459136505 0.01056298375622409351 0.00000000099999999999 
0.00000000099999999999 0.00000000099999999999 0.00000000099999999999 0.00000000099999999999 0.00000000099999999999 0.96575654184688619619 0.00000060035017089738 0.00000000099999999999 0.00000000099999999999 0.00000000099999999999 0.03424284880294298922 0.00000000099999999999 
0.00000000099999999997 0.00000000099999999997 0.00000000099999999997 0.00000000099999999997 0.00000000099999999997 0.99999998900000008906 0.00000000099999999997 0.00000000099999999997 0.00000000099999999997 0.00000000099999999997 0.00000000099999999997 0.00000000099999999997 
0.00000000099999999999 0.00000000099999999999 0.00000000099999999999 0.04937465654621699118 0.00000000099999999999 0.85471917228157046065 0.00000546619991014313 0.00000000099999999999 0.00000000099999999999 0.08613022424689788237 0.00977047372540458189 0.00000000099999999999 
0.00000000099999999998 0.00000000099999999998 0.00000000099999999998 0.00000000099999999998 0.00000000099999999998 0.91270200059189554587 0.08729798940810459817 0.00000000099999999998 0.00000000099999999998 0.00000000099999999998 0.00000000099999999998 0.00000000099999999998 
0.00000000099999999997 0.00000000099999999997 0.00000000099999999997 0.00000000099999999997 0.00000000099999999997 0.99999998900000020008 0.00000000099999999997 0.00000000099999999997 0.00000000099999999997 0.00000000099999999997 0.00000000099999999997 0.00000000099999999997 
0.00000000100000000000 0.00000000100000000000 0.07564643750339003492 0.13614166134793501128 0.15677325300267469510 0.45001264247891886727 0.05812657882838755813 0.05558190500817709184 0.00000000100000000000 0.06640485851397623374 0.00131265931654047968 0.00000000100000000000 
0.00000005973551970322 0.00000000099999999999 0.00000000099999999999 0.00000000099999999999 0.00000000099999999999 0.97506257595798506710 0.00000000099999999999 0.02493735359755512929 0.00000000099999999999 0.00000000099999999999 0.00000000099999999999 0.00000000270894018907 
0.00000000099999999996 0.00000000099999999996 0.00000000099999999996 0.00000000099999999996 0.00000000099999999996 0.99999998900000008906 0.00000000099999999996 0.00000000099999999996 0.00000000099999999996 0.00000000099999999996 0.00000000099999999996 0.00000000099999999996 
0.00000001966182664911 0.00000000099999999999 0.00000000099999999999 0.00000000099999999999 0.00000000099999999999 0.99999997033817344949 0.00000000099999999999 0.00000000099999999999 0.00000000099999999999 0.00000000099999999999 0.00000000099999999999 0.00000000099999999999 
0.00867890063837806897 0.00000000099999999998 0.00000001398736532400 0.00000000099999999998 0.00000000099999999998 0.99132103134368310116 0.00000000099999999998 0.00000000099999999998 0.00000000099999999998 0.00000000099999999998 0.00000000099999999998 0.00000004603057369204 
0.00000000099999999997 0.00000000099999999997 0.00000000099999999997 0.00000000099999999997 0.00000000099999999997 0.99999998900000020008 0.00000000099999999997 0.00000000099999999997 0.00000000099999999997 0.00000000099999999997 0.00000000099999999997 0.00000000099999999997 
0.00000000099999999997 0.00000000099999999997 0.00000000099999999997 0.00000000099999999997 0.00000000099999999997 0.99999998900000020008 0.00000000099999999997 0.00000000099999999997 0.00000000099999999997 0.00000000099999999997 0.00000000099999999997 0.00000000099999999997 
0.00000000099999999999 0.00000000099999999999 0.00000000099999999999 0.00000000099999999999 0.00000000099999999999 0.80988597970515197044 0.09857076892206574625 0.04881912915880848997 0.01065602386294438146 0.03156188497882486677 0.00050620737220463913 0.00000000099999999999 
0.00000000099999999999 0.06250581686306160012 0.00000000099999999999 0.00000000426527000143 0.00000000099999999999 0.93747056826063523971 0.00000000099999999999 0.00000000099999999999 0.00000000139637103094 0.00002308452187972381 0.00000051869278249757 0.00000000099999999999 
0.00000000099999999952 0.00000000099999999952 0.00000000099999999952 0.00000000099999999952 0.00000000099999999952 0.00000000099999999952 0.00000000099999999952 0.00000000099999999952 0.00000000099999999952 0.99999998899999997803 0.00000000099999999952 0.00000000099999999952 
0.00000000099999999999 0.02596243604539084232 0.03681208913247762532 0.00000000099999999999 0.08362204505185424908 0.68505002999884789805 0.05347228023918945000 0.00000000099999999999 0.01050160097916673363 0.04841703663583311196 0.05616247791724009869 0.00000000099999999999 
0.00000000099999999997 0.00000000099999999997 0.00000000099999999997 0.00000000099999999997 0.00000000099999999997 0.99286091298622114465 0.00000000099999999997 0.00000000099999999997 0.00000000099999999997 0.00000689774344527968 0.00713218027033370953 0.00000000099999999997 
0.00000000099999999996 0.00000000099999999996 0.00000000099999999996 0.00000000099999999996 0.00000000099999999996 0.00000000099999999996 0.00000000099999999996 0.00000000099999999996 0.00000000099999999996 0.00000000099999999996 0.99999998899999986701 0.00000000099999999996 
0.00000000099999999994 0.00000000099999999994 0.00000000099999999994 0.00000000099999999994 0.00000000099999999994 0.00000000099999999994 0.00000000099999999994 0.00000000099999999994 0.00000000099999999994 0.00000000099999999994 0.99999998899999997803 0.00000000099999999994 
0.00000000099999999995 0.00000000099999999995 0.00000000099999999995 0.00000000099999999995 0.00000000099999999995 0.00000000099999999995 0.00000000099999999995 0.00000000099999999995 0.00000000099999999995 0.00000000099999999995 0.99999998899999986701 0.00000000099999999995 
0.00000000099999999996 0.00000000099999999996 0.00000000099999999996 0.00000000099999999996 0.00000000099999999996 0.00000000099999999996 0.00000000099999999996 0.00000000099999999996 0.00000000099999999996 0.00000000099999999996 0.99999998899999986701 0.00000000099999999996 
0.00000000099999999995 0.00000000099999999995 0.00000000099999999995 0.00000000099999999995 0.00000000099999999995 0.00000000099999999995 0.00000000099999999995 0.00000000099999999995 0.00000000099999999995 0.00000000099999999995 0.99999998899999986701 0.00000000099999999995 
0.00000000099999999991 0.00000000099999999991 0.00000000099999999991 0.00000000099999999991 0.00000000099999999991 0.00000000099999999991 0.00000000099999999991 0.00000000099999999991 0.00000000099999999991 0.00000000099999999991 0.99999998899999986701 0.00000000099999999991 
0.00000000099999999993 0.00000000099999999993 0.00000000099999999993 0.00000000099999999993 0.00000000099999999993 0.00000000099999999993 0.00000000099999999993 0.00000000099999999993 0.00000000099999999993 0.00000000099999999993 0.99999998899999997803 0.00000000099999999993 
0.00000000099999999997 0.00000000099999999997 0.00000000099999999997 0.00000000099999999997 0.00000000099999999997 0.00000000099999999997 0.00000000099999999997 0.00000000099999999997 0.00000000099999999997 0.00000000099999999997 0.99999998899999997803 0.00000000099999999997 
0.00000000099999999990 0.00000000099999999990 0.00000000099999999990 0.00000000099999999990 0.00000000099999999990 0.00000000099999999990 0.00000000099999999990 0.00000000099999999990 0.00000000099999999990 0.00000000099999999990 0.99999998899999986701 0.00000000099999999990 
0.00000000099999999990 0.00000000099999999990 0.00000000099999999990 0.00000000099999999990 0.00000000099999999990 0.00000000099999999990 0.00000000099999999990 0.00000000099999999990 0.00000000099999999990 0.00000000099999999990 0.99999998899999997803 0.00000000099999999990 
0.00000000099999999990 0.00000000099999999990 0.00000000099999999990 0.00000000099999999990 0.00000000099999999990 0.00000000099999999990 0.00000000099999999990 0.00000000099999999990 0.00000000099999999990 0.00000000099999999990 0.99999998899999986701 0.00000000099999999990 
0.00000000099999999995 0.00000000099999999995 0.00000000099999999995 0.00000000099999999995 0.00000000099999999995 0.00000000099999999995 0.00000000099999999995 0.00000000099999999995 0.00000000099999999995 0.00000000099999999995 0.99999998899999997803 0.00000000099999999995 
0.00000000099999999995 0.00000000099999999995 0.00000000099999999995 0.00000000099999999995 0.00000000099999999995 0.00000000099999999995 0.79304951883224528153 0.00000000099999999995 0.00000000099999999995 0.00000000099999999995 0.20695047116775472373 0.00000000099999999995 
0.00000000099999999993 0.00000000099999999993 0.00000000099999999993 0.00000000099999999993 0.00000000099999999993 0.00000000099999999993 0.00000000099999999993 0.00000000099999999993 0.00000000099999999993 0.00000000099999999993 0.99999998899999997803 0.00000000099999999993 
0.00000000099999999994 0.00000000099999999994 0.00000000099999999994 0.00000000099999999994 0.00000000099999999994 0.00000000099999999994 0.00000000099999999994 0.00000000099999999994 0.00000000099999999994 0.00000000099999999994 0.99999998899999997803 0.00000000099999999994 
0.00000000099999999994 0.00000000099999999994 0.00000000099999999994 0.00000000099999999994 0.00000000099999999994 0.00000000099999999994 0.00000000099999999994 0.00000000099999999994 0.00000000099999999994 0.00000000099999999994 0.99999998899999997803 0.00000000099999999994 
0.00000000099999999994 0.00000000099999999994 0.00000000099999999994 0.00000000099999999994 0.00000000099999999994 0.00000000099999999994 0.00000000099999999994 0.00000000099999999994 0.00000000099999999994 0.00000000099999999994 0.99999998899999997803 0.00000000099999999994 
