0.76710659400244562978 0.03727361866264995716 0.13862434922524399794 0.05699543810966047064 
0.89228829641584572752 0.00000000100000000000 0.10771170158415441231 0.00000000100000000000 
0.83149493349774994400 0.00982539013527956862 0.01081448727081431999 0.14786518909615609108 
0.73329336043567994174 0.09034397694563162107 0.03497417775416215152 0.14138848486452626485 
0.80137870242269626520 0.03920391266128663010 0.10424881670654559396 0.05516856820947150380 
0.77547483929351856968 0.05352596943463956702 0.00978904959604096937 0.16121014167580083321 
0.72720323804514508392 0.00000000100000000000 0.07499329885543500052 0.19780346209942001323 
0.80851564240887963120 0.01633870896310551935 0.07256032145801688538 0.10258532716999808898 
0.78441078089182481037 0.04619514937405929528 0.13691622565888450502 0.03247784407523130606 
0.77764085017994655225 0.05595198385358041149 0.11714618140881360997 0.04926098455765938466 
0.82065413470747317071 0.04718128573551771260 0.13216457653686758400 0.00000000302014145595 
0.85927330219309194792 0.01922446509172125520 0.10015018525098061397 0.02135204746420620026 
0.89016057631253897586 0.03114251905661083800 0.03241084492280214141 0.04628605970804796493 
0.79129792647389707305 0.01035425007973670569 0.00358038369816167639 0.19476743974820442951 
0.78477334217786742787 0.04520004016385449630 0.05834769492364858673 0.11167892273462944053 
0.79787833860104739880 0.02264458624154547239 0.09049537443928749869 0.08898170071811949133 
0.80021431395601028136 0.06634799440177965857 0.12546196460678774032 0.00797572703542239435 
0.75141430344921544826 0.04675334489320983472 0.11209825513588649037 0.08973409652168820583 
0.77934087127853191035 0.01915431835618680925 0.14518193405884022296 0.05632287630644104703 
0.82742024816506476448 0.00302264073733158473 0.13305894966727643824 0.03649816143032722643 
0.81188643659449966083 0.04576588628810192988 0.06252838552993170151 0.07981929158746670083 
0.83238388716062783335 0.07606460482897918485 0.09149882949318816072 0.00005267851720491336 
0.76461788777199779510 0.03759963635710547591 0.10595092085438972962 0.09183155501650704100 
0.88065871757243185947 0.01961382308323387363 0.07105463125507498201 0.02867282808925920162 
0.76134864903911647627 0.03761231451999939163 0.08561977218934178901 0.11541926425154243330 
0.82208010693599598007 0.01006072848923002770 0.09980711258685991127 0.06805205198791411392 
0.76649478722144137599 0.00015199035831702136 0.09285784684583554827 0.14049537557440613944 
0.77698366330727164364 0.03009996438598521243 0.13606216047043800943 0.05685421183630497838 
0.76711361628884300323 0.05507886307114766983 0.10724450961863343790 0.07056301102137589598 
0.82203563899113396563 0.02853772418026156651 0.11195814947954066398 0.03746848734906370326 
0.78209183565580420172 0.07141711668371843180 0.05680155568975994024 0.08968949197071740542 
0.85890924255074074800 0.03869120639212304813 0.00879003749126394500 0.09360951356587234040 
0.79881279179936681700 0.05718629316906988919 0.12233054579339812384 0.02167036923816519425 
0.83884334417581885024 0.00000003570837089549 0.05820502345471752909 0.10295159666109268692 
0.78634748886666050449 0.01394438507691741526 0.07080699115536720489 0.12890113490105495342 
0.75381276966488952596 0.07010055599049357100 0.12897641673152090980 0.04711025761309608345 
0.90913244452733188439 0.00000000100000000000 0.09086755347266801952 0.00000000100000000000 
0.77121320370590940030 0.03074670819564026894 0.08509123499603687968 0.11294885310241339904 
0.91857845890190814586 0.03644679067924180838 0.03538773233706791338 0.00958701808178202310 
0.80730013879184636671 0.08132229774014189394 0.11137756246801164273 0.00000000100000000000 
0.81180858481321915843 0.01327475738366608489 0.11527141270200080836 0.05964524510111408884 
0.76551537432385652338 0.02970484232989450968 0.11598980306423947728 0.08878998028200943415 
0.81422045338579496221 0.00000000100000000000 0.08541065915703803524 0.10036888645716714186 
0.80530197536602654562 0.01174464483062266987 0.10425365187742624551 0.07869972792592448696 
0.76644084558171898802 0.02416668881385793805 0.07728223603704117983 0.13211022956738183165 
0.78860670974959989898 0.00566961345128838643 0.12780431122274096833 0.07791936557637081651 
0.76053055894692422889 0.00035400425926735085 0.10161297720873992134 0.13750245958506840394 
0.74693133678814682685 0.02640856458376580548 0.12865883987437473635 0.09800125875371261397 
0.70228939246770316629 0.02282073421947373656 0.09172220641925939166 0.18316766689356367426 
0.75752688738239415400 0.03218233193298077055 0.00000000100000000000 0.21029077968462522863 
0.78585610434848285344 0.07295559128340428634 0.09204508485019954889 0.04914321951791327664 
0.74913844987628774863 0.00000000100000000000 0.16681500451843281341 0.08404654460527942461 
0.82881863818346190875 0.03768312109212243466 0.09399350821627512620 0.03950473250814055121 
0.73755285173558959855 0.00731077162392476752 0.13368208925601562931 0.12145428738446992223 
0.76724332354772339926 0.06288734338722183626 0.00766370031725812501 0.16220563274779659091 
0.71883120748615925155 0.11022367706012428656 0.12502987511015190014 0.04591524034356451317 
0.59559464714819576603 0.00000000099999999999 0.40440535085180417951 0.00000000099999999999 
0.79155277449924332789 0.03545803107136759336 0.04997571415802022632 0.12301348027136900509 
0.77259383390590485874 0.07697374392576428193 0.10875798022617563787 0.04167444194215520759 
0.65390767677624694887 0.07765630492794649287 0.20885758378950836089 0.05957843450629823207 
0.70623091066235066382 0.05603682608398366516 0.14252787225454127684 0.09520439099912447745 
0.81226155734408733711 0.05241110113617380301 0.02683335015395698145 0.10849399136578186109 
0.74047626838450897324 0.00950459694103278178 0.11172334119546335762 0.13829579347899481623 
0.84920901985740671059 0.01549382181923071068 0.12804494745480113349 0.00725221086856150682 
0.77652313782955184607 0.02981986154014706902 0.06204590892942595665 0.13161109170087512132 
0.83112865985225725662 0.05545353150499219425 0.04256780225176159949 0.07085000639098894271 
0.72038970557591308630 0.02753868870677022435 0.02252058534076108176 0.22955102037655558678 
0.71115396128079211291 0.04636442110655517035 0.12674181080928195731 0.11573980680337082882 
0.77242713000170049042 0.02238773836545972229 0.09979885962734756644 0.10538627200549219309 
0.78166225251143328645 0.04659645048565067005 0.08000115752629941013 0.09174013947661670276 
0.73786942080791184662 0.04587289990504719167 0.10123325231312174655 0.11502442697391905557 
0.55356233273165089681 0.00000059681090459035 0.39123312559212619632 0.05520394486531826628 
0.79366334643587299613 0.05890340908892770233 0.00000000100000000000 0.14743324347519926043 
0.77484776447517078601 0.06489276054741402455 0.00000000100000000000 0.16025947397741527323 
0.76113358799866503990 0.06170653473581157178 0.14292742437613445428 0.03423245288938886466 
0.77393983709130687032 0.06725123398081876702 0.10044685446414788887 0.05836207446372641133 
0.79987436437666914468 0.04689002656720610285 0.08551033571077830409 0.06772527334534637899 
0.74286157958530241174 0.04760186905771590649 0.00000000100000000000 0.20953655035698182107 
0.90077617231211237758 0.03375490470913208862 0.02851065492841642693 0.03695826805033917972 
0.79523015748957537330 0.06609103734603823110 0.12090369190011461542 0.01777511326427173161 
0.54358126325630340414 0.00000000099999999999 0.45641873474369659691 0.00000000099999999999 
0.76948736756106206336 0.03858053526306437497 0.13574501328504734454 0.05618708389082631427 
0.78118440316089055031 0.00000000287547909680 0.07295509822043021175 0.14586049574320017475 
0.78178054428758136929 0.06020985060796123917 0.15800960410445738513 0.00000000100000000000 
0.67523905418688412450 0.02927929187112909143 0.13227106612797981389 0.16321058781400712978 
0.81622030013642588031 0.02786561141153455143 0.04899544912859434692 0.10691863932344511379 
0.73137314991354929195 0.01010932213410382745 0.01632633885276778621 0.24219118909957904062 
0.75661500371900924922 0.01533077395970360891 0.15046853243799046540 0.07758568988329665739 
0.79510178695212641031 0.04492830292903556705 0.05243933508609982530 0.10753057503273813489 
0.75140594144545147515 0.03967848705555253319 0.13598342994925111116 0.07293214154974486663 
0.79223316212571215367 0.03452564599447684873 0.05032952317415460147 0.12291166870565650715 
0.82021586946191615830 0.00087804878364932705 0.00000142187602939626 0.17890465987840512008 
0.72581173300152102001 0.00874886770337438870 0.10981372208286574454 0.15562567721223868888 
0.74618143349518073482 0.04720719467338406472 0.00794237351869477200 0.19866899831274040245 
0.79114651948659875380 0.05552162841070618776 0.10179092084421446918 0.05154093125848062396 
0.70275151675704539134 0.02576355028570690917 0.12856095414924492704 0.14292397880800264409 
0.43540870749479004820 0.02240414285460194319 0.48683987708689363538 0.05534727256371425874 
0.35685529372899393863 0.04344163087697267694 0.53131682206807751001 0.06838625332595588135 
0.36318322883304654525 0.03879318626448160362 0.53679000719493175087 0.06123357770754012108 
0.43037373778286991399 0.03675659178891834550 0.52300437395148702269 0.00986529647672479935 
0.37015599327196513357 0.05332645151651430743 0.51489920565071944925 0.06161834956080108200 
0.37682412801394610247 0.06287305044840453550 0.54721464300532696168 0.01308817853232256342 
0.35161759582790924616 0.04298602041227526233 0.52777752942893296773 0.07761885433088248909 
0.40227630273402242844 0.05043396986700490747 0.53119412679211497341 0.01609560060685772190 
0.34564989591951805759 0.02875219581148250048 0.54447573767321666427 0.08112217059578280542 
0.37836436225205433148 0.01113169252339576802 0.57608355354159490602 0.03442039168295501356 
0.37791317631078918948 0.04077778629261984839 0.54931307241038185296 0.03199596498620894264 
0.38735631404244147413 0.03299196861436293898 0.55045426825549859107 0.02919744908769696459 
0.35471201582323841350 0.04606191893124357561 0.58829407442824532826 0.01093199081727266007 
0.33445723739707228228 0.02503289267620882261 0.57692996909617200174 0.06357990083054697317 
0.36969901323623882705 0.00101648961708968532 0.56965289313347289291 0.05963160401319857196 
0.37969430236468898476 0.00000003683806417038 0.55096404461682491061 0.06934161618042189446 
0.35678590851251784644 0.01271906625497501615 0.54068950476618160561 0.08980552046632538088 
0.35848082272374187651 0.00000011845951875191 0.59269329857476960033 0.04882576024196974562 
0.35934139512325830035 0.00094399498911372916 0.57243416463952634388 0.06728044524810150584 
0.38921230737225637197 0.07938107050735926373 0.34780841233028825243 0.18359820979009613962 
0.37099443047750185753 0.05081210084423285617 0.52258055499577249492 0.05561291368249283995 
0.37296219936226493452 0.01892485375284613802 0.54119885747122276065 0.06691408941366623619 
0.36354340607277535469 0.04004126185472987182 0.55002921880187061188 0.04638611327062426570 
0.34222070705542795288 0.08829351657313132262 0.54708015638087870158 0.02240561999056203332 
0.37566366274253359947 0.00000000100000000000 0.57063515666440001173 0.05370117959306633382 
0.33337805905094219927 0.01213643341859782510 0.58238119240199615056 0.07210431512846386670 
0.36477499060881357629 0.07259959535640939099 0.56240476106530556955 0.00022065296947141363 
0.32076647719510908985 0.00874009149354409119 0.52255741472135208703 0.14793601658999472326 
0.40019228611436202803 0.00000026515394901553 0.55026274566466004678 0.04954470306702882243 
0.39759574898517424657 0.02206478742359424539 0.51418051153375032847 0.06615895205748122121 
0.37394610636134095749 0.05126625018064492889 0.57478764245801416966 0.00000000100000000000 
0.00000000100000000000 0.00000000100000000000 0.99999999699999986280 0.00000000100000000000 
0.00000000099999999999 0.00000000099999999999 0.99999999699999997382 0.00000000099999999999 
0.00000000099999999999 0.00000000099999999999 0.99999999699999986280 0.00000000099999999999 
0.00000000100000000000 0.00000000100000000000 0.99999999699999997382 0.00000000100000000000 
0.00000000099999999999 0.00000000099999999999 0.99999999699999997382 0.00000000099999999999 
0.00000000099999999999 0.00000000099999999999 0.99999999699999997382 0.00000000099999999999 
0.00000000099999999999 0.00000000099999999999 0.99999999699999986280 0.00000000099999999999 
0.00000000100000000000 0.00000000100000000000 0.99754935819026924193 0.00245063980973081377 
0.00000000099999999998 0.00000000099999999998 0.99999999699999986280 0.00000000099999999998 
0.00000000099999999998 0.00000000099999999998 0.99999999699999997382 0.00000000099999999998 
0.00000000099999999998 0.00000000099999999998 0.99999999699999997382 0.00000000099999999998 
0.00000000099999999999 0.00000000099999999999 0.99999999699999997382 0.00000000099999999999 
0.00176437243717016720 0.00000000100000000000 0.99823484025044362244 0.00000078631238627463 
0.00000000099999999999 0.00000000099999999999 0.99999999699999997382 0.00000000099999999999 
0.00000000099999999999 0.00000000099999999999 0.99999999699999986280 0.00000000099999999999 
0.00000000099999999999 0.00000000099999999999 0.99999999699999986280 0.00000000099999999999 
0.00000000099999999999 0.00000000099999999999 0.99999999699999986280 0.00000000099999999999 
0.00000000100000000000 0.00000000100000000000 0.96694744485156325364 0.03305255314843667802 
0.00000000099999999999 0.00000000099999999999 0.99999999699999986280 0.00000000099999999999 
0.00000000099999999998 0.00000000099999999998 0.99999999699999986280 0.00000000099999999998 
0.00000000099999999999 0.00000000099999999999 0.99999999699999986280 0.00000000099999999999 
0.03163049067081474819 0.00000000100000000000 0.95664184862624690453 0.01172765970293838597 
0.00000000099999999999 0.00000000099999999999 0.99999999699999997382 0.00000000099999999999 
0.00000000100000000000 0.00000231437729082863 0.99999768362270913258 0.00000000100000000000 
0.00000000099999999999 0.00000000099999999999 0.99999999699999997382 0.00000000099999999999 
0.00000000099999999999 0.00000000099999999999 0.99999999699999997382 0.00000000099999999999 
0.00000000099999999999 0.00000000099999999999 0.99999999699999997382 0.00000000099999999999 
0.00000000099999999998 0.00000000099999999998 0.99999999699999986280 0.00000000099999999998 
0.08544876214504096290 0.71142746978457349627 0.00003501067818314004 0.20308875739220250134 
0.00000000100000000000 0.00000000100000000000 0.02114776082198286875 0.97885223717801717047 
0.00000000100000000000 0.00432537711488515351 0.00000000100000000000 0.99567462088511482499 
0.04414795906702394246 0.73908081209893228269 0.00710043523232479351 0.20967079360171902991 
0.02100898656345576154 0.06544960210621737773 0.00000000100000000000 0.91354141033032698616 
0.01300710277331443634 0.02729790432940684339 0.00024078102497340217 0.95945421187230539584 
0.00000000099999999999 0.00000000099999999999 0.00000000099999999999 0.99999999700000008485 
0.04818634378995043793 0.04356450965290148414 0.00409468098530448282 0.90415446557184353527 
0.00000000099999999999 0.00000274026391304864 0.00000000099999999999 0.99999725773608694190 
0.00000000100000000000 0.01977057881977003703 0.00130098511895386840 0.97892843506127613651 
0.00000267879148299766 0.02697857635743746915 0.00000000100000000000 0.97301874385107955945 
0.00029379050496567116 0.00592210932624067862 0.00000000100000000000 0.99378409916879351105 
0.08199701759226650510 0.43394035848845885495 0.02021880084304684619 0.46384382307622773478 
0.32261316346397028720 0.03854816078863056161 0.00000000100000000000 0.63883867474739908232 
0.02309860517153339288 0.04955813651605617265 0.00000000100000000000 0.92734325731241051827 
0.00000000100000000000 0.06040946036954090992 0.00000000100000000000 0.93959053763045918828 
0.01397215961612101494 0.04011794377509225740 0.01493852244415805157 0.93097137416462871773 
0.03176943379875261236 0.04310387079256356585 0.01948371404470136681 0.90564298136398246886 
0.00000000099999999998 0.99999999699999997382 0.00000000099999999998 0.00000000099999999998 
0.03096477160189077885 0.04594921662082185332 0.00099680630847584994 0.92208920546881156799 
0.04194111657735354742 0.72977875401197311866 0.04212948088442079742 0.18615064852625237690 
0.10055274115865805995 0.66976600743321468290 0.00007038545448912088 0.22961086595363805474 
0.00000000100000000000 0.01332680756184018676 0.01168463504300502886 0.97498855639515469296 
0.00000000099999999999 0.00000000099999999999 0.00000000099999999999 0.99999999699999997382 
0.11179550397996920741 0.67815801162415623171 0.02477519654665140056 0.18527128784922319849 
0.00000000100000000000 0.00000000607159431675 0.00000000100000000000 0.99999999192840560713 
0.00000000100000000000 0.00000000100000000000 0.03779017832434657109 0.96220981967565344384 
0.11402381653688976881 0.71865660628464811399 0.00117058876828139181 0.16614898841018096998 
0.00000000100000000000 0.04525919663612575083 0.00000000462102992072 0.95474079774284426048 
0.27740777450543435689 0.38746471326915454814 0.21485037769310666445 0.12027713453230451379 
0.03458243219135922336 0.03307242613333341574 0.00000000213664704721 0.93234513953866038349 
0.00000001422604350724 0.03169897171920908752 0.01196651086079252545 0.95633450319395485462 
0.00000000099999999999 0.01013159560654932484 0.00000000099999999999 0.98986840239345075254 
0.01703013542446545764 0.60803901150196471015 0.03249096899316632897 0.34243988408040343385 
0.02314198015523687840 0.70706734894034628525 0.03927312298095708004 0.23051754792345971468 
0.00000013736262095152 0.00000000100000000000 0.00000033641837668310 0.99999952521900237201 
0.02715913196753288669 0.71087594768543638235 0.00358674513435883364 0.25837817521267175680 
0.06273112698469714144 0.72064555353242265578 0.01395845081816963346 0.20266486866471059014 
0.05436041689673928867 0.72619209540753570931 0.00000000100000000000 0.21944748669572503030 
0.05099953740871694674 0.76495683543915027336 0.01506278964298382421 0.16898083750914902335 
0.00000000099999999999 0.00005296991986726649 0.00000000099999999999 0.99994702808013280482 
0.00000000100000000000 0.00000000100000000000 0.01175376444258279147 0.98824623355741714192 
0.02594218792080268954 0.06111866181209435478 0.00000000100000000000 0.91293914926710295621 
0.05504296618440405325 0.09407941977882966489 0.02312078506604759581 0.82775682897071878319 
0.03236013951652143977 0.07785973510937484188 0.00000000100000000000 0.88978012437410369806 
0.04192575527154621118 0.63188757467866762951 0.05535301809993196931 0.27083365194985414837 
0.01199366864805091054 0.03154209420828048283 0.01549760016067381480 0.94096663698299476408 
0.00000000100000000000 0.08302296387953604639 0.00000005848782675469 0.91697697663263721957 
0.00000000099999999999 0.03634511888477390262 0.00000000099999999999 0.96365487911522607067 
0.08211829536295002507 0.34628875593965674495 0.00161116346153700879 0.56998178523585629751 
0.02113080060960921894 0.49126249254403520084 0.03352938464083991127 0.45407732220551549895 
0.00996261748277876662 0.05070581625043767138 0.00000000100000000000 0.93933156526678363019 
0.02237924315501004999 0.00196315758683024595 0.01153308061827225568 0.96412451863988757328 
0.01078899888263605902 0.58774014235492955116 0.00000000100000000000 0.40147085776243435218 
0.08092622469403146224 0.67855164111685750683 0.03040458959640287770 0.21011754459270814976 
0.07933705644755148501 0.58939290056070936519 0.00000000150385686847 0.33127004148788224969 
0.00000004993501745588 0.05715253432633972397 0.00000001044212058745 0.94284740529652211194 
0.00000000099999999999 0.04228647731734413995 0.00000000099999999999 0.95771352068265580559 
0.03527773131551995706 0.11624912936771684968 0.00666372019485178893 0.84180941912191131760 
0.08685038599308873841 0.67446335417028335790 0.00612027453146199441 0.23256598530516575662 
0.04361053260829562961 0.66722685704267026274 0.02794518500086426438 0.26121742534816982939 
0.02792208377976722333 0.02766334894856223303 0.01624985317902833543 0.92816471409264222903 
0.00000026838468660853 0.00000000100000000000 0.00000000100000000000 0.99999972961531347071 
0.00000022111031384632 0.00000000100000000000 0.00000000100000000000 0.99999977688968610945 
0.00020471493830671701 0.00012768816011538556 0.00000000100000000000 0.99966759590157794335 
0.00000000100000000000 0.01443983842696995763 0.00000000100000000000 0.98556015957303000352 
0.03779035056453323993 0.05441621963074805279 0.00000000100000000000 0.90779342880471880495 
0.06809116032668154073 0.00090099042088053502 0.00000000100000000000 0.93100784825243798615 
0.06752178185481087780 0.68727349504019319415 0.01594832652021827002 0.22925639658477778293 
0.08760084200915413399 0.75026598827228874189 0.00000000493832525153 0.16213316478023181988 
0.01533959736509489004 0.05734813448362845179 0.03777005486016489499 0.88954221329111171634 
0.04414701074630670435 0.01198261078313859855 0.00000000100000000000 0.94387037747055468895 
0.06225298310171234473 0.64968165833542912413 0.01640541502286723546 0.27165994353999123323 
0.08989127609924373041 0.49997288492920427538 0.01697537482890891861 0.39316046414264305131 
0.00461533494052212157 0.00213293549588163250 0.00000000100000000000 0.99325172856359633666 
0.00000000100000000000 0.01839492733422502801 0.00807347462571430044 0.97353159704006064779 
0.00000000100000000000 0.00880276383519947719 0.00000000100000000000 0.99119723416480054468 
0.00000000100000000000 0.03828833833193352743 0.00000000100000000000 0.96171165966806637648 
0.04421386320714901230 0.73779714082469405323 0.01241143506903734893 0.20557756089911949360 
0.08571556777363346924 0.75832547540320216495 0.03161054847821178487 0.12434840834495262951 
0.00271111411794279023 0.00619587124814139148 0.00000000100000000000 0.99109301363391577588 
0.00000000099999999999 0.00000000099999999999 0.00000000099999999999 0.99999999699999997382 
0.06159011274973949512 0.68030952682541978582 0.00122867892977994984 0.25687168149506073300 
0.04601058255962444526 0.73581022549996422111 0.02546711975230112404 0.19271207218811020612 
0.08184144216126691684 0.80455209534028915286 0.00735628643145988526 0.10625017606698394790 
0.04386067350209678362 0.55520011253213574776 0.01693048468314393290 0.38400872928262363981 
0.00000000100000000000 0.10595851676413198250 0.01262306191697441966 0.88141842031889361397 
0.05721775105733681310 0.69081797469820105384 0.02328481432903159801 0.22867945991543053852 
0.05091106677112185175 0.47955128549393399862 0.00419290661938728770 0.46534474111555679254 
0.07215819001669275534 0.01582214482145430715 0.00000002770965694191 0.91201963745219594148 
0.00000000100000000000 0.00006419685191646773 0.00000000100000000000 0.99993580114808355841 
0.00000000100000000000 0.00000001650071561858 0.00000000100000000000 0.99999998149928437385 
0.07547608225450218311 0.68188019734795390914 0.07323766554810458296 0.16940605484943935255 
0.00000000099999999999 0.00000232414722396430 0.00000000099999999999 0.99999767385277604781 
0.00000000100000000000 0.00020526285944276124 0.00361193964006643279 0.99618279650049079699 
0.02280945166282227765 0.06209859153437134738 0.00000000392355050898 0.91509195287925582107 
0.00000000100000000000 0.00000837299270491758 0.00000000100000000000 0.99999162500729510406 
0.00000000100000000000 0.00000000100000000000 0.00000000100000000000 0.99999999700000008485 
0.06260944652002742306 0.75140126797806638947 0.00000000100000000000 0.18598928450190618800 
0.00004301645583898231 0.06894401296917833377 0.00764032928476838288 0.92337264129021434655 
0.00000000100000000000 0.00058597377180525897 0.00000000100000000000 0.99941402422819469731 
0.05327471723379965940 0.51650732466197968318 0.00733315807307951834 0.42288480003114115036 
0.00000000100000000000 0.00000000100000000000 0.05178772076659298590 0.94821227723340706373 
0.00000000099999999999 0.00000000099999999999 0.00000000099999999999 0.99999999699999997382 
0.00000000100000000000 0.01115810392072034279 0.00000000100000000000 0.98884189407927958193 
0.06898590832302835263 0.70664844601747134334 0.00020867817045679403 0.22415696748904351265 
0.00000000099999999999 0.00000000099999999999 0.00000000099999999999 0.99999999699999997382 
0.12740399820446027257 0.00000000100000000000 0.87259599979553958971 0.00000000100000000000 
0.35849267145986629668 0.02210080492011441688 0.52032604506328727911 0.09908047855673199344 
0.43035808879121828507 0.11925305912190262148 0.35451741665015529259 0.09587143543672393964 
0.39538338297099345775 0.02024735117322343236 0.48996392326615895163 0.09440534258962407499 
0.09581722050559703108 0.00000000100000000000 0.90418277749440290059 0.00000000100000000000 
0.30898609071519578251 0.02964969099021571436 0.60121960752275716011 0.06014461077183148874 
0.06782603633003811416 0.00000000100000000000 0.93217396166996191464 0.00000000100000000000 
0.35420084772095500325 0.03350718470700855822 0.54857251635649384447 0.06371945121554270508 
0.46338781827425545856 0.01541942511331370613 0.48685629262168395037 0.03433646399074681554 
0.39237750065499582552 0.00267720110894656893 0.52360777330278196473 0.08133752493327559008 
0.37457106135671214275 0.00561542176731503508 0.56413806535062627212 0.05567545152534667668 
0.45170140095710903383 0.04806636450007617523 0.45255969194283318657 0.04767254259998163213 
0.41264603003216326904 0.05879792977009406368 0.46297681701958576239 0.06557922317815692570 
0.12212138833238052327 0.00000000100000000000 0.87787115473215393546 0.00000745593546561208 
0.11065235145099604208 0.00000000100000000000 0.88934764654900388958 0.00000000100000000000 
0.43234506305727737896 0.01963944417452857458 0.44047609244179286581 0.10753940032640114943 
0.15015282797486914634 0.45255698503214975004 0.03217289712068120699 0.36511728987229974397 
0.09734556244680385440 0.73705045304519001270 0.01616371486948934774 0.14944026963851686496 
0.17806832759325402771 0.02622456714290984092 0.79570710426383595149 0.00000000100000000000 
0.08604993086831135007 0.71024224808692026922 0.03827329284173184437 0.16543452820303639061 
0.12699396456796069321 0.38779566713940277767 0.43428403984653191072 0.05092632844610466003 
0.00000000099999999999 0.99999999700000008485 0.00000000099999999999 0.00000000099999999999 
0.00257396639172969687 0.77318680712768261820 0.02973574673269625823 0.19450347974789139460 
0.06833157353166946502 0.67592221091517568077 0.05174101275553852353 0.20400520279761624742 
0.00000000099999999998 0.99999999700000008485 0.00000000099999999998 0.00000000099999999998 
0.04256064073129989245 0.75030775739140842528 0.04232716790420843617 0.16480443397308319753 
0.00000000099999999998 0.99999999700000008485 0.00000000099999999998 0.00000000099999999998 
0.00000000099999999998 0.99999999700000008485 0.00000000099999999998 0.00000000099999999998 
0.00000000099999999998 0.99999999699999997382 0.00000000099999999998 0.00000000099999999998 
0.09320870308178237640 0.69740407929924530528 0.03406524031138377651 0.17532197730758844467 
0.06433583212848656419 0.75924817507966213537 0.01027230925049787275 0.16614368354135355954 
0.10503533295610126275 0.73624245489183437474 0.00000034373106653863 0.15872186842099783588 
0.00000007182086544753 0.80464145601452941037 0.00000000100000000000 0.19535847116460514084 
0.04430420758505108914 0.68216020508439845216 0.02559683405143572607 0.24793875327911463202 
0.00000000099999999999 0.99999999700000008485 0.00000000099999999999 0.00000000099999999999 
0.00000000099999999997 0.99999999699999997382 0.00000000099999999997 0.00000000099999999997 
0.06778096529869583053 0.70886561839367800975 0.00196516077290456422 0.22138825553472180063 
0.17444258681002866584 0.00003615184103845602 0.82552109139208651456 0.00000016995684636910 
0.16253635630864085582 0.02031152164498106413 0.81508344570285795605 0.00206867634352019339 
0.00001456290837632190 0.81513924122007508366 0.18484619487154871353 0.00000000100000000000 
0.10491440153109256317 0.03446463492416326768 0.86062096254474418355 0.00000000100000000000 
0.00000000099999999998 0.99999999700000008485 0.00000000099999999998 0.00000000099999999998 
0.14076818388997777709 0.50039547206857348804 0.00000000100000000000 0.35883634304144879090 
0.13410003319547111889 0.02351933418937683651 0.84238059956894228986 0.00000003304620972496 
0.00000000099999999998 0.99999999700000008485 0.00000000099999999998 0.00000000099999999998 
0.08926269669818968910 0.70027521073309728639 0.00979544551154723671 0.20066664705716569239 
0.00000000099999999998 0.99999999699999997382 0.00000000099999999998 0.00000000099999999998 
0.00000000099999999999 0.99999999699999997382 0.00000000099999999999 0.00000000099999999999 
0.06012768893763480171 0.90600015477949269460 0.00000000100000000000 0.03387215528287253197 
0.00000000100000000000 0.00000000100000000000 0.99999999699999997382 0.00000000100000000000 
0.02940909323712691953 0.00000000100000000000 0.97059090476287313010 0.00000000100000000000 
0.00371547733598035250 0.01160916763677414566 0.98467535402724537530 0.00000000100000000000 
0.08302270340481497646 0.00000000100000000000 0.91697729459518484418 0.00000000100000000000 
0.02057830933748362387 0.00000000100000000000 0.97942168866251644310 0.00000000100000000000 
0.01988119838656095609 0.00000000100000000000 0.98011879961343895129 0.00000000100000000000 
0.00000000099999999999 0.00000000099999999999 0.99999999699999997382 0.00000000099999999999 
0.23246085265589114255 0.00000001046631054770 0.72689732487743075051 0.04064181200036767055 
0.11162953624474425407 0.00000000100000000000 0.88837046175525569147 0.00000000100000000000 
0.01606554683153699203 0.00000000100000000000 0.98393445116846300902 0.00000000100000000000 
0.04679938293818033945 0.00173677416541165720 0.95146384189640786921 0.00000000100000000000 
0.02141684751005344320 0.00000531205211849218 0.96670671522719708868 0.01187112521063095338 
0.01733260952090371482 0.00000000100000000000 0.98266738847909629317 0.00000000100000000000 
0.02245298003631360576 0.00000000100000000000 0.97754701796368648203 0.00000000100000000000 
0.05502503821325489819 0.00000000100000000000 0.94497495978674506123 0.00000000100000000000 
0.01885018993252766950 0.00000000100000000000 0.98114980806747242870 0.00000000100000000000 
0.01226508028249258080 0.00000000100000000000 0.98773491771750732138 0.00000000100000000000 
0.06582683603525406324 0.00000000100000000000 0.93417316196474597945 0.00000000100000000000 
0.01205287130103294656 0.00000000100000000000 0.98794712669896700419 0.00000000100000000000 
0.00959414562853126707 0.00000000100000000000 0.99039883727425714888 0.00000701609721154277 
0.00000000099999999999 0.00000000099999999999 0.99999999699999997382 0.00000000099999999999 
0.10747927099288083486 0.00000000100000000000 0.84129382284454901075 0.05122690516257020349 
0.00266266901601893173 0.00408542592680232516 0.99325190357601234048 0.00000000148116650942 
0.05462610703929669798 0.76635679252401189832 0.02042192550253192976 0.15859517493415958844 
0.02743631199780184951 0.76944109516546788097 0.01467468474444383851 0.18844790809228656459 
0.10271162159672744818 0.71930336505078551479 0.00000000100000000000 0.17798501235248709307 
0.14349414497801268875 0.64353138859734182464 0.00000000100000000000 0.21297446542464548713 
0.08781421445982019736 0.75093746551762419195 0.00000000100000000000 0.16124831902255565286 
0.13803365677626994179 0.36442021185480893974 0.43447945195349146896 0.06306667941542969114 
0.11909279267034741934 0.65666018206486298503 0.00006109112271476684 0.22418593414207479975 
0.11677172856540746215 0.77063818604985290239 0.02981154128545028884 0.08277854409928937784 
0.03926266310860623138 0.80985191262139522017 0.00000071659323492215 0.15088470767676342987 
0.08842526771437692057 0.70896501547071877347 0.02373371427617772256 0.17887600253872659728 
0.12767632518841109945 0.74923635455664550076 0.00015720039448142642 0.12293011986046209483 
0.05258210563997014336 0.74943763106875249669 0.03772802321521049468 0.16025224007606686527 
0.03750436836644478744 0.66748919372180126608 0.05631094230920916793 0.23869549560254482712 
0.12069614594041659650 0.70848612323362747389 0.00184836053072088852 0.16896937029523501073 
0.11837799128550263728 0.72080098485753107962 0.00298111425854346614 0.15783990959842278401 
0.11289793970314374039 0.71694146439859196551 0.00310486041827360637 0.16705573547999064132 
0.07450679120832741364 0.62722258918944029382 0.00000000100000000000 0.29827061860223225143 
0.05734568966610489177 0.77069975427942960522 0.01996945044828642851 0.15198510560617897736 
0.07371213148243693780 0.67715439372115771022 0.03927011341223472091 0.20986336138417049924 
0.14026658885373649577 0.67269484464648865440 0.01439007867154714834 0.17264848782822772577 
0.04568780342364598540 0.70091263731755903965 0.01190121008608184018 0.24149834917271315038 
0.10069160674954287515 0.72099224468520384246 0.00000000452202900150 0.17831614404322429501 
0.08688021408628725240 0.75804781392067643875 0.00274275297292867490 0.15232921902010776449 
0.07766089119426183851 0.68787586119763577397 0.06140728204852895222 0.17305596555957353244 
0.05431370237149868441 0.72429740588816116098 0.02437855393786299285 0.19701033780247714788 
0.09814052929506782152 0.73170384833851243034 0.01652344222932209186 0.15363218013709761811 
0.00000000099999999997 0.99999999700000008485 0.00000000099999999997 0.00000000099999999997 
0.08804839814669734865 0.70155055545233535597 0.01521283767202439782 0.19518820872894304674 
0.00000000099999999998 0.99999999699999997382 0.00000000099999999998 0.00000000099999999998 
0.11881552198742803550 0.69781086678743375895 0.00957688812495044971 0.17379672310018767778 
0.06475986209932041437 0.66970242766402587886 0.01189356687339495136 0.25364414336325880051 
0.04170444247443855224 0.52081138797695447629 0.00000000100000000000 0.43748416854860694425 
0.05412690666016080343 0.57846496902936950235 0.02427367097951994152 0.34313445333094971801 
0.08850932227429034183 0.73656603335296699786 0.00594015718467957692 0.16898448718806310942 
0.00000000099999999998 0.99999999700000008485 0.00000000099999999998 0.00000000099999999998 
0.00305854605498450706 0.66891876040305353612 0.02143064455013131073 0.30659204899183073456 
0.05667338015335590673 0.71881003075661320523 0.01584472345932502746 0.20867186563070586058 
0.06477831757538110580 0.74999563299246796433 0.00000000100000000000 0.18522604843215106918 
0.05882636134790638488 0.54066216142965517477 0.36733714299002601100 0.03317433423241235996 
0.09489871159888446650 0.67494246375727817711 0.02905481783596522774 0.20110400680787227090 
0.68698521649722743554 0.07663414735432851066 0.01083496463671735494 0.22554567151172658090 
0.73987497767521281933 0.03802577080607976584 0.00000000100000000000 0.22209925051870743617 
0.66831172493791934919 0.04681515933891746556 0.00000000100000000000 0.28487311472316328986 
0.48301390818714112774 0.09464913872111355153 0.02230147322149290956 0.40003547987025250832 
0.70054974209111164907 0.07828287340160137997 0.00000000100000000000 0.22116738350728701312 
0.33056819569919443369 0.13625956250395809821 0.03917456560723289044 0.49399767618961459847 
0.49156387053867378611 0.09115922169267998143 0.06227150955980267216 0.35500539820884347009 
0.46002684733938031814 0.07647002983547579458 0.04533410318246310078 0.41816901964268082814 
0.72130046381492674001 0.06842726735677163996 0.00000399220892808004 0.21026827661937358416 
0.76967493240776696517 0.07437278720162636414 0.00043076089154485918 0.15552151949906187212 
0.68502778841254319264 0.03922017214448086236 0.00132090665456245193 0.27443113278841352320 
0.68312120321176539317 0.09416482196189930598 0.00000000100000000000 0.22271397382633528750 
0.63467886934279305056 0.08037478443077802903 0.00000000100000000000 0.28494634522642886543 
0.06531731138526292169 0.66300338472845798954 0.01084364677314178863 0.26083565711313727586 
0.57200536018667758054 0.07813893392548218464 0.02619408012254681450 0.32366162576529344808 
0.65254960573653686406 0.05923979282375094885 0.02389439708722244579 0.26431620435248953660 
0.45900572254757099344 0.11255875749725215151 0.02523471959944193627 0.40320080035573485633 
0.75084535480939895713 0.04011479917849200549 0.01986441014156369728 0.18917543587054533316 
0.43789298090621076032 0.06017383540157578842 0.03713585204161226616 0.46479733165060110878 
0.74831106575503669731 0.07901626085445449810 0.03274486982518256400 0.13992780356532608099 
0.62561504268447287735 0.06830639294267855377 0.00142258717268295269 0.30465597720016562855 
0.73586215528376763828 0.08837446398626895572 0.00000000100000000000 0.17576337972996333714 
0.45324785181094867648 0.04938064651264284510 0.17336769217059785908 0.32400380950581042505 
0.80480452317891026937 0.07802621524020116051 0.00000052884261244464 0.11716873273827620172 
0.47396686382435848639 0.10434076586765593520 0.03955069113734938080 0.38214167917063629476 
0.67849538254075059118 0.09532593476354730977 0.00000000100000000000 0.22617868169570204406 
0.46587561334878058172 0.06642825125926635210 0.11763960300043212193 0.35005653239152095813 
0.57815496637782137768 0.10206367159278863233 0.02427553265153571324 0.29550582937785430104 
0.66655030689935956811 0.03831046018212108661 0.00949168309714377295 0.28564754982137541273 
0.43842465068527541883 0.08533462216044769566 0.03075526910080728787 0.44548545805346967397 
0.67181081301067835376 0.04011953172327673706 0.00000000100000000000 0.28806965426604491665 
0.66486620905940163606 0.10244529176802720516 0.00004408805244984011 0.23264441112012138047 
0.71751027446187420900 0.06407330471055369681 0.00000000100000000000 0.21841641982757215024 
0.72497598344292024652 0.05324249348480755012 0.00051240684091631615 0.22126911623135595009 
0.00000000100000000000 0.00000000100000000000 0.00000000100000000000 0.99999999699999997382 
0.15195619936148699325 0.04563630796572488990 0.00000000100000000000 0.80240749167278824228 
0.01779828974324708726 0.08704534224305800205 0.00000000100000000000 0.89515636701369483141 
0.06154740569588157406 0.00000000100000000000 0.00000000100000000000 0.93845259230411848250 
0.00660257353380389045 0.03234570685153907027 0.00000018044512056360 0.96105153916953645066 
0.00270863316927393146 0.57598681358625392068 0.02327703327769396410 0.39802751996677820934 
0.04068839490671191661 0.04858979870690035424 0.01770833405610527239 0.89301347233028260941 
0.09851200644317124888 0.65669334419990410545 0.02083018309813036359 0.22396446625879415371 
0.12062307477078118567 0.02377013787639400966 0.04792856247992447610 0.80767822487290041877 
0.08343621673353134038 0.65533593296969794295 0.00133709353835705829 0.25989075675841372126 
0.08242607464840963349 0.24928874684899132719 0.03012289649096822411 0.63816228201163083256 
0.00012679218503487891 0.00000000100000000000 0.00000000100000000000 0.99987320581496519356 
0.06547427631830950168 0.08058683882924991271 0.00000000100000000000 0.85393888385244065553 
