0.06173818596853732771 0.01363627982507737042 0.33884258441919240523 0.00954200851690296427 0.00000000100000000000 0.47050101315920483946 0.00000000100000000000 0.01489360391507803770 0.00000000100000000000 0.00000000100000000000 0.09084632019600724639 
0.00000000099999999993 0.00000000099999999993 0.97966316194347768942 0.00000000099999999993 0.00000000099999999993 0.00000000099999999993 0.00000000099999999993 0.00431040307992543430 0.00000000099999999993 0.00000000099999999993 0.01602642697659718840 
0.00000000099999999998 0.00000000099999999998 0.99999999000000006077 0.00000000099999999998 0.00000000099999999998 0.00000000099999999998 0.00000000099999999998 0.00000000099999999998 0.00000000099999999998 0.00000000099999999998 0.00000000099999999998 
0.00000000099999999999 0.00199790709465391680 0.86765013771136334508 0.00000000099999999999 0.11570839554969426788 0.00000000099999999999 0.00000000099999999999 0.00000000099999999999 0.00000000099999999999 0.01464355264428858668 0.00000000099999999999 
0.00000000100000000000 0.04526878885451159074 0.36611868846485989826 0.01852637566129989796 0.00000071769335856342 0.49939663770079723015 0.00000100733588767690 0.05624389465369495494 0.00064623990990586219 0.01379764772568437166 0.00000000100000000000 
0.13963316525596874973 0.00000000099999999999 0.58500142400506771612 0.06373192143229700068 0.00000000145347872328 0.19131142645648566147 0.00000000099999999999 0.00000000099999999999 0.02032205639670217612 0.00000000099999999999 0.00000000099999999999 
0.00557866279940527447 0.00017564364953084497 0.27813102920934235085 0.02429615610764846931 0.00000000100000000000 0.50312380922718580312 0.00000000100000000000 0.00965365719329511381 0.15149428245510054847 0.02754675635849156839 0.00000000100000000000 
0.06232176573691005500 0.00000000099999999999 0.46789509434637899243 0.03936435146622189324 0.00000000099999999999 0.37731769554899019514 0.00000000099999999999 0.03801471008373685095 0.00048391604814391884 0.01460246276961804472 0.00000000099999999999 
0.08199037991192485719 0.00000000100000000000 0.26013774262306010865 0.01068122526191591336 0.00000000100000000000 0.55453426735392685742 0.00000000100000000000 0.01806821147234060829 0.00000000100000000000 0.07458816837683170109 0.00000000100000000000 
0.08898133959021162220 0.00000000100000000000 0.32537925581665122499 0.02999346524051223553 0.00000019792679568969 0.48404542243997039641 0.00000000100000000000 0.00000000100000000000 0.00000000100000000000 0.03996858850213041298 0.03163172648372836876 
0.00000000099999999997 0.00000000099999999997 0.00000000099999999997 0.00000000099999999997 0.00000000099999999997 0.99999999000000017180 0.00000000099999999997 0.00000000099999999997 0.00000000099999999997 0.00000000099999999997 0.00000000099999999997 
0.00000000100000000000 0.02657845207096782431 0.37134193036685042566 0.00238843992396399474 0.00000000100000000000 0.52380592064411590769 0.02501324377505357091 0.02785654040498547132 0.00000000100000000000 0.00120652125223957439 0.02180894856182315905 
0.00007654487759367174 0.00000000099999999999 0.38807595708626368980 0.01654412097501271883 0.06657143940886862954 0.52339879301079184071 0.00000000099999999999 0.00533313964146967141 0.00000000099999999999 0.00000000099999999999 0.00000000099999999999 
0.00000000099999999999 0.01659791070294872398 0.86279817323642360449 0.10879860650486031237 0.00000000099999999999 0.00000000099999999999 0.00000000099999999999 0.00000000099999999999 0.01180530255576748948 0.00000000099999999999 0.00000000099999999999 
0.01984391528932303445 0.00776737700395680603 0.41428608033685021539 0.04242837313055430881 0.04265672500157358799 0.38156945722235213747 0.05377284978643886992 0.00000000100000000000 0.03570131420193962957 0.00000000100000000000 0.00197390602701150858 
0.05452312868318385380 0.00000000099999999999 0.38860700870456521550 0.00000000099999999999 0.01081079961719966405 0.41883164900786745699 0.11005817722936409031 0.00000000099999999999 0.01449928720610593053 0.00000000099999999999 0.00266994555171385555 
0.01539575682887993173 0.02972599660656869217 0.32418923926200987617 0.05130938037151540343 0.00000003443626072267 0.49613437780655283982 0.00000008019713138861 0.02109167664045443272 0.00000000100000000000 0.03395970474192584743 0.02819375210870077308 
0.01925521981211818570 0.04402077448686186889 0.33597955717459832004 0.00328707957110581893 0.00001408388225596328 0.45927204172442737118 0.03951710645071292161 0.02231076337963469602 0.03967130316458319927 0.00004173443786299393 0.03663033591583850224 
0.00001280429696846629 0.02639384962225152856 0.25029657125538162799 0.00000000100000000000 0.00000000613296909838 0.57896450850078795547 0.05567989499115310464 0.03502839874620308769 0.01767868771590963214 0.00955275646914179564 0.02639252126923368955 
0.01430405087648016320 0.00000000100000000000 0.21943228594436017809 0.02755675580706352934 0.00000000100000000000 0.64988169276013696418 0.03159524794035337147 0.02777184273662177891 0.00000000100000000000 0.02893491724683653829 0.00052320368814748862 
0.00000000100000000000 0.04722878520372621181 0.34124094659327980361 0.01607686664331986134 0.00646735612638260106 0.52314510117575296899 0.00000000100000000000 0.03407540525195336401 0.03176553500558533527 0.00000000100000000000 0.00000000100000000000 
0.00353700782026385640 0.03945039688406216244 0.21840545938354449795 0.00000187185644078318 0.02308403984938055264 0.68493281258544935763 0.00000000100000000000 0.00807608316820923426 0.00000000100000000000 0.02081158835829466022 0.00170073809435500344 
0.00000000100000000000 0.00000000100000000000 0.28927112287206513397 0.00000003004302337157 0.07176911852629996869 0.50967346910796285098 0.06750601883883508569 0.03046843914100891629 0.03130754142467844642 0.00000425704612610331 0.00000000100000000000 
0.00000000099999999994 0.00000000099999999994 0.00000000099999999994 0.00000000099999999994 0.00000000099999999994 0.99999999000000006077 0.00000000099999999994 0.00000000099999999994 0.00000000099999999994 0.00000000099999999994 0.00000000099999999994 
0.00000000100000000000 0.00908586340879975925 0.38806826743447742079 0.03156915115758674589 0.05755101467068942517 0.40642962219160433390 0.04935867166632723624 0.00971558945353794001 0.03720594479722790643 0.00000099703340062720 0.01101487718634867191 
0.00000000100000000000 0.01941910354323334378 0.37636596616353695799 0.04951359287203892928 0.00000000100000000000 0.46933617623431078680 0.05834209162822520667 0.00098132682764369428 0.00240513454209260709 0.02363660518891832346 0.00000000100000000000 
0.00000000100000000000 0.00000000100000000000 0.28049087994686733305 0.00182215678730614488 0.02396376773702528842 0.53772562530278567028 0.02985066089951217763 0.01001520311394799023 0.09241984127504884738 0.00000000100000000000 0.02371186193750644475 
0.06465236420416142771 0.00000000100000000000 0.32604908645321895033 0.00000000100000000000 0.00000000100000000000 0.51841621751752597902 0.00000000100000000000 0.03296125178571299164 0.00000000127508561931 0.04714514562305477385 0.01077592914124012036 
0.09231255231071025524 0.00086621315802107063 0.35958168258463296674 0.00000000100000000000 0.00000000100000000000 0.44173384958181383109 0.05114781340095368029 0.04821442241099092169 0.00614341237357836703 0.00000000100000000000 0.00000005117929895011 
0.02601428403676382672 0.02312117164030742800 0.31589339524766080203 0.00000003741469082208 0.00000000100000000000 0.56101546637702193188 0.00000011373845250680 0.04753636722954742572 0.00000000100000000000 0.01113618976703434175 0.01528297254852092196 
0.00000000100000000000 0.00000000100000000000 0.40642076710776520176 0.02525802733236213668 0.12469708796406346607 0.39957024202921492817 0.03766491548645865134 0.00627119275643831138 0.00009153814676942936 0.00000000100000000000 0.00002622617692789925 
0.01299246612587526967 0.03520045932897699487 0.40922647774519332886 0.05805929640879292641 0.00010672325305001371 0.45807813812625552963 0.00019530055496458563 0.00000000099999999999 0.02614113545689134357 0.00000000099999999999 0.00000000099999999999 
0.02446709740372697908 0.01678724133372650959 0.27020754502001187447 0.00000000100000000000 0.02601017369064509074 0.55104958040744578263 0.07149082586266812533 0.01451378537134202611 0.00000000100000000000 0.00914745923628779156 0.01632628967414579205 
0.02736333849323508566 0.00000000100000000000 0.61701162643565121702 0.00000000100000000000 0.00000000100000000000 0.26824993610793690380 0.06450305788146962205 0.00657757538616734853 0.01629446069553994181 0.00000000100000000000 0.00000000100000000000 
0.00000000100000000000 0.00806851990834793129 0.62128586499965809953 0.07896556584381932142 0.02726091206327194150 0.19694551486864428358 0.01822223202056806254 0.00000000100000000000 0.01167855833469854353 0.03757280736745523264 0.00000002259353653779 
0.00000000100000000000 0.00000000100000000000 0.27254400558366664864 0.01257829876956906463 0.11480000474369965457 0.48330789683415598113 0.06164718172552941661 0.03256538205620168602 0.00000000100000000000 0.02255722616400945499 0.00000000112316804955 
0.00000000099999999992 0.00000000099999999992 0.99999999000000006077 0.00000000099999999992 0.00000000099999999992 0.00000000099999999992 0.00000000099999999992 0.00000000099999999992 0.00000000099999999992 0.00000000099999999992 0.00000000099999999992 
0.00000000601528128486 0.04747855776465934735 0.41462821449934367246 0.02679491757258876602 0.00000000377403003243 0.38900765005028753452 0.03123965065441677152 0.00000000100000000000 0.04957215768960702984 0.00000000100000000000 0.04127883997978554903 
0.00000000099999999990 0.00000000099999999990 0.00000000099999999990 0.00000000099999999990 0.00000000099999999990 0.99999999000000006077 0.00000000099999999990 0.00000000099999999990 0.00000000099999999990 0.00000000099999999990 0.00000000099999999990 
0.00000000099999999997 0.00000000099999999997 0.00000000099999999997 0.00000000099999999997 0.00000000099999999997 0.99999999000000017180 0.00000000099999999997 0.00000000099999999997 0.00000000099999999997 0.00000000099999999997 0.00000000099999999997 
0.00000234558310454890 0.03458850482255816650 0.31524001751298258434 0.01440461746829965230 0.00000000100000000000 0.54021637569150715574 0.00000000100000000000 0.01218536360416922273 0.00986284318643407439 0.00000000100000000000 0.07349992913094473279 
0.09409296990777125946 0.00000000100000000000 0.31978960072180417917 0.06085916600711326063 0.00000000100000000000 0.44383834836328639462 0.01523091142271988316 0.03389205623055405181 0.00000000100000000000 0.02489078244179878524 0.00740616190495232019 
0.00000000100000000000 0.00000000100000000000 0.47926979093550570177 0.01803591666849129263 0.00665057936974831811 0.37793010361320067414 0.04870848406457863045 0.00000000100000000000 0.03960704536817941102 0.00121187835885794336 0.02858619862143807130 
0.00140536948714724882 0.01981173567340935651 0.37855283010374207731 0.01305768614703958774 0.00000000116805003828 0.49717625603794396438 0.00000175389313098438 0.02996500817573734265 0.02333766715679559331 0.00341630043206187254 0.03327539172494178160 
0.07362894332323427493 0.00000000100000000000 0.30916370541844973019 0.00000137571692999518 0.00000000182886982185 0.51328108394856009067 0.00324880650583534748 0.00000000219578122156 0.06498651760520673948 0.00000000100000000000 0.03568956145713289563 
0.00000000099999999998 0.00000000099999999998 0.00000000099999999998 0.00000000099999999998 0.00000000099999999998 0.99999999000000006077 0.00000000099999999998 0.00000000099999999998 0.00000000099999999998 0.00000000099999999998 0.00000000099999999998 
0.00000000536991787120 0.00000000100000000000 0.36881353816642048482 0.08139620302128681983 0.02078132572293426780 0.40616513405777532331 0.00000000100000000000 0.03669287220345589934 0.05232866336810496066 0.00000000100000000000 0.03382225509010444026 
0.10966234304674372935 0.00000000099999999999 0.18817641869891907347 0.05773923162172107243 0.00000000099999999999 0.55724311682353899755 0.03808116422830806064 0.00000000099999999999 0.00000174240360446311 0.01705788864255060669 0.03203809153461401049 
0.05685806823859781978 0.00000000100000000000 0.29683442590878134082 0.00000000100000000000 0.01719006754508045284 0.43744730191915975892 0.04785807173038701678 0.03177001923315680293 0.10829801329313010205 0.00351898177805267266 0.00022504835365410496 
0.00000000099999999998 0.01627412976951734397 0.64777680522877445490 0.00000001546360425766 0.08866257344070729851 0.14347078084069128656 0.00000000099999999998 0.00000000099999999998 0.10381569025670543682 0.00000000099999999998 0.00000000099999999998 
0.00000048460817093839 0.04282483642682650971 0.34677342002377936625 0.04454805533349481816 0.03396225358688907681 0.43353168461134561351 0.07258209495866535521 0.02461630272935911093 0.00000000100000000000 0.00000000100000000000 0.00116086572146933509 
0.00000000100000000000 0.00229502628634496893 0.21238915644738773358 0.00000000100000000000 0.00000000100000000000 0.59153180635755431283 0.03044523115245931569 0.02869408546798176210 0.05799849588840497172 0.00575791714346663222 0.07088827825640046931 
0.06413257746331633979 0.00000000100000000000 0.44284741394552018523 0.02010073579783082029 0.00000000100000000000 0.40506417517936293970 0.00000000100000000000 0.04057998674943702477 0.00000000100000000000 0.02356768740706294621 0.00370741945746986884 
0.00000000100000000000 0.00000000100000000000 0.20355765185290472519 0.02469828495575083008 0.03649069002506082071 0.55631504505139628414 0.07277364006277461939 0.00000000100000000000 0.06732295050812268922 0.01415878404272561536 0.02468295050126470547 
0.00033312036162750280 0.01503880441275149034 0.70220145896799024410 0.06631375417782080228 0.10130912915370339500 0.08163020900093356791 0.00000000100000000000 0.00924162300835092328 0.02393189791682203901 0.00000000100000000000 0.00000000100000000000 
0.00076989144790152271 0.00000000100000000000 0.24354361181262945690 0.00000809219344961350 0.15043754076233403771 0.52347570426915390751 0.00003869341257630913 0.01952962685518106270 0.00000000100000000000 0.00704623215011030736 0.05515060509666384198 
0.00000000099999999996 0.00000000099999999996 0.00000000099999999996 0.00000000099999999996 0.00000000099999999996 0.68726347988774760811 0.00000000099999999996 0.05207128304012038911 0.00000000099999999996 0.00000003783126954935 0.26066519224086265316 
0.00000079404083449064 0.00000000100000000000 0.40670654978527875922 0.00238099891691189629 0.08312069232879702729 0.43134871319271334000 0.02180841516208455524 0.00837352118796441496 0.04626030860241640147 0.00000000478299917431 0.00000000100000000000 
0.10588586038191455385 0.00569369706834905835 0.33947526672808647774 0.03423141132736025327 0.00000000100000000000 0.43345043223303592050 0.00000000100000000000 0.02689108070390264574 0.00000000100000000000 0.00000000100000000000 0.05437224755735112908 
0.01194155178224878128 0.00000000100000000000 0.26637825981960544519 0.04640837583785858977 0.10085105637927774258 0.36766153274072299606 0.06441977197856318949 0.03351122883495984139 0.00000000100000000000 0.00290615136948270836 0.10592206925728067657 
0.01227030633038385041 0.03176241992812182946 0.17292297886421020836 0.00000000100000000000 0.02242342504458562369 0.58680099108906225158 0.03759931946092420069 0.00021202201493559131 0.06283904972069333239 0.00000000100000000000 0.07316948554708314900 
0.00000000099999999997 0.00000000099999999997 0.00000000099999999997 0.00000000099999999997 0.10864420290131905633 0.89102375231243791109 0.00000000099999999997 0.00000000099999999997 0.00033203678624307766 0.00000000099999999997 0.00000000099999999997 
0.02175148162361855916 0.00000000420496211984 0.31460829849631577471 0.10186979083509614674 0.00000000187296371863 0.44977586284186144017 0.00000000100000000000 0.00000000100000000000 0.04908110068691973887 0.04296968764161040316 0.01994376979665220956 
0.00000000100000000000 0.00002130013596139553 0.29908089084058986362 0.00000000100000000000 0.02459396277596408512 0.56682836898878341536 0.05357511856550659091 0.02898418453535084316 0.00000000100000000000 0.00403336349051650490 0.02288280766732738586 
0.03014786097757125860 0.00000000100000000000 0.49139504682710044570 0.00000000100000000000 0.04569044077575478563 0.30244085599422454447 0.05557072541167422386 0.02252794081608987600 0.05222703277048644510 0.00000008683406133962 0.00000000759303703959 
0.00000000100000000000 0.05053624126094052177 0.59359744342254372462 0.00000000100000000000 0.02654236877610528789 0.29924877318123471737 0.00000000100000000000 0.03005140929890033619 0.00000000100000000000 0.00000000100000000000 0.00002375906027558858 
0.00000000100000000000 0.00000033983706978071 0.79759218863442249425 0.07334389919035945449 0.08051500108215207951 0.00000000100000000000 0.00000000100000000000 0.00000000100000000000 0.04854856525599636485 0.00000000100000000000 0.00000000100000000000 
0.06792746562379275987 0.00000000100000000000 0.25505329383281899469 0.00000000100000000000 0.03223943718069440662 0.49733544106311144972 0.03058822762259057193 0.01096313206407133374 0.04874097939723331246 0.02610994027961177286 0.03104208093607540436 
0.07477267859343322831 0.00000000100000000000 0.26880522478708790413 0.02658069174163534693 0.00000000100000000000 0.49280394663927268306 0.09767078406866398776 0.00000012406699475675 0.03208333739429741066 0.00000000100000000000 0.00728320970861460679 
0.12610700649436307197 0.00000000100000000000 0.26578987134507492396 0.00000000100000000000 0.00000000100000000000 0.55091280062033576304 0.02437934309777618075 0.01865299686463251297 0.00767923575351065618 0.00000000100000000000 0.00647874182430693227 
0.11680563136473826047 0.00000000100000000000 0.28075069849142986200 0.02482353297970838965 0.00000000100000000000 0.46341626220663789670 0.07466250555792450228 0.00000000100000000000 0.02073184704929859068 0.00277791894125616057 0.01603160040900640515 
0.00000003262065990128 0.00247014284080934775 0.42626730419487818269 0.04788664853439793256 0.00000000100000000000 0.06007196881260543075 0.10670918868969517246 0.10547364101848721862 0.00000000100000000000 0.00000000100000000000 0.25112107028846669676 
0.13465731956632942534 0.00000000099999999997 0.86534267143367082920 0.00000000099999999997 0.00000000099999999997 0.00000000099999999997 0.00000000099999999997 0.00000000099999999997 0.00000000099999999997 0.00000000099999999997 0.00000000099999999997 
0.14907678193264459199 0.00000001020300848393 0.60644968976245305914 0.00000000302101542600 0.00000000099999999999 0.20125031864808107240 0.00000000099999999999 0.00000000099999999999 0.04322319143279750725 0.00000000099999999999 0.00000000099999999999 
0.00000000100000000000 0.06320455962121460103 0.34925487579227781909 0.02713914985259447202 0.00000103533895660788 0.44785188291128380511 0.00000000100000000000 0.03615464462850725286 0.00000000100000000000 0.00237968197638874180 0.07401416687877679368 
0.08307958712069872520 0.00969704448641615750 0.32317681637499423575 0.07357186625275577430 0.00000000100000000000 0.43724837240715314080 0.03246385726937284222 0.00000000100000000000 0.00000000100000000000 0.01360190391122215701 0.02716054917738694105 
0.04149224531842511665 0.01353291327389048032 0.29534181712854867818 0.09119929596127281102 0.00000000100000000000 0.52487831228881876022 0.00331541237574586390 0.02035715912275511477 0.00000000100000000000 0.00988284153054320123 0.00000000100000000000 
0.07724159241058356495 0.00000000099999999999 0.59974448131715230037 0.01918967765131439351 0.04993736819243613234 0.16709167781846756551 0.00000000099999999999 0.00000000099999999999 0.08679519761004603207 0.00000000099999999999 0.00000000099999999999 
0.00000000099999999994 0.00000000099999999994 0.00000000099999999994 0.00000000099999999994 0.00000000099999999994 0.99999999000000006077 0.00000000099999999994 0.00000000099999999994 0.00000000099999999994 0.00000000099999999994 0.00000000099999999994 
0.00000069459214749010 0.06413994770242957555 0.27626422747312190387 0.01109207828658565625 0.00000000100000000000 0.55456515939125372583 0.03955874324636669825 0.00355353627233141994 0.00000000100000000000 0.02126956390308368597 0.02955604713267991068 
0.00000000099999999996 0.00000000099999999996 0.00000000099999999996 0.00000000099999999996 0.00000000099999999996 0.62063707766008457956 0.00000000099999999996 0.11171075384911627326 0.00000000099999999996 0.00000000099999999996 0.26765216049079915139 
0.08265301806115782357 0.00000000100000000000 0.18751212914737316884 0.02798758034724572324 0.00000687389381319017 0.56189514904228754499 0.10850277880632547278 0.02708347888074914833 0.00000000100000000000 0.00000000100000000000 0.00435898882104790268 
0.01473948846507763463 0.00000000100000000000 0.44321562155869670407 0.05643623698367196406 0.00000000100000000000 0.37796986625811124227 0.00000000100000000000 0.02216280348500352174 0.06223400539894451827 0.00000007600558555096 0.02324189884490894184 
0.03582447088708775457 0.00000000099999999999 0.00000000099999999999 0.00000000099999999999 0.00000000099999999999 0.93738267851992174151 0.00000000099999999999 0.00000000099999999999 0.00000000099999999999 0.02679284259299047691 0.00000000099999999999 
0.08541760740960141485 0.00000000100000000000 0.26049786090865423294 0.05869072407114249434 0.00000000100000000000 0.43348477945548941070 0.00000000100000000000 0.03243883994501206569 0.06971948618630434413 0.01333983766719210040 0.04641086135660373729 
0.00000000100000000000 0.02249989313675496844 0.48519886568321490827 0.13627923869113778288 0.00000023551449837272 0.35508023034605479262 0.00000000100000000000 0.00003241085474555024 0.00000000100000000000 0.00000710967839505583 0.00090201309519864434 
0.04910574033861133530 0.00000708420882317358 0.86285291204788172603 0.00000000099999999999 0.00000000099999999999 0.00000000099999999999 0.00000000099999999999 0.00000000099999999999 0.08803425640468395819 0.00000000099999999999 0.00000000099999999999 
0.00000005354193666395 0.01601339599549338188 0.26341341634426451712 0.05340185064882601446 0.00000000100000000000 0.48969466851832138543 0.12249621072380581510 0.01896606928149479482 0.01679066593127549745 0.01922343990305676320 0.00000022811152521786 
0.08978029496552525357 0.01021249168795669744 0.47891164840344890852 0.02855671544407523826 0.00000000100000000000 0.35824999254450717867 0.00000000100000000000 0.01191150606315437635 0.01057756958194044743 0.01179856342596194256 0.00000121588343013679 
0.00000000100000000000 0.04890886192737286392 0.29402076643248159504 0.05236602599212335923 0.00000000100000000000 0.47308920688441202795 0.04574041860997175857 0.04221380826941966563 0.01031495792258863529 0.00000000100000000000 0.03334595096163017747 
0.00000000100000000000 0.04698250527689693673 0.49416634501673983859 0.08619547835085933363 0.00000000100000000000 0.32381612872855070062 0.00957110402599916504 0.01378843615258155270 0.02547538241372619347 0.00000461703464629642 0.00000000100000000000 
0.00009829330975435203 0.00000000100000000000 0.69773819504334855246 0.04005660524847873966 0.04650597092940237515 0.15576116300010131588 0.00000000100000000000 0.00000000100000000000 0.05983976746891468690 0.00000000100000000000 0.00000000100000000000 
0.00000000100000000000 0.03509054172030240393 0.31757274379399114128 0.04858941361407502491 0.00000000100000000000 0.44609695876430699446 0.00000000100000000000 0.02256009275764031888 0.07939827396682665184 0.00000000100000000000 0.05069197138285752580 
0.00000000099999999999 0.07953676385918674596 0.83788746094969035472 0.06186746259500212897 0.00000000099999999999 0.00000000099999999999 0.00000000099999999999 0.00000000099999999999 0.02070830559612094751 0.00000000099999999999 0.00000000099999999999 
0.00007915539924037708 0.00000000100000000000 0.25525818975421127321 0.01316928864344975650 0.08603427406507532793 0.57742972083198318423 0.04267838606556963871 0.00652469991857677987 0.00000001222237900794 0.00000000100000000000 0.01882627109951469022 
0.02043170383213494673 0.00000000100000000000 0.25715662858199622720 0.02192590159076508727 0.04454673019273128198 0.48551082786491800425 0.00003561638681722059 0.02931426909756539370 0.07929758789535849839 0.00387003302696952139 0.05791070053074382634 
0.00000000099999999999 0.00000000099999999999 0.03213082903483691077 0.00000000099999999999 0.04258322202824402214 0.09271275464167307023 0.82439709640749503361 0.00813583050511022116 0.00000000099999999999 0.00000000099999999999 0.00004026238264094235 
0.00000000099999999999 0.00000000099999999999 0.00000000099999999999 0.07247672578810897270 0.00000000099999999999 0.00000000099999999999 0.92741987773472422951 0.00010338847716684917 0.00000000099999999999 0.00000000099999999999 0.00000000099999999999 
0.00000000099999999999 0.00000000099999999999 0.00000000099999999999 0.00000000099999999999 0.01721788742863408425 0.00000000099999999999 0.98264592665229022472 0.00000000099999999999 0.00013617791907578287 0.00000000099999999999 0.00000000099999999999 
0.00000000099999999998 0.00000000099999999998 0.00000000099999999998 0.00000000099999999998 0.00000000099999999998 0.00000000099999999998 0.99999998999999994975 0.00000000099999999998 0.00000000099999999998 0.00000000099999999998 0.00000000099999999998 
0.00000000100000000000 0.00000000100000000000 0.00000000100000000000 0.00139322992281509100 0.07114748343864704672 0.11769193736823738150 0.68156398096836079414 0.04266752652469663759 0.00000895272294547109 0.07726444084848438365 0.00826244520581312716 
0.00000000099999999999 0.01396270971477063180 0.00000000099999999999 0.00000000099999999999 0.00000000099999999999 0.00000000099999999999 0.97597155694464765574 0.01006572534058171493 0.00000000099999999999 0.00000000099999999999 0.00000000099999999999 
0.00078062937238361279 0.02946488574395935561 0.00000000100000000000 0.03772966089482115981 0.00000000100000000000 0.06551411615538955957 0.74021925734511484496 0.02416875204891361442 0.02323698969274157894 0.05929806139771196666 0.01958764534896435816 
0.00000000099999999999 0.00000000099999999999 0.04269131766569916886 0.00000000099999999999 0.02016194709692342713 0.00000000099999999999 0.91973390172431479517 0.00000000099999999999 0.00000000099999999999 0.01741282626813082240 0.00000000124493186441 
0.00000000099999999999 0.00000000099999999999 0.00000000099999999999 0.08948602779754614989 0.00000000099999999999 0.00000000099999999999 0.88241761891116954342 0.00000000099999999999 0.00000000099999999999 0.00000000099999999999 0.02809634529128433519 
0.00000000099999999999 0.00000000099999999999 0.00000000099999999999 0.00000000099999999999 0.00000000099999999999 0.00000000099999999999 0.91274215030954097827 0.04211177733813232377 0.00000000099999999999 0.04514606435232660503 0.00000000099999999999 
0.03636274244345421430 0.00715492102797625571 0.00000000858742605812 0.00000000100000000000 0.00000000100000000000 0.07171291715386574062 0.76056605674988864152 0.03455350117215436750 0.00000000100000000000 0.00949706224042378040 0.08015278762481101160 
0.00000000100000000000 0.00742497101714557472 0.00000000100000000000 0.00000000100000000000 0.00023262137337678714 0.09746098620858276163 0.79066444162815352481 0.00796167636113687127 0.00000000100000000000 0.07366878651350751428 0.02258651289809687768 
0.00000000100000000000 0.00596922702793457535 0.00000253866567647299 0.03694169473397230369 0.00000000100000000000 0.00000000100000000000 0.84301066323952433823 0.00011380943427703563 0.00000000100000000000 0.02784887369835929716 0.08611318920025599899 
0.00000000143309987070 0.00000000100000000000 0.00735759282381879924 0.00000000100000000000 0.05450336046893301811 0.00000023850260914194 0.78392079682555249054 0.03534844944187726101 0.00000000100000000000 0.00000000100000000000 0.11886955650410946372 
0.04939767453870323038 0.00000000099999999999 0.01976497125687245310 0.00000000099999999999 0.00000000099999999999 0.00000000099999999999 0.80342674178278050690 0.00708023345454098212 0.00000000099999999999 0.03328387487042893528 0.08704649909667393215 
0.00000000099999999998 0.00000000099999999998 0.00000000099999999998 0.07975649958387018290 0.00000000099999999998 0.00000000099999999998 0.88900999024022064887 0.02458570091007455591 0.00000000099999999998 0.00664771178785019626 0.00000009147798431613 
0.00000000099999999999 0.00000000099999999999 0.00000000099999999999 0.08047168309956026500 0.00000000099999999999 0.00029518506976340968 0.91395494568921875622 0.00000000099999999999 0.00000000099999999999 0.00128912034932430856 0.00398905979213327270 
0.00000000099999999999 0.00000000099999999999 0.00000000099999999999 0.05401391858799083762 0.00000000099999999999 0.00000000099999999999 0.79648394072955452927 0.05767830325302194389 0.00000000099999999999 0.01259184734989880240 0.07923198407953385702 
0.00000000099999999999 0.00000000099999999999 0.00000000099999999999 0.06529948883791292236 0.00000000099999999999 0.00000000099999999999 0.84642009547964580651 0.04928027318888945213 0.00000000099999999999 0.02437502217733741178 0.01462511431621438783 
0.00000000099999999970 0.00000000099999999970 0.00000000099999999970 0.99999999000000006077 0.00000000099999999970 0.00000000099999999970 0.00000000099999999970 0.00000000099999999970 0.00000000099999999970 0.00000000099999999970 0.00000000099999999970 
0.00000000099999999999 0.00163563300019921591 0.00000000099999999999 0.05499505132840919880 0.03766740002788949992 0.00000491841540055643 0.88507184694786744661 0.02062514528023414589 0.00000000099999999999 0.00000000099999999999 0.00000000099999999999 
0.00000000099999999997 0.00000000099999999997 0.00000000099999999997 0.00000000099999999997 0.00000000099999999997 0.00000000099999999997 0.99999999000000006077 0.00000000099999999997 0.00000000099999999997 0.00000000099999999997 0.00000000099999999997 
0.06482655199896517062 0.00000000296691657555 0.00000000100000000000 0.00000000100000000000 0.00000000100000000000 0.00000001635690919828 0.85994098107763350392 0.04530393563896099179 0.00000000100000000000 0.01468307979687243255 0.01524542816374228199 
0.00000000099999999998 0.03225503658342923630 0.00000000099999999998 0.00000000099999999998 0.00081158254047503152 0.00000000099999999998 0.96693337287609582020 0.00000000099999999998 0.00000000099999999998 0.00000000099999999998 0.00000000099999999998 
0.00000000099999999998 0.00000000099999999998 0.00000000099999999998 0.00000000099999999998 0.00000000099999999998 0.00000000099999999998 0.99999999000000006077 0.00000000099999999998 0.00000000099999999998 0.00000000099999999998 0.00000000099999999998 
0.05597174588330023487 0.00000000099999999999 0.00000000099999999999 0.00000000099999999999 0.00000000099999999999 0.00000000099999999999 0.82487602738395038315 0.02784428408554792331 0.00000000099999999999 0.00000893918143292778 0.09129899746576854158 
0.00936414809718949873 0.00000636864025235239 0.00000000100000000000 0.02218883306432378744 0.04326171687528284487 0.00000000100000000000 0.80023046830552058140 0.00611660277597092343 0.00000000100000000000 0.00000000100000000000 0.11883185824146018372 
0.08197454074414035896 0.00000000099999999999 0.00000000099999999999 0.00000000099999999999 0.00000000099999999999 0.00000000099999999999 0.87400784825210331430 0.00000000099999999999 0.02160635041570016859 0.02241125358805607162 0.00000000099999999999 
0.00000000099999999996 0.00000000099999999996 0.00000000099999999996 0.00000000099999999996 0.00000000099999999996 0.00000000099999999996 0.99999998999999994975 0.00000000099999999996 0.00000000099999999996 0.00000000099999999996 0.00000000099999999996 
0.00001472235332737134 0.02057430287888990447 0.13765474675499483892 0.00000000100000000000 0.00000000100000000000 0.00000000100000000000 0.72859898618163765338 0.00000000100000000000 0.00005765039814779768 0.03841711657168288968 0.07468247086131965529 
0.00000000099999999999 0.01934936237126886477 0.00000000099999999999 0.00000000837342375733 0.00000000099999999999 0.00000000531240701767 0.90806208573602653633 0.00000000099999999999 0.00000000099999999999 0.03098424403274748634 0.04160428917412659772 
0.00000000099999999996 0.00000000099999999996 0.00000000099999999996 0.00000000099999999996 0.00000000099999999996 0.00000000099999999996 0.00000000099999999996 0.00000000099999999996 0.00000000099999999996 0.99999999000000006077 0.00000000099999999996 
0.00000000099999999995 0.00000000099999999995 0.00000000099999999995 0.00000000099999999995 0.00000000099999999995 0.00000000099999999995 0.00000000099999999995 0.00000000099999999995 0.00000000099999999995 0.99999998999999994975 0.00000000099999999995 
0.00000000099999999996 0.00000000099999999996 0.00000000099999999996 0.00000000099999999996 0.00000000099999999996 0.00000000099999999996 0.00000000099999999996 0.00000000099999999996 0.00000000099999999996 0.99999999000000006077 0.00000000099999999996 
0.00000000099999999996 0.00000000099999999996 0.00000000099999999996 0.00000000099999999996 0.00000000099999999996 0.00000000099999999996 0.00000000099999999996 0.00000000099999999996 0.00000000099999999996 0.99999998999999994975 0.00000000099999999996 
0.00000000099999999995 0.00000000099999999995 0.00000000099999999995 0.00000000099999999995 0.00000000099999999995 0.00000000099999999995 0.00000000099999999995 0.00000000099999999995 0.00000000099999999995 0.99999998999999994975 0.00000000099999999995 
0.00000000099999999992 0.00000000099999999992 0.00000000099999999992 0.00000000099999999992 0.00000000099999999992 0.00000000099999999992 0.00000000099999999992 0.00000000099999999992 0.00000000099999999992 0.99999998999999994975 0.00000000099999999992 
0.00000000099999999994 0.00000000099999999994 0.00000000099999999994 0.00000000099999999994 0.00000000099999999994 0.00000000099999999994 0.00000000099999999994 0.00000000099999999994 0.00000000099999999994 0.99999998999999994975 0.00000000099999999994 
0.00000000099999999996 0.00000000099999999996 0.00000000099999999996 0.00000000099999999996 0.00000000099999999996 0.00000000099999999996 0.00000000099999999996 0.00000000099999999996 0.00000000099999999996 0.99999999000000006077 0.00000000099999999996 
0.00000000099999999991 0.00000000099999999991 0.00000000099999999991 0.00000000099999999991 0.00000000099999999991 0.00000000099999999991 0.00000000099999999991 0.00000000099999999991 0.00000000099999999991 0.99999999000000006077 0.00000000099999999991 
0.00000000099999999991 0.00000000099999999991 0.00000000099999999991 0.00000000099999999991 0.00000000099999999991 0.00000000099999999991 0.00000000099999999991 0.00000000099999999991 0.00000000099999999991 0.99999999000000006077 0.00000000099999999991 
0.00000000099999999991 0.00000000099999999991 0.00000000099999999991 0.00000000099999999991 0.00000000099999999991 0.00000000099999999991 0.00000000099999999991 0.00000000099999999991 0.00000000099999999991 0.99999998999999994975 0.00000000099999999991 
0.00000000099999999996 0.00000000099999999996 0.00000000099999999996 0.00000000099999999996 0.00000000099999999996 0.00000000099999999996 0.00000000099999999996 0.00000000099999999996 0.00000000099999999996 0.99999999000000006077 0.00000000099999999996 
0.00000000099999999993 0.00000000099999999993 0.00000000099999999993 0.00000000099999999993 0.00000000099999999993 0.00000000099999999993 0.00000000099999999993 0.00000000099999999993 0.00000000099999999993 0.00000000099999999993 0.99999999000000006077 
0.00000000099999999993 0.00000000099999999993 0.00000000099999999993 0.00000000099999999993 0.00000000099999999993 0.00000000099999999993 0.00000000099999999993 0.00000000099999999993 0.00000000099999999993 0.99999999000000006077 0.00000000099999999993 
0.00000000099999999994 0.00000000099999999994 0.00000000099999999994 0.00000000099999999994 0.00000000099999999994 0.00000000099999999994 0.00000000099999999994 0.00000000099999999994 0.00000000099999999994 0.99999999000000006077 0.00000000099999999994 
0.00000000099999999994 0.00000000099999999994 0.00000000099999999994 0.00000000099999999994 0.00000000099999999994 0.00000000099999999994 0.00000000099999999994 0.00000000099999999994 0.00000000099999999994 0.99999998999999994975 0.00000000099999999994 
0.00000000099999999994 0.00000000099999999994 0.00000000099999999994 0.00000000099999999994 0.00000000099999999994 0.00000000099999999994 0.00000000099999999994 0.00000000099999999994 0.00000000099999999994 0.99999999000000006077 0.00000000099999999994 
0.00000000099999999998 0.00000000099999999998 0.00000000099999999998 0.00000000099999999998 0.00000000099999999998 0.00000000099999999998 0.00000000099999999998 0.00000000099999999998 0.00000000099999999998 0.99999998999999994975 0.00000000099999999998 
0.00000000099999999993 0.00000000099999999993 0.00000000099999999993 0.00000000099999999993 0.00000000099999999993 0.00000000099999999993 0.00000000099999999993 0.00000000099999999993 0.00000000099999999993 0.99999999000000006077 0.00000000099999999993 
0.00000000099999999991 0.00000000099999999991 0.00000000099999999991 0.00000000099999999991 0.00000000099999999991 0.00000000099999999991 0.00000000099999999991 0.00000000099999999991 0.00000000099999999991 0.99999998999999994975 0.00000000099999999991 
0.00000000099999999995 0.00000000099999999995 0.00000000099999999995 0.00000000099999999995 0.00000000099999999995 0.00000000099999999995 0.00000000099999999995 0.00000000099999999995 0.00000000099999999995 0.99999999000000006077 0.00000000099999999995 
0.00000000099999999999 0.00000000099999999999 0.00000000099999999999 0.05706474152644900460 0.00000000099999999999 0.00000000099999999999 0.00000000099999999999 0.00502556097376839067 0.00000000099999999999 0.44045817150588734146 0.49745151899389533634 
0.00000000099999999994 0.00000000099999999994 0.00000000099999999994 0.00000000099999999994 0.00000000099999999994 0.00000000099999999994 0.00000000099999999994 0.00000000099999999994 0.00000000099999999994 0.99999999000000006077 0.00000000099999999994 
0.00000000099999999999 0.00000000099999999999 0.00000000099999999999 0.00000000099999999999 0.00000000099999999999 0.00000000099999999999 0.00000000099999999999 0.05541485774108533685 0.00000000099999999999 0.52157835459441959092 0.42300677966449506950 
0.00000000099999999993 0.00000000099999999993 0.00000000099999999993 0.00000000099999999993 0.00000000099999999993 0.00000000099999999993 0.00000000099999999993 0.00000000099999999993 0.00000000099999999993 0.99999998999999994975 0.00000000099999999993 
0.00000000099999999994 0.00000000099999999994 0.00000000099999999994 0.00000000099999999994 0.00000000099999999994 0.00000000099999999994 0.00000000099999999994 0.00000000099999999994 0.00000000099999999994 0.99999999000000006077 0.00000000099999999994 
0.00000000099999999995 0.00000000099999999995 0.00000000099999999995 0.00000000099999999995 0.00000000099999999995 0.00000000099999999995 0.00000000099999999995 0.00000000099999999995 0.00000000099999999995 0.99999998999999994975 0.00000000099999999995 
0.00000000099999999992 0.00000000099999999992 0.00000000099999999992 0.00000000099999999992 0.00000000099999999992 0.00000000099999999992 0.00000000099999999992 0.00000000099999999992 0.00000000099999999992 0.99999998999999994975 0.00000000099999999992 
0.00000000099999999995 0.00000000099999999995 0.00000000099999999995 0.00000000099999999995 0.99999999000000017180 0.00000000099999999995 0.00000000099999999995 0.00000000099999999995 0.00000000099999999995 0.00000000099999999995 0.00000000099999999995 
0.10238307157431518479 0.00000000099999999999 0.00000000099999999999 0.05359169298106331719 0.00000000099999999999 0.00000000099999999999 0.00000000099999999999 0.01568444385143598352 0.82834078459318549736 0.00000000099999999999 0.00000000099999999999 
