0.00000000100000000000 0.00000000100000000000 0.59431781605194855533 0.00000000100000000000 0.02521399801332873877 0.30232338112360834792 0.00381681378410973901 0.07432798602700448065 0.00000000100000000000 0.00000000100000000000 
0.00000000099999999957 0.99999999100000025454 0.00000000099999999957 0.00000000099999999957 0.00000000099999999957 0.00000000099999999957 0.00000000099999999957 0.00000000099999999957 0.00000000099999999957 0.00000000099999999957 
0.00000000099999999998 0.00000000099999999998 0.00000000099999999998 0.00000000099999999998 0.00000000099999999998 0.99074533508151230166 0.00925465691848763317 0.00000000099999999998 0.00000000099999999998 0.00000000099999999998 
0.02224458973255061603 0.00000000099999999999 0.00000000099999999999 0.00000000099999999999 0.00000000099999999999 0.97775540226744950267 0.00000000099999999999 0.00000000099999999999 0.00000000099999999999 0.00000000099999999999 
0.00122900296156978808 0.05663147684463620130 0.61216265708004791168 0.00000000100000000000 0.02753345066128080193 0.25411377817911984245 0.04355500647624903354 0.00000000100000000000 0.00000000833275458707 0.00477461746434197035 
0.00000000099999999999 0.00000000099999999999 0.24197905039388781234 0.00000000099999999999 0.00000000099999999999 0.67219698006396289003 0.00000000099999999999 0.00099028904197943370 0.08243710392181943791 0.00239657157835040067 
0.02236186072165281813 0.04236971747109624653 0.51796557629848360982 0.00000000100000000000 0.00000000100000000000 0.27314168047410131157 0.00157710071824500048 0.00000000100000000000 0.00000000100000000000 0.14258406031642120726 
0.00901489076098511977 0.01143284420452462223 0.44841955216805379214 0.00000000100000000000 0.00000000100000000000 0.49057493022599268917 0.03875472102122461127 0.00000000100000000000 0.00044968790749939615 0.00135337071171951146 
0.06292871052250231800 0.00000000100000000000 0.69470549436226802786 0.00000000100000000000 0.00000682845893772129 0.21526830213450567908 0.00140810221320188697 0.00000000100000000000 0.02568255830858453756 0.00000000100000000000 
0.03771095400365108430 0.08207617491845528579 0.52547743996302076486 0.00000000100000000000 0.00000000100000000000 0.28303645138053074026 0.00000000100000000000 0.01814889883205893228 0.05355007690228316686 0.00000000100000000000 
0.00000000099999999998 0.00000000099999999998 0.99999999100000014352 0.00000000099999999998 0.00000000099999999998 0.00000000099999999998 0.00000000099999999998 0.00000000099999999998 0.00000000099999999998 0.00000000099999999998 
0.00228524454575851181 0.03856008655378773131 0.56922507072423011998 0.01195173699578311148 0.00421587577864647196 0.33610076123596938080 0.02179691025676771046 0.01586431190905701269 0.00000000100000000000 0.00000000100000000000 
0.00000000099999999999 0.01173153383512459333 0.57023479871540416752 0.00000000099999999999 0.00000000099999999999 0.39527621270414620147 0.00000000099999999999 0.00000000099999999999 0.02275744874532512410 0.00000000099999999999 
0.00000000099999999999 0.00000019497223075820 0.00000000099999999999 0.00000000099999999999 0.00000000099999999999 0.99999979702776931045 0.00000000099999999999 0.00000000099999999999 0.00000000099999999999 0.00000000099999999999 
0.00000000100000000000 0.01488451116764407528 0.38534656224937829938 0.06458750347762802491 0.02067867268378761197 0.48201641927146249289 0.00000000100000000000 0.00000551875763572174 0.00657619453132092437 0.02590461586114291281 
0.00000000100000000000 0.01954681077359023134 0.53714756028882471028 0.08345116542798433623 0.00000000100000000000 0.31433837078155130174 0.00000000100000000000 0.00000137489405679298 0.04191593696018451609 0.00359877787380820467 
0.02961119483573007929 0.02070235729528829491 0.59069729967441064744 0.00000002668338246091 0.02602580828014100511 0.29302917022077279441 0.01596120596325943317 0.02208506280922893639 0.00188787323778628305 0.00000000100000000000 
0.00000245363968970720 0.02538621906581496612 0.51883977006707249213 0.03313002208424901257 0.03392973262878769269 0.32301063930128759427 0.01463684244431548778 0.02665366701034418973 0.00000002530312403095 0.02441062845531479647 
0.00655686584610858103 0.02187218438686407140 0.64298371295250689172 0.05734161754983115727 0.01677818746940864039 0.21521824712969489513 0.02480741826929796015 0.01334457239459659918 0.00000000100000000000 0.00109719300169136775 
0.00000000099999999999 0.05318036760244335137 0.94681962439755673611 0.00000000099999999999 0.00000000099999999999 0.00000000099999999999 0.00000000099999999999 0.00000000099999999999 0.00000000099999999999 0.00000000099999999999 
0.00000000100000000000 0.02354912652065705575 0.60495802915888630125 0.00000000100000000000 0.03532751345587990116 0.29480035007373123213 0.01884452807362206606 0.00000000100000000000 0.00000000100000000000 0.02252044871722348393 
0.00000000099999999998 0.01828547201714050829 0.94067336011592406209 0.00000000099999999998 0.04104116086693551657 0.00000000099999999998 0.00000000099999999998 0.00000000099999999998 0.00000000099999999998 0.00000000099999999998 
0.00000000100000000000 0.07850445833727666411 0.47291139528864628572 0.06421642855484845092 0.00124191462953980375 0.30444560036480006193 0.02534114004679499654 0.00000000100000000000 0.02960704092852684335 0.02373201984956687174 
0.00000000099999999995 0.00000000099999999995 0.99999999100000003249 0.00000000099999999995 0.00000000099999999995 0.00000000099999999995 0.00000000099999999995 0.00000000099999999995 0.00000000099999999995 0.00000000099999999995 
0.00000000229752820727 0.05759748346236714944 0.42450061128676908062 0.04910800846741711356 0.02061804076148463297 0.39700624838366382896 0.00614936365017678191 0.00960958282047259457 0.00260407260970410299 0.03280658626041640935 
0.01803005472167547654 0.04027591226774309557 0.50959491940672863031 0.06417617785175153133 0.00365297080109840133 0.36425847271046851716 0.00000000100000000000 0.00000000100000000000 0.00000000100000000000 0.00001148924053447739 
0.00000000100000000000 0.04201942282699886594 0.59622375339839173147 0.01699385674455391668 0.00000000100000000000 0.23335511075331585862 0.00197542460874675909 0.01895840236096717549 0.00000000100000000000 0.09047402630702576498 
0.04091100942654606054 0.01232256345190505843 0.64379642205461384830 0.00000000100000000000 0.00000000100000000000 0.25482211541613403183 0.02519113507719314068 0.00000000100000000000 0.02295662271329872509 0.00000012886030925015 
0.00000000100000000000 0.05963398888185912627 0.48344051177024505161 0.03953166710633772285 0.01984525509095242876 0.32162951314613669185 0.04193460407102609505 0.00000000100000000000 0.02183190052930047975 0.01215255740414248470 
0.00000000099999999999 0.00000000099999999999 0.98899206238654913115 0.00000000099999999999 0.01100792752851731393 0.00000000099999999999 0.00000000308493358770 0.00000000099999999999 0.00000000099999999999 0.00000000099999999999 
0.00000000100000000000 0.00525912026845732575 0.45616967959638565766 0.02566523626775179395 0.00000000429548921336 0.42827392194047436691 0.00386060369439563279 0.00000000100000000000 0.08077143093704590437 0.00000000100000000000 
0.00000000099999999999 0.04751052907889005000 0.42673710847032880755 0.01315417495080322720 0.02523501735813466276 0.47574400274975159331 0.00000000099999999999 0.00000000099999999999 0.00000700167164931232 0.01161216272044233826 
0.00559798595524098330 0.04366385369485643181 0.60483222293885852139 0.07274562602073018913 0.01403743836606690873 0.22110581216420879813 0.00181816862212561079 0.00911878345474391623 0.02708010778316854647 0.00000000100000000000 
0.00000000100000000000 0.25821072048075516259 0.40741406144122571664 0.01044357280322488236 0.00000000100000000000 0.28374619879229434627 0.00000000100000000000 0.00000000100000000000 0.00000000100000000000 0.04018544148250002834 
0.03662043547181852154 0.04293159815716018207 0.21806682778435815262 0.04043924889966375724 0.00000000100000000000 0.66194154572747576637 0.00000002155815954930 0.00000012794805652122 0.00000000100000000000 0.00000019245330770208 
0.01716560055989655581 0.05751216522615179572 0.53386544026455573508 0.05750874367937205967 0.00000000100000000000 0.22612019439770775220 0.02472665407225758602 0.00000000100000000000 0.08310119880005846504 0.00000000100000000000 
0.00000000099999999957 0.99999999100000014352 0.00000000099999999957 0.00000000099999999957 0.00000000099999999957 0.00000000099999999957 0.00000000099999999957 0.00000000099999999957 0.00000000099999999957 0.00000000099999999957 
0.00000000100000000000 0.03677901657667134033 0.43383443949270100726 0.02591338809719605576 0.02717239992968567899 0.40855064233810328700 0.00000000100000000000 0.03597711275883068438 0.00000000100000000000 0.03177299780681201724 
0.00000000099999999970 0.99999999100000014352 0.00000000099999999970 0.00000000099999999970 0.00000000099999999970 0.00000000099999999970 0.00000000099999999970 0.00000000099999999970 0.00000000099999999970 0.00000000099999999970 
0.00000000099999999998 0.00000000099999999998 0.96728541390510081044 0.00000000099999999998 0.00000000099999999998 0.00000000099999999998 0.00000000099999999998 0.00000000099999999998 0.03271457809489931173 0.00000000099999999998 
0.00000000100000000000 0.07369791700084338260 0.59618868846275474560 0.00000000100000000000 0.02448792209395521044 0.23748313208296606414 0.00419745186061582995 0.06017385940041913850 0.00000000100000000000 0.00377102609844549722 
0.02345658892108348423 0.00000000100000000000 0.56545775244802143344 0.01339484365257475294 0.01978732499580953749 0.33438112739977926546 0.02931929483838617220 0.00000184335046731465 0.00000000100000000000 0.01420122239387811708 
0.00002346038596885980 0.02415674864771357594 0.41408910080367622442 0.05099558534652731678 0.00000000100000000000 0.48960969711781859859 0.00000000100000000000 0.02112058616228871394 0.00000000100000000000 0.00000481853600688385 
0.00095818896237253573 0.00459601109854894732 0.60148051820826220482 0.00000000100000000000 0.00240471316530050001 0.35105226238171222120 0.02016520233917550378 0.01875814961303498216 0.00000000100000000000 0.00058495223159326011 
0.00000000100000000000 0.00000006450715186650 0.63114378099720502835 0.00000000100000000000 0.00000001010989896383 0.26686282091269158956 0.00000000100000000000 0.01187583876417637810 0.02039608301676671190 0.06972139869210967900 
0.00000000099999999999 0.00000000099999999999 0.98377517940577741129 0.00000000099999999999 0.00000000099999999999 0.00000000099999999999 0.00000000099999999999 0.00000000099999999999 0.00000000099999999999 0.01622481259422276639 
0.00000000100000000000 0.04480693240576261865 0.44848810134457373078 0.00317246514131282881 0.00000000100000000000 0.37956227618851989813 0.03637024220202223629 0.02888959687752887251 0.00003769106552093874 0.05867269277475890832 
0.01616479366698536646 0.03133220351492470995 0.67299530263875440017 0.03888756422411619729 0.00000000100000000000 0.14395413276667487490 0.00000000100000000000 0.01163444514951411483 0.04183352813858447899 0.04319802790044590529 
0.00039797505361195733 0.05414475089447133571 0.47362170566650996228 0.03775020864286614264 0.00000000100000000000 0.26109656648478163365 0.02420116720850078867 0.00000001976923020593 0.04426524678881075398 0.10452235849121728484 
0.00000000099999999998 0.06048318789117186622 0.00000000099999999998 0.00000000099999999998 0.02446543241879813382 0.91495405027965137634 0.00000000099999999998 0.00000000099999999998 0.00000000099999999998 0.00009732341037865385 
0.00000000100000000000 0.02273477505711200136 0.54913287142479516589 0.05255804597561072877 0.03628373872387750249 0.30012827156849319898 0.01706973458198261101 0.00000000100000000000 0.02209255261730809494 0.00000000805082075075 
0.00000000099999999999 0.00000000099999999999 0.98657973812038091133 0.00000000099999999999 0.00000000099999999999 0.00000000099999999999 0.00000028678137858846 0.00925699554814848197 0.00000000099999999999 0.00416297355009210331 
0.02052916681458438058 0.00000000100000000000 0.47084484585769859066 0.00000000100000000000 0.00000000100000000000 0.47098786125645447642 0.03759244838023840379 0.00000000309336024897 0.00004567059766373032 0.00000000100000000000 
0.01656992574909633628 0.07063630192493058901 0.63640695563904448040 0.06743942480247507032 0.00000000219356948802 0.11992585682222960120 0.00000000100000000000 0.00029052540353733975 0.00116099207761634435 0.08757001438750086630 
0.00000000100000000000 0.01855102081799698405 0.06428979978818014085 0.00691779310812515747 0.03681818091540191989 0.84810812978056604461 0.01954436684887470368 0.00000000100000000000 0.00577070468916669570 0.00000000205168834924 
0.00392047085888311796 0.06069281596671770307 0.67553581199923817824 0.00000000100000000000 0.00000000100000000000 0.06056513558755576704 0.01081734098647685501 0.02651897196618419050 0.16194944963494417589 0.00000000100000000000 
0.00000888064559059156 0.00000000099999999997 0.73031911428194706826 0.00000000099999999997 0.00000000099999999997 0.00000000099999999997 0.03507376968422095537 0.23459822938824165250 0.00000000099999999997 0.00000000099999999997 
0.00000000100000000000 0.04253994393526625700 0.48757328610227079757 0.00039754422622311002 0.00000000100000000000 0.38653897777494050647 0.00340419561432550415 0.00000000100000000000 0.04645337993371712743 0.03309266941325692685 
0.00000000100000000000 0.04427208911317256912 0.52460003855852166410 0.00000000100000000000 0.03908641882506379284 0.30812209771752641085 0.02547378333616202514 0.03907141598412977590 0.01937415346542353117 0.00000000100000000000 
0.00036908481562284519 0.02131220980265022269 0.45218647537634365507 0.06698171159174705347 0.00000000100000000000 0.21864813627170129329 0.02973945945710121039 0.09973853514868090409 0.11102438553615281980 0.00000000100000000000 
0.00000000100000000000 0.04544471182393441250 0.78611743102146036666 0.00000000100000000000 0.03593718808847715107 0.00000000100000000000 0.00000000100000000000 0.04451291845530663122 0.00000060482273334926 0.08798714178808814124 
0.00000000099999999986 0.99999999100000025454 0.00000000099999999986 0.00000000099999999986 0.00000000099999999986 0.00000000099999999986 0.00000000099999999986 0.00000000099999999986 0.00000000099999999986 0.00000000099999999986 
0.04480299869067609631 0.05203238896996936064 0.46010176513269718246 0.00003363603850573754 0.00000025349565489154 0.35912761456409297844 0.00000000100000000000 0.01891596086213719052 0.00002065783170734363 0.06496472341455919453 
0.00000000099999999998 0.00000000099999999998 0.99999999100000014352 0.00000000099999999998 0.00000000099999999998 0.00000000099999999998 0.00000000099999999998 0.00000000099999999998 0.00000000099999999998 0.00000000099999999998 
0.00000000100000000000 0.01047097991333107748 0.38703816353893133462 0.04218335636902662000 0.00000000100000000000 0.48337000651226763592 0.01737821076332423526 0.00000000100000000000 0.02197306285804860593 0.03758621704507032757 
0.00000000100000000000 0.03654798491758422946 0.34165498757318385481 0.00000000100000000000 0.02776899750565928193 0.56915509734654590179 0.02487057997270183951 0.00000234868432492934 0.00000000100000000000 0.00000000100000000000 
0.00000000100000000000 0.02460126492441869900 0.00000000100000000000 0.00000000100000000000 0.00000000100000000000 0.97130533592720857961 0.00010528009222384924 0.00398811305614883618 0.00000000100000000000 0.00000000100000000000 
0.02703708160350646802 0.01706997536266974605 0.62640263801093387652 0.00000811627738117135 0.00000000100000000000 0.17635015372842402503 0.00000778077748049934 0.02431384775235720733 0.07337487016156743480 0.05543553532567944281 
0.00000000100000000000 0.03157622570791911859 0.58533674704191385185 0.08324323315206799689 0.01493379324080386546 0.22411940764109503088 0.00000000100000000000 0.00000000100000000000 0.00008357085152532130 0.06070701936467480520 
0.00000000100000000000 0.02513921614687628439 0.64579625579924015977 0.00002284777774590697 0.00000057220621254977 0.22387576690376784216 0.01459000254161182779 0.00000009555448130124 0.06125301214904570885 0.02932222992101818707 
0.00225698384433070925 0.05799558966381197084 0.47046217785750554796 0.07073927999532268751 0.00000000100000000000 0.28867080031494291026 0.00000000100000000000 0.01139786359647669209 0.06897999471249818826 0.02949730801511124198 
0.00000000099999999999 0.00000000099999999999 0.03775006334448283846 0.10513254808601235624 0.00000000099999999999 0.48048470199713688711 0.10910447024849531661 0.26752821132387266667 0.00000000099999999999 0.00000000099999999999 
0.00000000099999999997 0.00000000099999999997 0.00000000099999999997 0.00000000099999999997 0.00000000099999999997 0.99999999100000014352 0.00000000099999999997 0.00000000099999999997 0.00000000099999999997 0.00000000099999999997 
0.00000000100000000000 0.02129621589449277874 0.13686234650011774860 0.00000000100000000000 0.03561650357133148981 0.79416115914730589509 0.00000000100000000000 0.00000000100000000000 0.01204768765089230323 0.00001608323585986020 
0.00000065333638566272 0.00619184339880244489 0.55764157889377730104 0.00000000100000000000 0.04287540234851521664 0.30250287341403503394 0.02928785577954940225 0.06149978982893498924 0.00000000100000000000 0.00000000100000000000 
0.01382671185093311585 0.02265722211444189116 0.49300518140151006197 0.04442550186379704003 0.00828564638699117242 0.34244948850108702931 0.00000000100000000000 0.01686425776438676971 0.05848598811685277316 0.00000000100000000000 
0.00077548189356939617 0.03809742008596953694 0.58986417046471428804 0.02315485381045639252 0.02714587161437395299 0.29768369697173668875 0.00959098883451645588 0.00000000100000000000 0.00387908220395981806 0.00980843312070354099 
0.00000000099999999999 0.00000000099999999999 0.18236235965341862642 0.00000000099999999999 0.00009798105742670111 0.70514799550097062575 0.00000000099999999999 0.00000000099999999999 0.05387178800347509899 0.05851987078470894527 
0.00000000099999999983 0.99999999100000025454 0.00000000099999999983 0.00000000099999999983 0.00000000099999999983 0.00000000099999999983 0.00000000099999999983 0.00000000099999999983 0.00000000099999999983 0.00000000099999999983 
0.01821497274561335172 0.03607816623496732517 0.60385968145109103489 0.03544781090575795102 0.04748315575963203000 0.24244853528380555518 0.00000000100000000000 0.01646767461913281258 0.00000000100000000000 0.00000000100000000000 
0.00000000099999999997 0.00000000099999999997 0.65025879345213011273 0.00000000099999999997 0.00000000099999999997 0.00000000099999999997 0.10019136898257563484 0.24954983056529422836 0.00000000099999999997 0.00000000099999999997 
0.00000000100000000000 0.01692964772733902140 0.65854241598754137410 0.09674208552916131743 0.00000000100000000000 0.14203116595189227422 0.01533256272015215936 0.00000000100000000000 0.06275378642677553742 0.00766833265713820489 
0.00000000100000000000 0.03904851799422267428 0.40332461080671927478 0.00000000100000000000 0.00000000100000000000 0.46441399976670694194 0.02222285946417829408 0.02152926490780321736 0.00000000100000000000 0.04946074306036937762 
0.00000000099999999998 0.00000000099999999998 0.99999999100000014352 0.00000000099999999998 0.00000000099999999998 0.00000000099999999998 0.00000000099999999998 0.00000000099999999998 0.00000000099999999998 0.00000000099999999998 
0.01461141093729538890 0.02116615420544382814 0.49330045856191107045 0.00000000161146478784 0.00000000100000000000 0.27225061400300498704 0.02811053494235837835 0.03843623749203672890 0.03831363307721060568 0.09381095416927423547 
0.00433818701603816675 0.08439413850906765657 0.28059207744320302513 0.00000053710500793264 0.00771544393558137604 0.60177079850667514194 0.00133813223594844840 0.01985068324847821114 0.00000000100000000000 0.00000000100000000000 
0.00000000099999999999 0.00000000099999999999 0.00000000099999999999 0.00000000099999999999 0.00000000099999999999 0.99999999100000014352 0.00000000099999999999 0.00000000099999999999 0.00000000099999999999 0.00000000099999999999 
0.00000000099999999999 0.00000000099999999999 0.99999999100000003249 0.00000000099999999999 0.00000000099999999999 0.00000000099999999999 0.00000000099999999999 0.00000000099999999999 0.00000000099999999999 0.00000000099999999999 
0.00805343775205525497 0.02333854580436475062 0.41838648038401460294 0.00000000100000000000 0.03080937461413441394 0.50267949269717948635 0.00994348086797348235 0.00000000100000000000 0.00000000100000000000 0.00678918488027813009 
0.00000000100000000000 0.02625604491423024628 0.55407402302957708962 0.03993858977407577227 0.03933612176089149037 0.26750239616648679997 0.03679852177737234775 0.02612499062233196792 0.00000000100000000000 0.00996930995503425739 
0.00034489239329705683 0.00291471158719708691 0.32286158526145347647 0.02894532994380378393 0.03189166861618560750 0.59954136534208690712 0.01308457679484067472 0.00000000100000000000 0.00000000100000000000 0.00041586806113552894 
0.00007343615738746853 0.00000000099999999999 0.00000000099999999999 0.00000000099999999999 0.00000000099999999999 0.99992655584261258550 0.00000000099999999999 0.00000000099999999999 0.00000000099999999999 0.00000000099999999999 
0.00000000100000000000 0.03235218130001842746 0.51673641367932443558 0.00000000100000000000 0.02231066966415488559 0.29041063699004660004 0.01551242287610350885 0.04439888273206995389 0.00000000100000000000 0.07827878975828206354 
0.00000000099999999999 0.00000000099999999999 0.00000000099999999999 0.00000000099999999999 0.01938524598867711474 0.97602119071072568346 0.00459355630059722977 0.00000000099999999999 0.00000000099999999999 0.00000000099999999999 
0.00000000100000000000 0.05495684257297005909 0.65932310724541087765 0.03415507963252668866 0.00000000100000000000 0.17477374627124941942 0.00000000209309423925 0.00362806399468672052 0.07315934356767084257 0.00000381262239105526 
0.00031025111708857597 0.02510129069236291185 0.57618080337704269400 0.00000020932064535461 0.00000000100000000000 0.20331341561930452166 0.01962151497033462130 0.04832249805625086353 0.04204086903180469237 0.08510914681516598690 
0.00000000100000000000 0.04477744417801074461 0.12474475146923373614 0.82878845887996732689 0.00000000100000000000 0.00000000100000000000 0.00168933947278824062 0.00000000100000000000 0.00000000100000000000 0.00000000100000000000 
0.00000000099999999999 0.00083100900724878410 0.00000000099999999999 0.98658267606362792801 0.00000000099999999999 0.00000000099999999999 0.00000000099999999999 0.00000000099999999999 0.01258630792912352955 0.00000000099999999999 
0.00000000099999999999 0.04561107263188127897 0.00000000099999999999 0.95438891936811875993 0.00000000099999999999 0.00000000099999999999 0.00000000099999999999 0.00000000099999999999 0.00000000099999999999 0.00000000099999999999 
0.00000000099999999998 0.00000000099999999998 0.00000000099999999998 0.99999999100000014352 0.00000000099999999998 0.00000000099999999998 0.00000000099999999998 0.00000000099999999998 0.00000000099999999998 0.00000000099999999998 
0.07708280124269735467 0.00000000100000000000 0.11820808861668839762 0.69041463825701676615 0.00000463315270241414 0.01106602250040149282 0.04336778905743857160 0.00772976907740040124 0.05167693442204176341 0.00044932267361285364 
0.00000000099999999999 0.00000000099999999999 0.00000000099999999999 0.98669085331292949448 0.00000235536478649986 0.00000000099999999999 0.01330678432228394811 0.00000000099999999999 0.00000000099999999999 0.00000000099999999999 
0.06098003898521685284 0.00000000100000000000 0.07709304265966614167 0.76283797917883577888 0.02501857833778898393 0.00415597703169075759 0.02703140928803037663 0.01224798445806931334 0.00000000100000000000 0.03063498806070163311 
0.00533585849181657506 0.01719641959491262709 0.00000000099999999999 0.96356396745248984459 0.00000000099999999999 0.01390374846078093300 0.00000000099999999999 0.00000000099999999999 0.00000000099999999999 0.00000000099999999999 
0.00000000099999999999 0.00000000099999999999 0.00000000099999999999 0.99999999077104739786 0.00000000099999999999 0.00000000099999999999 0.00000000099999999999 0.00000000122895274257 0.00000000099999999999 0.00000000099999999999 
0.05484119064611652633 0.02483694178610456466 0.00000000099999999999 0.87459045831580739527 0.00000000099999999999 0.00000000099999999999 0.04573140325197159323 0.00000000099999999999 0.00000000099999999999 0.00000000099999999999 
0.00850415132480840039 0.02049424114930658777 0.06328421122963841239 0.76941159346235377114 0.02167392153162918389 0.00000000100000000000 0.03640526090133281573 0.08022661740093083027 0.00000000100000000000 0.00000000100000000000 
0.07108179525536936771 0.00000000100000000000 0.10031790197599649295 0.79468948042153864098 0.00000000100000000000 0.00000000100000000000 0.00735280339588170045 0.02655801395121371380 0.00000000100000000000 0.00000000100000000000 
0.03016576774202563496 0.00000000100000000000 0.00000000100000000000 0.88999977464385049419 0.00257477328158644842 0.00000000100000000000 0.00000034647648714641 0.07725933285605045275 0.00000000100000000000 0.00000000100000000000 
0.00000000100000000000 0.00000109977194570002 0.01718739809030849289 0.78437481869049541228 0.00000000100000000000 0.00000000100000000000 0.03719782688477341059 0.12035698931609134510 0.04088186324638558994 0.00000000100000000000 
0.04080820980104657436 0.00000000100000000000 0.00000788315183414998 0.81429511519050890023 0.00000000100000000000 0.05297680601360003211 0.01179483097679376140 0.08011715086621665205 0.00000000100000000000 0.00000000100000000000 
0.00000000099999999999 0.00000000099999999999 0.00000000099999999999 0.97694354474926214937 0.00000000099999999999 0.00000000099999999999 0.02305644725073796933 0.00000000099999999999 0.00000000099999999999 0.00000000099999999999 
0.00000000099999999999 0.02424962767664204724 0.00000000099999999999 0.97575036432335815473 0.00000000099999999999 0.00000000099999999999 0.00000000099999999999 0.00000000099999999999 0.00000000099999999999 0.00000000099999999999 
0.01041053415621789532 0.00000000099999999999 0.00000000099999999999 0.85077168684424897549 0.00000000099999999999 0.00000204575904402511 0.06421810786754290901 0.07459762037294614956 0.00000000099999999999 0.00000000099999999999 
0.02854808387007867071 0.00000000099999999999 0.00000000099999999999 0.91806059625920966027 0.00000000099999999999 0.00000000099999999999 0.05338916672218716603 0.00000214714852451713 0.00000000099999999999 0.00000000099999999999 
0.00006298267234155362 0.00000000100000000000 0.06113426254805540139 0.51200019304383648233 0.01822945570909831337 0.18270035980961371602 0.03469847480550864588 0.02873361065432138498 0.06792224988748896131 0.09451840986973558678 
0.00000000100000000000 0.02884005023920984886 0.00000000354024769791 0.92103410037439592539 0.02751896201026804087 0.00000000100000000000 0.02260687753153111171 0.00000000100000000000 0.00000000100000000000 0.00000000230434746707 
0.00000000099999999997 0.00000000099999999997 0.00000000099999999997 0.99999999100000014352 0.00000000099999999997 0.00000000099999999997 0.00000000099999999997 0.00000000099999999997 0.00000000099999999997 0.00000000099999999997 
0.01745357451040197710 0.00000000100000000000 0.00013106671953126079 0.90057621187776237814 0.02711871586547534921 0.00000005100101033309 0.05193496123331986514 0.00278541579249884808 0.00000000100000000000 0.00000000100000000000 
0.00000000099999999999 0.00000000099999999999 0.00000000099999999999 0.98137935947215182431 0.01862063252784819725 0.00000000099999999999 0.00000000099999999999 0.00000000099999999999 0.00000000099999999999 0.00000000099999999999 
0.00000000099999999998 0.00000000099999999998 0.00000000099999999998 0.99999998426948633057 0.00000000099999999998 0.00000000099999999998 0.00000000099999999998 0.00000000773051379061 0.00000000099999999998 0.00000000099999999998 
0.00000000705914738427 0.00000000100000000000 0.00555859660914035433 0.88511279614563076468 0.00000000100000000000 0.00000000100000000000 0.03144831751593601954 0.07751758362418573189 0.00000000100000000000 0.00036269504595990701 
0.00000000100000000000 0.01517136270715264447 0.00000000100000000000 0.81982587266078121857 0.00000176075673274704 0.00000000100000000000 0.00805880179478630707 0.11714963510301154570 0.03979256297753549360 0.00000000100000000000 
0.03010184351832306468 0.01446554890912151760 0.00000000099999999999 0.88894033508992986725 0.00000000099999999999 0.00000000099999999999 0.00000000099999999999 0.00000000099999999999 0.00000000099999999999 0.06649226648262576700 
0.00000000099999999996 0.00000000099999999996 0.00000000099999999996 0.99999999100000003249 0.00000000099999999996 0.00000000099999999996 0.00000000099999999996 0.00000000099999999996 0.00000000099999999996 0.00000000099999999996 
0.04228370236951994876 0.00000000100000000000 0.05462140790778056976 0.71814103035713106049 0.00291423111264767914 0.10051996823101985723 0.00000000100000000000 0.07872994727823731664 0.00000000100000000000 0.00278970974366360858 
0.02855076915768601717 0.00000000099999999999 0.00000000099999999999 0.93856280853587437107 0.00000009524864014556 0.00000000099999999999 0.00000000099999999999 0.03288632105779951131 0.00000000099999999999 0.00000000099999999999 
0.99999999100000025454 0.00000000099999999997 0.00000000099999999997 0.00000000099999999997 0.00000000099999999997 0.00000000099999999997 0.00000000099999999997 0.00000000099999999997 0.00000000099999999997 0.00000000099999999997 
0.99999999100000014352 0.00000000099999999995 0.00000000099999999995 0.00000000099999999995 0.00000000099999999995 0.00000000099999999995 0.00000000099999999995 0.00000000099999999995 0.00000000099999999995 0.00000000099999999995 
0.99999999100000014352 0.00000000099999999996 0.00000000099999999996 0.00000000099999999996 0.00000000099999999996 0.00000000099999999996 0.00000000099999999996 0.00000000099999999996 0.00000000099999999996 0.00000000099999999996 
0.99999999100000014352 0.00000000099999999997 0.00000000099999999997 0.00000000099999999997 0.00000000099999999997 0.00000000099999999997 0.00000000099999999997 0.00000000099999999997 0.00000000099999999997 0.00000000099999999997 
0.99999999100000025454 0.00000000099999999996 0.00000000099999999996 0.00000000099999999996 0.00000000099999999996 0.00000000099999999996 0.00000000099999999996 0.00000000099999999996 0.00000000099999999996 0.00000000099999999996 
0.99999999100000025454 0.00000000099999999993 0.00000000099999999993 0.00000000099999999993 0.00000000099999999993 0.00000000099999999993 0.00000000099999999993 0.00000000099999999993 0.00000000099999999993 0.00000000099999999993 
0.99999999100000025454 0.00000000099999999995 0.00000000099999999995 0.00000000099999999995 0.00000000099999999995 0.00000000099999999995 0.00000000099999999995 0.00000000099999999995 0.00000000099999999995 0.00000000099999999995 
0.99999999100000014352 0.00000000099999999997 0.00000000099999999997 0.00000000099999999997 0.00000000099999999997 0.00000000099999999997 0.00000000099999999997 0.00000000099999999997 0.00000000099999999997 0.00000000099999999997 
0.99999999100000014352 0.00000000099999999992 0.00000000099999999992 0.00000000099999999992 0.00000000099999999992 0.00000000099999999992 0.00000000099999999992 0.00000000099999999992 0.00000000099999999992 0.00000000099999999992 
0.99999999100000025454 0.00000000099999999992 0.00000000099999999992 0.00000000099999999992 0.00000000099999999992 0.00000000099999999992 0.00000000099999999992 0.00000000099999999992 0.00000000099999999992 0.00000000099999999992 
0.99999999100000014352 0.00000000099999999992 0.00000000099999999992 0.00000000099999999992 0.00000000099999999992 0.00000000099999999992 0.00000000099999999992 0.00000000099999999992 0.00000000099999999992 0.00000000099999999992 
0.99999999100000014352 0.00000000099999999996 0.00000000099999999996 0.00000000099999999996 0.00000000099999999996 0.00000000099999999996 0.00000000099999999996 0.00000000099999999996 0.00000000099999999996 0.00000000099999999996 
0.00000000099999999994 0.00000000099999999994 0.00000000099999999994 0.00000000099999999994 0.00000000099999999994 0.00000000099999999994 0.00000000099999999994 0.99999999099999992147 0.00000000099999999994 0.00000000099999999994 
0.99999999100000014352 0.00000000099999999994 0.00000000099999999994 0.00000000099999999994 0.00000000099999999994 0.00000000099999999994 0.00000000099999999994 0.00000000099999999994 0.00000000099999999994 0.00000000099999999994 
0.99999999100000025454 0.00000000099999999995 0.00000000099999999995 0.00000000099999999995 0.00000000099999999995 0.00000000099999999995 0.00000000099999999995 0.00000000099999999995 0.00000000099999999995 0.00000000099999999995 
0.99999999100000025454 0.00000000099999999995 0.00000000099999999995 0.00000000099999999995 0.00000000099999999995 0.00000000099999999995 0.00000000099999999995 0.00000000099999999995 0.00000000099999999995 0.00000000099999999995 
0.99999999100000014352 0.00000000099999999995 0.00000000099999999995 0.00000000099999999995 0.00000000099999999995 0.00000000099999999995 0.00000000099999999995 0.00000000099999999995 0.00000000099999999995 0.00000000099999999995 
0.99999999100000025454 0.00000000099999999998 0.00000000099999999998 0.00000000099999999998 0.00000000099999999998 0.00000000099999999998 0.00000000099999999998 0.00000000099999999998 0.00000000099999999998 0.00000000099999999998 
0.99999999100000025454 0.00000000099999999994 0.00000000099999999994 0.00000000099999999994 0.00000000099999999994 0.00000000099999999994 0.00000000099999999994 0.00000000099999999994 0.00000000099999999994 0.00000000099999999994 
0.99999999100000014352 0.00000000099999999992 0.00000000099999999992 0.00000000099999999992 0.00000000099999999992 0.00000000099999999992 0.00000000099999999992 0.00000000099999999992 0.00000000099999999992 0.00000000099999999992 
0.99999999100000014352 0.00000000099999999996 0.00000000099999999996 0.00000000099999999996 0.00000000099999999996 0.00000000099999999996 0.00000000099999999996 0.00000000099999999996 0.00000000099999999996 0.00000000099999999996 
0.44613481578932190352 0.00000000100000000000 0.02909450888301056554 0.00000000100000000000 0.00000000100000000000 0.00000000100000000000 0.00996805296255982333 0.51480211478758897137 0.00000000100000000000 0.00000050257751867742 
0.99999999100000025454 0.00000000099999999995 0.00000000099999999995 0.00000000099999999995 0.00000000099999999995 0.00000000099999999995 0.00000000099999999995 0.00000000099999999995 0.00000000099999999995 0.00000000099999999995 
0.52043857704411200515 0.00000000099999999999 0.00000000099999999999 0.00000000099999999999 0.00000000099999999999 0.00000000099999999999 0.05597542064722021982 0.42358599530866797300 0.00000000099999999999 0.00000000099999999999 
0.99999999100000014352 0.00000000099999999994 0.00000000099999999994 0.00000000099999999994 0.00000000099999999994 0.00000000099999999994 0.00000000099999999994 0.00000000099999999994 0.00000000099999999994 0.00000000099999999994 
0.99999999100000025454 0.00000000099999999995 0.00000000099999999995 0.00000000099999999995 0.00000000099999999995 0.00000000099999999995 0.00000000099999999995 0.00000000099999999995 0.00000000099999999995 0.00000000099999999995 
0.99999999100000014352 0.00000000099999999996 0.00000000099999999996 0.00000000099999999996 0.00000000099999999996 0.00000000099999999996 0.00000000099999999996 0.00000000099999999996 0.00000000099999999996 0.00000000099999999996 
0.99999999100000014352 0.00000000099999999993 0.00000000099999999993 0.00000000099999999993 0.00000000099999999993 0.00000000099999999993 0.00000000099999999993 0.00000000099999999993 0.00000000099999999993 0.00000000099999999993 
0.00000000099999999999 0.00000000099999999999 0.01870043168095103861 0.00594552767693435312 0.21580094591800094705 0.00000000099999999999 0.00000000099999999999 0.00000000099999999999 0.69702389172641088244 0.06252919799770267906 
0.00157179108221568598 0.00000000099999999999 0.00000000099999999999 0.00000000099999999999 0.00000001273094469925 0.00000000099999999999 0.03264668161675252089 0.00000000099999999999 0.00000000099999999999 0.96578150857008693286 
0.00000000099999999999 0.00000000099999999999 0.00000000099999999999 0.00000000099999999999 0.00000000099999999999 0.00000001751840790977 0.00000000099999999999 0.00339005251552730374 0.06537571225323594859 0.93123421171282894093 
0.00000000100000000000 0.00000000100000000000 0.00000000100000000000 0.00000000100000000000 0.24047588385058343841 0.01673111460664413602 0.00000477349699046925 0.00000000100000000000 0.68688628989332001229 0.05590193315246184957 
0.00000000099999999999 0.04263053300918046712 0.00000000099999999999 0.00000000099999999999 0.00000000099999999999 0.00000000099999999999 0.00000000099999999999 0.00000000099999999999 0.11477927198188003777 0.84259018800893958900 
0.00000000100000000000 0.00000000100000000000 0.03859110925283884552 0.00000017999594059433 0.00000000100000000000 0.00000000100000000000 0.00000000100000000000 0.00000000100000000000 0.06889909399282795333 0.89250961075839263525 
0.00000000099999999999 0.00000000099999999999 0.00000000099999999999 0.00000000099999999999 0.00000000099999999999 0.00000000099999999999 0.00000000099999999999 0.00000000099999999999 0.01035795385887892418 0.98964203814112117197 
0.00000000100000000000 0.00000000100000000000 0.00000000100000000000 0.00000000100000000000 0.00000000120218461398 0.08206347501387512011 0.01197623050490210193 0.00000000100000000000 0.07580429541810537741 0.83015599286093277875 
0.00000000099999999999 0.00000000099999999999 0.00000000099999999999 0.00000000099999999999 0.01963926015747148937 0.00000000099999999999 0.00000000099999999999 0.00000000099999999999 0.00000000099999999999 0.98036073184252847668 
0.00564102964852345509 0.00000000100000000000 0.00000000100000000000 0.00283372123282869511 0.00000000100000000000 0.00000000100000000000 0.00000000100000000000 0.00000001258801828812 0.08417013003434103968 0.90735510149628861853 
0.00000000099999999999 0.00000000099999999999 0.00001442854787835262 0.02165533464427533625 0.00000000099999999999 0.00000000099999999999 0.00000000099999999999 0.00000000099999999999 0.07209379257628022175 0.90623643823156607713 
0.00000000099999999999 0.00000000099999999999 0.00000000099999999999 0.01773203164780280672 0.00000000099999999999 0.00000000433161755423 0.00000000099999999999 0.00000000099999999999 0.05263241013921830108 0.92963554788136126827 
0.01578741798313277808 0.00556858205216059342 0.03082724442743392523 0.00044844755433423079 0.04039744636739040634 0.00012903115308951244 0.00078607088690921321 0.00000000100000000000 0.56402043352181197022 0.34203532505373746009 
0.00000000099999999999 0.00000000099999999999 0.03526251228600195409 0.00000000099999999999 0.00000000099999999999 0.33800205127967236640 0.01728550343979030901 0.00000000099999999999 0.07796153917656474530 0.53148838881797066946 
0.00000000099999999999 0.00000000099999999999 0.04894397471217367540 0.00000000099999999999 0.06158789329033122900 0.00000000099999999999 0.00000000099999999999 0.00000000099999999999 0.00000000099999999999 0.88946812499749516867 
0.00000000099999999999 0.00000000099999999999 0.00000000099999999999 0.00000000099999999999 0.07061260910208344566 0.00000000099999999999 0.01093445059583388231 0.00000000099999999999 0.00000083266116264213 0.91845210164092017102 
0.00811685485850138257 0.00000088132370032522 0.03575777836839932194 0.00000000100000000000 0.00000000100000000000 0.00000000100000000000 0.00000019552423768674 0.00143681840085467505 0.08260327812804546532 0.87208419039626117186 
0.00000000099999999999 0.00342139056158638835 0.00000000099999999999 0.05670349563624355743 0.00000000099999999999 0.00000000099999999999 0.00000000099999999999 0.00000000099999999999 0.11414133577356698479 0.82573377202860309687 
