0.00550533312856552482 0.64531610471370037807 0.34917856215773418471 
0.00000000100000000000 0.62733730119871666808 0.37266269780128341571 
0.00000023579646636180 0.76602545192883475522 0.23397431227469897563 
0.05948708009640397976 0.71357270450455800859 0.22694021539903797002 
0.00503198665208283175 0.66927884936589254750 0.32568916398202468754 
0.03638391534577598008 0.74641074134987372979 0.21720534330435020687 
0.00000000100000000000 0.72752739346850925362 0.27247260553149066364 
0.00000022477302085183 0.71247384885286835221 0.28752592637411067411 
0.00507247954216338316 0.64423783945377322002 0.35068968100406344712 
0.01924694389027761104 0.64978669611833161923 0.33096635999139084605 
0.00536926870811980494 0.62882146929422344517 0.36580926199765662066 
0.00000000100000000000 0.66309242821492475617 0.33690757078507527211 
0.00000002231838241477 0.72359494527229351046 0.27640503240932418061 
0.00380509381958043721 0.77924712672665208402 0.21694777945376755857 
0.01579061331091614895 0.71844087398639344677 0.26576851270269036265 
0.00000339891428762469 0.69203994053163464528 0.30795666055407788786 
0.01467463335674863353 0.64123700039042474952 0.34408836625282657184 
0.02181455923298110736 0.65633722641197367320 0.32184821435504540332 
0.00000013087606840318 0.64071553713293349919 0.35928433199099818474 
0.00000000100000000000 0.64185226948858331575 0.35814772951141682356 
0.01362670322157983130 0.70178956422320970532 0.28458373255521035583 
0.02639676435123652562 0.65106591506120770063 0.32253732058755574252 
0.01089472366302756887 0.67143364156176554847 0.31767163477520687920 
0.00000000100000000000 0.69339704874363961018 0.30660295025636041810 
0.01362012647188170708 0.69442867698853949499 0.29195119653957884998 
0.00000000100000000000 0.67488254087521315494 0.32511745812478676232 
0.00000000599321150282 0.69799393712913604393 0.30200605687765247342 
0.00057357998768555157 0.65005034034799569209 0.34937607966431871720 
0.02467136742107057731 0.65341584783458761532 0.32191278474434165124 
0.00000342491781044111 0.66467492959172058686 0.33532164549046894475 
0.04027813319274045623 0.68745507177870524007 0.27226679502855422044 
0.00616238903206178367 0.74492801798243823974 0.24890959298549986123 
0.01605733608448021293 0.64132063182241116905 0.34262203209310865271 
0.00000000100000000000 0.71536814668574066900 0.28463185231425941479 
0.00003178030349671093 0.71979605977137628425 0.28017215992512711775 
0.03253381106725465599 0.63067358603610401691 0.33679260289664142425 
0.00000000100000000000 0.63623883525751967483 0.36376116374248035346 
0.00902001970515893016 0.69655412872084776499 0.29442585157399336904 
0.00000055624430880660 0.71225199582356779615 0.28774744793212336802 
0.03838711340336159461 0.61844980590017373245 0.34316308069646467294 
0.00000000100000000000 0.65959579004642332478 0.34040420895357670350 
0.00429163038842707636 0.67152717900056568823 0.32418119061100725276 
0.00000000100000000000 0.70265685134751976193 0.29734314765248015533 
0.00000000100000000000 0.67815431291539418623 0.32184568608460573103 
0.00535826035745860536 0.70398056545935894235 0.29066117418318238030 
0.00000000100000000000 0.65328184714391690502 0.34671815185608312326 
0.00000000100000000000 0.69551575573053292523 0.30448424326946715857 
0.00513377006025601216 0.65847092567099207994 0.33639530426875186020 
0.01984754993955262226 0.69834680991248210269 0.28180564014796538608 
0.02493291524629756908 0.80867245251388042426 0.16639463223982187134 
0.03375765458533060148 0.65827152028128488315 0.30797082513338452925 
0.00000000100000000000 0.62430751255749461492 0.37569248644250524682 
0.00066548800864018318 0.67660005230944475496 0.32273445968191505351 
0.00000320679407556687 0.66510320483928275781 0.33489358836664162578 
0.04282724028764531288 0.75067804997038523052 0.20649470974196942885 
0.07632862919177589578 0.59871234132922268589 0.32495902947900134894 
0.00000000100000000000 0.38846790538928366310 0.61153209361071625416 
0.01137853155147646421 0.72434921204980351472 0.26427225639871998464 
0.03818125530232428788 0.63736136761528650041 0.32445737708238914232 
0.04967504418020086965 0.56238593227941702235 0.38793902354038201086 
0.03595909607261250918 0.62497950795031809168 0.33906139597706930200 
0.01902404667870806129 0.73464851103090111906 0.24632744229039096884 
0.00043828561926037405 0.67953668739863770654 0.32002502698210189003 
0.00000000100000000000 0.64175785455340428332 0.35824214444659568946 
0.01025162892713772471 0.71543997651755719680 0.27430839455530509063 
0.01469112729788854717 0.71641470106847904287 0.26889417163363238394 
0.02931276616204236615 0.75527806401665298353 0.21540916982130464685 
0.02982661841526612276 0.64596583582083599850 0.32420754576389787527 
0.00286792243317101356 0.68091829383663238229 0.31621378373019654040 
0.01702821050793397115 0.69105648216320159083 0.29191530732886450394 
0.02454240212202436766 0.67345636490856652934 0.30200123296940906137 
0.00000000100000000000 0.45270152842767041879 0.54729847057232960950 
0.03358386846567267686 0.77000614253516252994 0.19640998899916484177 
0.04339965240441977928 0.76163779867178693639 0.19496254892379330514 
0.02548025791889645814 0.62222240504857950771 0.35229733703252397170 
0.02774488971492352837 0.66495403105800110488 0.30730107922707522450 
0.01725075346573935048 0.67199384783221483008 0.31075539870204577086 
0.03740189710715255411 0.78668918866211678953 0.17590891423073062860 
0.00004577323239131098 0.71935959553264927635 0.28059463123495947956 
0.02416056360930808611 0.63208319627291054132 0.34375624011778138645 
0.00000000100000000000 0.34972133827681251006 0.65027866072318751822 
0.00956688315305850509 0.64038498222691131456 0.35004813462003020463 
0.00000000100000000000 0.71854436394391252296 0.28145563505608744981 
0.02016641451989867329 0.59574608226033087810 0.38408750321977030984 
0.02371829210246747741 0.65858222838761193429 0.31769947950992066810 
0.00354293694253752676 0.73270437531894827554 0.26375268773851429094 
0.01295248929878276695 0.78071683192195784340 0.20633067877925939659 
0.00000052932450291981 0.64168952415246893750 0.35830994652302827763 
0.01685767016753634065 0.71706019507133711421 0.26608213476112657636 
0.01319249979243303228 0.63526636906504596602 0.35154113114252089067 
0.00857868665340387818 0.73271007799298804031 0.25871123535360818213 
0.00000006045074776759 0.78598919542205714084 0.21401074412719500728 
0.00355188543330123936 0.68599431420273304649 0.31045380036396574841 
0.03862404030693464274 0.75345470073488196583 0.20792125895818333592 
0.02195768199625719105 0.65271670808173243294 0.32532560992201037253 
0.01848735107622487620 0.65383488767419128962 0.32767776124958386541 
0.01630802647346275835 0.37237509988917055770 0.61131687363736664231 
0.04583941117648893115 0.31941065043910132903 0.63474993838440985083 
0.03992272173419489367 0.31759084098136558527 0.64248643728443954881 
0.02160308395651705862 0.32984329484196872606 0.64855362120151416327 
0.04792780449120501857 0.33192219506757786318 0.62015000044121715295 
0.05107947500725085188 0.28948284829558201814 0.65943767669716712998 
0.04631987565068263618 0.32239214363854845624 0.63128798071076874798 
0.04071474102341310353 0.30903214430573122673 0.65025311467085578077 
0.03293207920759343155 0.32272478719123443014 0.64434313360117212444 
0.00572759696088391383 0.30829937140705965248 0.68597303163205636256 
0.03549453063192982427 0.30324747176869565335 0.66125799759937464728 
0.02463716911617526775 0.31216066181869100982 0.66320216906513373978 
0.03639806763019179381 0.27067465037384419446 0.69292728199596398397 
0.02832568552938510148 0.29707733086726273442 0.67459698360335218492 
0.00050186893987757674 0.32262449953377642098 0.67687363152634616448 
0.00002661532913613182 0.33723040295338524430 0.66274298171747869635 
0.02350462895779672004 0.33117180164902026984 0.64532356939318313849 
0.00000002657562623259 0.30446432984000226796 0.69553564358437158788 
0.00157633329189685962 0.32153056694201070931 0.67689309976609235431 
0.10323184081921323030 0.43888259035660942553 0.45788556882417724703 
0.04929360759031552186 0.31973035387425985387 0.63097603853542461039 
0.02151348018351680047 0.32877059250481782682 0.64971592731166549761 
0.03455035858367024731 0.31013257686178741235 0.65531706455454230564 
0.08184271313876428922 0.27007123117286241376 0.64808605568837329702 
0.00000000239105095063 0.31941831583851815202 0.68058168177043087965 
0.01566988622816914770 0.30467205213157116939 0.67965806164025954761 
0.05943863456624961378 0.27251616226035846324 0.66804520317339188828 
0.03029304819745800431 0.35371198778713597299 0.61599496401540587698 
0.00000410424850896654 0.33271891804590147945 0.66727697770558946910 
0.02303821575211644282 0.34581695460432454459 0.63114482964355900219 
0.04319896017424239981 0.26735587236969099445 0.68944516745606665431 
0.00000000100000000000 0.00000000100000000000 0.99999999799999994554 
0.00000000099999999999 0.00000000099999999999 0.99999999800000005656 
0.00000000100000000000 0.00000000100000000000 0.99999999799999994554 
0.00010495305649781369 0.00000000100000000000 0.99989504594350231415 
0.00000000099999999999 0.00000000099999999999 0.99999999799999994554 
0.00000000099999999999 0.00000000099999999999 0.99999999799999994554 
0.00000000099999999999 0.00000000099999999999 0.99999999800000005656 
0.00138686031245605686 0.00000000100000000000 0.99861313868754397749 
0.00000000099999999999 0.00000000099999999999 0.99999999800000005656 
0.00000000099999999999 0.00000000099999999999 0.99999999799999994554 
0.00000000099999999999 0.00000000099999999999 0.99999999800000005656 
0.00000000100000000000 0.00000000100000000000 0.99999999800000005656 
0.00000000100000000000 0.00000000100000000000 0.99999999799999994554 
0.00000000099999999999 0.00000000099999999999 0.99999999800000005656 
0.00000000099999999999 0.00000000099999999999 0.99999999799999994554 
0.00000000099999999999 0.00000000099999999999 0.99999999799999994554 
0.00000000100000000000 0.00000000100000000000 0.99999999800000005656 
0.01608884200757128985 0.00998028221968915059 0.97393087577273951272 
0.00000000099999999999 0.00000000099999999999 0.99999999800000005656 
0.00000000099999999999 0.00000000099999999999 0.99999999799999994554 
0.00000000099999999999 0.00000000099999999999 0.99999999800000005656 
0.00000003713343908596 0.02822149962740796297 0.97177846323915306748 
0.00000005081687429177 0.00000000100000000000 0.99999994818312576417 
0.00000014621531220176 0.00000000100000000000 0.99999985278468783712 
0.00000000099999999999 0.00000000099999999999 0.99999999799999994554 
0.00000000099999999999 0.00000000099999999999 0.99999999800000005656 
0.00000000100000000000 0.00000000100000000000 0.99999999799999994554 
0.00000000099999999999 0.00000000099999999999 0.99999999799999994554 
0.74931598025681711572 0.22675089602333467487 0.02393312371984839329 
0.22880789570935461397 0.75287806451615035819 0.01831403977449493417 
0.24329947822831310411 0.75670052077168692417 0.00000000100000000000 
0.77547839582889921406 0.20582074514637607732 0.01870085902472466699 
0.25932978968615966187 0.74067020931384031091 0.00000000100000000000 
0.24108353649817937381 0.75891646250182054345 0.00000000100000000000 
0.22345958481714406352 0.77654041418285579823 0.00000000100000000000 
0.23124870294898444700 0.76300610286336667532 0.00574519418764889329 
0.23808468450732736543 0.76191531449267246856 0.00000000100000000000 
0.25919650413757244767 0.74054059546129902269 0.00026290040112859361 
0.23989801511456707028 0.76010198388543281922 0.00000000100000000000 
0.22106933759753730206 0.77893066140246258744 0.00000000100000000000 
0.53091452533039595885 0.43215634631050348080 0.03692912835910048402 
0.15015018527867474152 0.78070709656823356060 0.06914271815309169789 
0.24545704419001326824 0.75454295480998667678 0.00000000100000000000 
0.27544939542833118962 0.72455060357166889418 0.00000000100000000000 
0.24947784695777538988 0.74310339468428454612 0.00741875835794005272 
0.24271433689217011831 0.73899470082152851624 0.01829096228630128218 
0.99999999800000005656 0.00000000099999999998 0.00000000099999999998 
0.25304240900941726844 0.74673875352953045237 0.00021883746105228925 
0.75919465669111019235 0.19137545769682637320 0.04942988561206347609 
0.71058003284303161706 0.26318105267897679012 0.02623891447799140547 
0.26470801774435337439 0.72686463189494954218 0.00842735036069693945 
0.22789631613113112141 0.77210368286886887912 0.00000000100000000000 
0.70600212758068792152 0.24107764096459749492 0.05292023145471443785 
0.21165067972805476360 0.78834931927194529244 0.00000000100000000000 
0.21401505642542340002 0.75032641567750935074 0.03565852789706729781 
0.73970639838393781318 0.23061790278519384012 0.02967569883086844038 
0.26838072036685994837 0.73161927863314013543 0.00000000100000000000 
0.37737924667560712733 0.33590231846603119115 0.28671843485836168153 
0.22735986677604611006 0.77263580524940589367 0.00000432797454806015 
0.25230473224210864247 0.74064957269961473330 0.00704569505827671184 
0.26268607776146252197 0.73731392123853756182 0.00000000099999999999 
0.67611329340261716592 0.28969441988143235234 0.03419228671595045399 
0.74993318751049153903 0.20861309463033694822 0.04145371785917154744 
0.18661924731347503958 0.81194986776941491247 0.00143088491710998853 
0.75929381296408049451 0.23375172294580581767 0.00695446409011368609 
0.75472542625224670054 0.21617077940383583323 0.02910379434391751133 
0.75300168208951301363 0.24699831691048701465 0.00000000100000000000 
0.79394448183548604892 0.17818890428866984710 0.02786661387584420460 
0.26271208891610081659 0.73728791008389915618 0.00000000100000000000 
0.21221683068412044992 0.77748677925002984690 0.01029639006584973093 
0.25260176151991758919 0.74739823748008249460 0.00000000100000000000 
0.27903780901842362150 0.69333711248954765782 0.02762507849202863741 
0.25163927252195522621 0.74836072647804474656 0.00000000100000000000 
0.68453706299837957516 0.25269863361938260660 0.06276430338223774885 
0.23570092669326517254 0.75375642868621339776 0.01054264462052134817 
0.28185535255571358970 0.71814464644428632756 0.00000000100000000000 
0.23908567409463477027 0.76091432490536514699 0.00000000099999999999 
0.46860581419202707032 0.51527385728804864229 0.01612032851992425270 
0.58921990071834329239 0.37542646255361972196 0.03535363672803693708 
0.23206809017204560464 0.76793190882795436814 0.00000000099999999999 
0.21365585255596020176 0.77608372819065862824 0.01026041925338115959 
0.66535642344856116281 0.33464357555143880996 0.00000000100000000000 
0.71247297940167564345 0.23907845502434377227 0.04844856557398066060 
0.65114690184880263946 0.33256501778118630064 0.01628808037001114664 
0.25606459170446194129 0.74393540729553797597 0.00000000100000000000 
0.26842204280295034469 0.73157795619704946155 0.00000000099999999999 
0.28957678749317006250 0.70304798747404284587 0.00737522503278708903 
0.71586877654712655072 0.25462775784698349346 0.02950346560589000439 
0.71461508485102531729 0.24806148866313781909 0.03732342648583675260 
0.21956072508560006695 0.76779861024741991038 0.01264066466697997583 
0.19175836263410625526 0.80824161658633020267 0.00000002077956356204 
0.20710257858504438344 0.79289742041495558933 0.00000000100000000000 
0.20807810667967402418 0.79192189232032594859 0.00000000100000000000 
0.22378276521075263217 0.77621723378924734060 0.00000000100000000000 
0.23308180681380652466 0.76691819218619350362 0.00000000100000000000 
0.20174518324675683179 0.79825481575324308547 0.00000000100000000000 
0.72694000013246728997 0.24128373335887784434 0.03177626650865485181 
0.77593168719792804389 0.20172123510912021160 0.02234707769295183472 
0.25043726725383869125 0.71970433730334881783 0.02985839544281256031 
0.21746478163794560889 0.78253521736205444714 0.00000000100000000000 
0.70086853292472073296 0.26866173858068426172 0.03046972849459510246 
0.58044353172869422863 0.38173302156432803445 0.03782344670697772998 
0.21663682040281431740 0.78336317859718551659 0.00000000100000000000 
0.26615322163952515044 0.73020666306898474041 0.00364011529149003846 
0.26144714681096375974 0.73855285218903610200 0.00000000100000000000 
0.28879804117137353181 0.71120195782862638545 0.00000000100000000000 
0.77651705805290682783 0.20097435265396645931 0.02250858929312676837 
0.77452635553038085003 0.17189769688321659968 0.05357594758640261967 
0.22324955116223899054 0.77675044783776092672 0.00000000100000000000 
0.22469320412897714201 0.77530679487102271974 0.00000000099999999999 
0.73034006180033617106 0.25436122257558202442 0.01529871562408178370 
0.76783184854950181641 0.19741708437896288153 0.03475106707153530206 
0.81404961362007954850 0.15575719393826117920 0.03019319244165930699 
0.63350147765658837429 0.34151819674913902469 0.02498032559427260102 
0.30576638352590168601 0.69172192253099962223 0.00251169394309870781 
0.73591244341313610811 0.22639408568275770639 0.03769347090410615775 
0.56753613373557731947 0.42090942248024498795 0.01155444378417777064 
0.19964482184987009106 0.79285788961911207728 0.00749728853101774579 
0.22959019289403115316 0.77040980610596876410 0.00000000100000000000 
0.21528030741123674319 0.78471969158876320183 0.00000000100000000000 
0.70924372814462954828 0.19676968937317823594 0.09398658248219234068 
0.24464991251739329203 0.75535008648260659747 0.00000000100000000000 
0.24227443603395668048 0.75397898185735701126 0.00374658210868617468 
0.25998191633318762372 0.74001808266681246007 0.00000000100000000000 
0.22390656253087065641 0.77609343646912931636 0.00000000100000000000 
0.21737651179352554531 0.78262312827389246550 0.00000035993258208767 
0.78129372027732502115 0.21070917249866516485 0.00799710722400979665 
0.26803674777786123951 0.72937638038237506688 0.00258687183976357348 
0.22978080308421952593 0.77021919591578036357 0.00000000100000000000 
0.61266567117642356521 0.36924534319566193474 0.01808898562791447923 
0.20104148116398609658 0.75737319163225136354 0.04158532720376256070 
0.20649156922877254239 0.79350842977122748589 0.00000000100000000000 
0.23408856527150645466 0.76591143372849346260 0.00000000100000000000 
0.74322405086064535773 0.23994641638117031324 0.01682953275818441924 
0.20710941483091824256 0.79289058416908164695 0.00000000100000000000 
0.00000000100000000000 0.07452754098176696262 0.92547245801823296851 
0.03085648450973908774 0.34465357604631241539 0.62448993944394848299 
0.12021451827853947558 0.40284679193840111644 0.47693868978305947737 
0.02668329493433724969 0.36680365901102374160 0.60651304605463896014 
0.00000000348700716516 0.05004941017716917073 0.94995058633582363239 
0.03943458100352662671 0.26503061471654676406 0.69553480427992664392 
0.00000006871053406772 0.01229323188385983770 0.98770669940560607003 
0.03612603155591186110 0.31187358447652652194 0.65200038396756154757 
0.00152515130077372405 0.37924976694844270142 0.61922508175078350146 
0.00195056567237301168 0.36408156159194887680 0.63396787273567811738 
0.00337423742432786493 0.32147077242413918396 0.67515499015153290774 
0.03880988690949715297 0.37842930066057867133 0.58276081242992427978 
0.05552535150380209783 0.36163913913936140965 0.58283550935683647864 
0.00000000100000000000 0.07700777799033428628 0.92299222100966582527 
0.00000000100000000000 0.05748552210514865091 0.94251447689485134962 
0.02330425219233554085 0.41290069617790992051 0.56379505162975462884 
0.52225044694724942484 0.40811980144795084735 0.06962975160479986658 
0.75540227274470128638 0.20377653380282159667 0.04082119345247715858 
0.03505520613050047002 0.10234183533995080961 0.86260295852954871343 
0.74086623928907013870 0.19671507169675139792 0.06241868901417848420 
0.39837601968084757065 0.12704639184554669673 0.47457758847360576038 
0.99999999799999994554 0.00000000099999999999 0.00000000099999999999 
0.81199728638609802722 0.16041966221833892092 0.02758305139556307614 
0.71156598469339193969 0.21981351079948882599 0.06862050450711922045 
0.99999999800000005656 0.00000000099999999999 0.00000000099999999999 
0.77573144341337818553 0.17331045532027583578 0.05095810126634591625 
0.99999999799999994554 0.00000000099999999999 0.00000000099999999999 
0.99999999799999994554 0.00000000099999999999 0.00000000099999999999 
0.99999999799999994554 0.00000000099999999999 0.00000000099999999999 
0.72482699227767699579 0.21658611287795814793 0.05858689484436475220 
0.78415832535627383315 0.19018099757184991905 0.02566067707187602923 
0.75359762477241343248 0.22199793354866656503 0.02440444167892004412 
0.84410826471191191533 0.15589173428808811295 0.00000000100000000000 
0.73082638870066818360 0.23464168142574168274 0.03453192987359014060 
0.99999999800000005656 0.00000000099999999999 0.00000000099999999999 
0.99999999800000005656 0.00000000099999999998 0.00000000099999999998 
0.74784996112350177189 0.23471760499813584810 0.01743243387836244246 
0.00560219158001857599 0.10710391023142523670 0.88729389818855619598 
0.02963834430332906722 0.09912514959091209277 0.87123650610575875675 
0.81200097368714030388 0.00000000100000000000 0.18799902531285966889 
0.05191048167637704602 0.04334597964265545639 0.90474353868096746289 
0.99999999799999994554 0.00000000099999999999 0.00000000099999999999 
0.56232723236903037201 0.41076857214362660908 0.02690419548734307095 
0.03735161967099965424 0.06997150643657865099 0.89267687389242167395 
0.99999999799999994554 0.00000000099999999999 0.00000000099999999999 
0.73454138404127855555 0.23043605454600005200 0.03502256141272155204 
0.99999999799999994554 0.00000000099999999999 0.00000000099999999999 
0.99999999799999994554 0.00000000099999999999 0.00000000099999999999 
0.88862641032555134135 0.11137234764755690741 0.00000124202689174965 
0.00000000100000000000 0.00000000100000000000 0.99999999799999994554 
0.00000038110871117362 0.00000000110899783748 0.99999961778229096154 
0.00557432082832869796 0.00000000228970734395 0.99442567688196403797 
0.00000000100000000000 0.03998234914151558433 0.96001764985848436762 
0.00000000100000000000 0.00000000100000000000 0.99999999800000005656 
0.00000000100000000000 0.00001161086918415586 0.99998838813081591947 
0.00000000099999999999 0.00000000099999999999 0.99999999799999994554 
0.00000033490216211421 0.20544157951071662094 0.79455808558712137657 
0.00000818064218090210 0.06746066000091920090 0.93253115935689978588 
0.00000000100000000000 0.00000000100000000000 0.99999999799999994554 
0.01583664729829519988 0.00015891324982979065 0.98400443945187510142 
0.00660119265921536510 0.01342541113744332576 0.97997339620334122934 
0.00000000100000000000 0.00000002592878270737 0.99999997307121735179 
0.00000000100000000000 0.00092762483825598518 0.99907237416174410338 
0.00000000100000000000 0.01078849504487230590 0.98921150395512769116 
0.00042199989442126930 0.00000057292127659151 0.99957742718430220297 
0.00000000100000000000 0.00000050218748628236 0.99999949681251365519 
0.00020362622121325501 0.02926494851603516148 0.97053142526275149038 
0.00000000100000000000 0.00000000100000000000 0.99999999799999994554 
0.00000009357179553179 0.00014043714611165881 0.99985946928209279427 
0.00000000099999999999 0.00000000099999999999 0.99999999800000005656 
0.00000181347266176666 0.12081641857109956528 0.87918176795623859121 
0.00251285418808364991 0.00000000100000000000 0.99748714481191624870 
0.79197497159437990621 0.17423484156358634567 0.03379018684203377587 
0.80292828934536619734 0.17656416818993886375 0.02050754246469501524 
0.74581225641685344740 0.23091665775666034288 0.02327108582648608828 
0.67505936205469052602 0.29549065334524021731 0.02944998460006926014 
0.77669302338027490507 0.20485830051816830699 0.01844867610155676713 
0.37462456754027056993 0.14659754227051835507 0.47877789018921107500 
0.69234642175836480504 0.27875381681335192896 0.02889976142828332845 
0.77288555056082430816 0.16691542677291953956 0.06019902266625627718 
0.82938762226823570245 0.16378755188311294733 0.00682482584865147686 
0.73694351840790051078 0.21826460821893250985 0.04479187337316703488 
0.76027465786237791168 0.20509074736917312642 0.03463459476844904517 
0.77983603044634319801 0.16874272607871504404 0.05142124347494164693 
0.71399943978887303597 0.22134467477224606391 0.06465588543888084461 
0.72903973195399973672 0.23844349130143457915 0.03251677674456571882 
0.74041375751912108516 0.22747937342178423115 0.03210686905909465594 
0.73922743653777112094 0.22864365166227268444 0.03212891179995624319 
0.67836486873704482381 0.31804853174436198415 0.00358659951859313436 
0.79453829788245555754 0.17081881958332528759 0.03464288253421927283 
0.71511069765330526060 0.22796862188031338792 0.05692068046638139311 
0.69635741322273791987 0.25283996899634386679 0.05080261778091822722 
0.74483659081510944500 0.23453713116651100923 0.02062627801837966721 
0.74663849007891291976 0.22988323316642728100 0.02347827675465992067 
0.78018145514051184808 0.19470505955049974278 0.02511348530898838832 
0.71541570199997861490 0.20406358435370589022 0.08052071364631543937 
0.75902741377811067114 0.20480431008381944080 0.03616827613806988112 
0.74983031994433846368 0.21067083216949161750 0.03949884788616988412 
0.99999999799999994554 0.00000000099999999998 0.00000000099999999998 
0.73391535411142327927 0.23060111225982068972 0.03548353362875595468 
0.99999999799999994554 0.00000000099999999998 0.00000000099999999998 
0.72463417746511660233 0.23367603506742148922 0.04168978746746184599 
0.71699921495021556872 0.25595161072872807395 0.02704917432105632610 
0.60741741711395125236 0.39258147050630837205 0.00000111237974020953 
0.64997278111030598602 0.31460062432618163264 0.03542659456351227726 
0.76449911192619612876 0.20716804896996762753 0.02833283910383616738 
0.99999999800000005656 0.00000000099999999999 0.00000000099999999999 
0.73276156044955798041 0.24884135303329732447 0.01839708651714461879 
0.75348016241111603897 0.21841501355247713856 0.02810482403640693003 
0.77782962567824265321 0.21792790625227509427 0.00424246806948225339 
0.55083636365752641773 0.06012921640610482954 0.38903441993636872498 
0.70595069474854055258 0.24259795188830529655 0.05145135336315408148 
0.07305458834763224607 0.73377629523375920151 0.19316911641860867732 
0.02724734945191693153 0.79446884995652644612 0.17828380059155657378 
0.05510469940870624944 0.77918109779138688964 0.16571420279990675684 
0.14446162348870822401 0.70793548366396552574 0.14760289284732633353 
0.07295966145187524066 0.75280240243992413429 0.17423793610820070832 
0.21966754131402527195 0.65734917212378729534 0.12298328656218739108 
0.13293937181456805252 0.67638082525492781993 0.19067980293050421081 
0.13296366078112026310 0.70285866617287795499 0.16417767304600180966 
0.05922771928112594009 0.75461454073501255113 0.18615773998386153654 
0.05164622534078479321 0.74794795473683584053 0.20040581992237935238 
0.04854035645832602275 0.77235258281043117634 0.17910706073124280091 
0.09149624937755257426 0.73858767567084260275 0.16991607495160471197 
0.08689667415305019071 0.77769141434914856870 0.13541191149780112957 
0.71204942725482689436 0.26153942143270608733 0.02641115131246701483 
0.10204189725450363291 0.72639446922554751218 0.17156363351994893818 
0.06984979370143463984 0.73057733622240350613 0.19957287007616189567 
0.16484105540174873172 0.69387683104328579109 0.14128211355496542168 
0.02949445777811691982 0.75080245619936014645 0.21970308602252286434 
0.12989542445201704424 0.72028971914315520486 0.14981485640482755661 
0.05705983731400434550 0.71358635427216887681 0.22935380841382677075 
0.08457793886014471074 0.75496290332876980766 0.16045915781108541220 
0.06689665034166232538 0.76351469416460304718 0.16958865549373458581 
0.09498435121872048081 0.60985685419145918562 0.29515879458982036132 
0.04092185361733453874 0.75174171087557084547 0.20733643550709465742 
0.15439561216637950891 0.68141170250395766139 0.16419268532966274643 
0.08678741341215558125 0.75893516956231732440 0.15427741702552713599 
0.11211604377039842417 0.64617810472994219317 0.24170585149965945204 
0.12482846576381016745 0.69799374693219207177 0.17717778730399771914 
0.05171899167150938170 0.76651831928600722144 0.18176268904248338298 
0.15061118598058087503 0.71070174073046776808 0.13868707328895146791 
0.04908287916354928809 0.80358316700290810530 0.14733395383354269681 
0.10130362606879615706 0.72858600107957782743 0.17011037285162605714 
0.05295422693950933846 0.78208956015747932433 0.16495621290301121231 
0.04616043505235652850 0.76411625476166933346 0.18972331018597413110 
0.19440019606442518474 0.80559980293557476028 0.00000000100000000000 
0.21028834096342893800 0.76617558514422423599 0.02353607389234672193 
0.27390787549793266242 0.72609212350206731035 0.00000000100000000000 
0.19909105960262313273 0.79877467873994989489 0.00213426165742698192 
0.24922325552371846213 0.75077674347628142737 0.00000000100000000000 
0.66676190524670564397 0.31236813571331550898 0.02086995903997881929 
0.24682421516435926190 0.73583384722233935449 0.01734193761330147382 
0.69410853282041451440 0.26232524339475193909 0.04356622378483341468 
0.19133031490072693881 0.73704825297820719676 0.07162143212106576728 
0.69825765692411001506 0.28211029143821553244 0.01963205163767445943 
0.37988723257910039788 0.57477209846351529077 0.04534066895738424890 
0.19283061880181451286 0.80716938019818540440 0.00000000100000000000 
0.25451924811628945378 0.74548075088371057451 0.00000000100000000000 
