0.04696503418878304748 0.13879062587209795021 0.00702227437508663559 0.72036709600393722397 0.00000111206229140415 0.02480196514680884853 0.06205189135099493242 0.00000000100000000000 
0.00000000099999999962 0.00000000099999999962 0.00000000099999999962 0.00000000099999999962 0.00000000099999999962 0.00000000099999999962 0.99999999299999997593 0.00000000099999999962 
0.00000000100000000000 0.03608171337210420299 0.05722952959021815333 0.85849753890752378283 0.00000000100000000000 0.00000000100000000000 0.00000000100000000000 0.04819121413015396010 
0.01540861980384295414 0.00000000100000000000 0.04698916571230470074 0.79623821499626945553 0.00000000100000000000 0.04114744901185796166 0.00000000100000000000 0.10021654747572497635 
0.04299665198916437919 0.06424271800501353546 0.00999011664981079052 0.67645986030470073302 0.07106869452848518787 0.01577460707668262851 0.11946733911092174973 0.00000001233522077634 
0.00000000100000000000 0.00000007502837988741 0.06430153875321478751 0.77921188854662137846 0.00000000100000000000 0.01929127423320362369 0.02441180008806717247 0.11278342135051318273 
0.00000000100000000000 0.00689912463398101652 0.14887490591991797695 0.66032455012026325392 0.06225153865624728083 0.04410355520932616319 0.07754632346026427148 0.00000000100000000000 
0.00000001096590421244 0.04643024852341434694 0.04372283363263678585 0.80982328492889732452 0.00000000100000000000 0.04208479539557320043 0.05220779840275473899 0.00573102715081945466 
0.01807432428092905011 0.03256086126615322096 0.00004764358758469371 0.70511249575996159944 0.02459141521874783076 0.10207089985795475551 0.08706968354240704477 0.03047267648626187514 
0.00040141097893404011 0.04246512194767509268 0.00000000100000000000 0.69455857511167717888 0.01580282041811766069 0.07422916899546359859 0.09424067408247158162 0.07830222746566098402 
0.03353312174191683953 0.03234826653257703161 0.00000000100000000000 0.65505684439260702945 0.20341660767009167587 0.00921679909442541662 0.06642835856838189001 0.00000000100000000000 
0.02566634014355123269 0.07037774222215663344 0.00000000842325947756 0.73746355659561613205 0.07324620097992727563 0.01137470509781867388 0.08187144553767050636 0.00000000100000000000 
0.00000000100000000000 0.02713082453851646883 0.00000000100000000000 0.79131411413059382642 0.06693740420415929260 0.00000000100000000000 0.06392054755324394488 0.05069710657348658334 
0.01373534389334972981 0.00000000691228864681 0.11230248239036436098 0.86047833365770798331 0.00000000100000000000 0.01348383014628921732 0.00000000100000000000 0.00000000100000000000 
0.03254304131351040685 0.00969844906256212697 0.04830461993172593255 0.75884142657719133584 0.12716215439265274312 0.00000000100000000000 0.00920988825500312393 0.01424041946735446484 
0.00000000100000000000 0.01727232730424417551 0.00450566541145775573 0.68729431138082874853 0.16984076668603809157 0.00000000100000000000 0.06718920386494860175 0.05389772335248264878 
0.04167804047267671674 0.05966779544279637859 0.00000000100000000000 0.69415262478853068107 0.06358997134064905965 0.04587466010852701143 0.09070627358322316813 0.00433063326359700747 
0.04787656100236882539 0.07001047073034409596 0.04306123589707933075 0.65039616648056530757 0.10239883545409586563 0.00732586342401850190 0.07891975009421532683 0.00001111691731273259 
0.03147575142858147906 0.08288855715595437601 0.00170471074370161040 0.66300058109114790028 0.13698154907214471487 0.00808067028392166382 0.07586817922454845708 0.00000000100000000000 
0.00448955275250032763 0.04007792942538195707 0.00040436379317270837 0.67931651869826903400 0.13549370563174686910 0.03532637974901302325 0.10489148427965690191 0.00000006567025912404 
0.04995036471117843963 0.06890918090562807297 0.03047616632158320696 0.74207124399302015760 0.02851844175596262437 0.00000119273594207538 0.08007320901604221552 0.00000020056064306996 
0.04661428405883125820 0.03401340892015235207 0.00000000100000000000 0.71576759639352338649 0.10122450534972869673 0.02165029480126827791 0.07205127627628740705 0.00867863320020855616 
0.01586986742019758784 0.03968484577604577956 0.03537631732522317218 0.66030193588175756236 0.14565584530053043988 0.00075605020681865972 0.07584354253076371066 0.02651159555866317713 
0.00000000099999999985 0.00000000099999999985 0.00000000099999999985 0.00000000099999999985 0.00000000099999999985 0.00000000099999999985 0.99999999299999997593 0.00000000099999999985 
0.03448211198877788874 0.04093374415932041904 0.05982361340264603228 0.66796759646524073162 0.10580005193602085023 0.00152530455558588037 0.08567275724008405202 0.00379482025232404747 
0.01633302554095531281 0.00071937713377788915 0.00782741275722688597 0.72614317002393913292 0.14979360128214691539 0.03183865303094464416 0.06734475923100925743 0.00000000100000000000 
0.00369882837448920129 0.04833821635181090315 0.08863978353735450788 0.65663300006351155158 0.11263520981211637417 0.00000000100000000000 0.09005495986071734849 0.00000000100000000000 
0.00000207017810361460 0.09284615678296254115 0.00516750669228582121 0.67722556020725499515 0.00143934395250324039 0.05662754419871557365 0.11274974501665123439 0.05394207297152307096 
0.03556916760571079278 0.08447574235905219719 0.02757281930622935279 0.65604775781062951712 0.08890352630356818109 0.00000000100000000000 0.08326569622163637607 0.02416528939317358002 
0.04044040573611046990 0.08954513050196788448 0.00076916474793734836 0.68775081691975481490 0.06227638611515512457 0.01312936717781658207 0.10608872780125777613 0.00000000100000000000 
0.00538547609247347087 0.03358628883339689897 0.01574283328778052979 0.70320418158245423523 0.08627646688630667693 0.00000000100000000000 0.05391760929700970678 0.10188714302057834404 
0.05037880462687992916 0.00000000100000000000 0.00006797899412918916 0.81823870863886194460 0.09244568670169558966 0.00000000100000000000 0.03885721562839428156 0.00001160341003898235 
0.03514716487768623082 0.05366975012763236519 0.00000000100000000000 0.70640824580613492678 0.14748199097757086484 0.01071301361316776002 0.03853170996384316926 0.00804812363396468881 
0.00000000099999999988 0.00000000099999999988 0.00000000099999999988 0.00000000099999999988 0.00000000099999999988 0.00000000099999999988 0.99999999299999986491 0.00000000099999999988 
0.01693504937795523024 0.02072423384609568472 0.06908578915945368104 0.77459832573280507084 0.02197787158414388556 0.05339972706780041212 0.04327695624549263154 0.00000204698625348929 
0.00000000100000000000 0.03128198164213577548 0.00000000100000000000 0.64525062950471312462 0.14098020645499842463 0.03273740409053041422 0.06126635697691629190 0.08848341933070594245 
0.00000000099999999963 0.00000000099999999963 0.00000000099999999963 0.00000000099999999963 0.00000000099999999963 0.00000000099999999963 0.99999999299999986491 0.00000000099999999963 
0.03919686686765475742 0.04599173410958095481 0.05686207052246741722 0.67592289945254302452 0.09729305958511132169 0.00016993919627928707 0.08456342926636326029 0.00000000100000000000 
0.00044491274620507765 0.00000000100000000000 0.00000000100000000000 0.89091865742116416182 0.09979527032119354935 0.00884115551143719279 0.00000000100000000000 0.00000000100000000000 
0.02033686147756869414 0.00001011037825387670 0.00000000100000000000 0.66690400643508906953 0.14170957706515024954 0.05067985672477617193 0.07621549511882966255 0.04414409180033219277 
0.04264533458904408436 0.14011582473580225239 0.00589006931906723742 0.68892804844775401563 0.00000000589926478075 0.00000000100000000000 0.12242071500906760717 0.00000000100000000000 
0.03573909322090106783 0.06067752122777057833 0.03648741914645413364 0.67714785102597208066 0.07205678748849439486 0.03117625871183953359 0.08671506817856837468 0.00000000100000000000 
0.00000000100000000000 0.03212891144671160826 0.04379859905320988844 0.74195970756744555885 0.09461190330186483588 0.01518620584371025567 0.07231467078705774987 0.00000000100000000000 
0.02274254799596825763 0.08160403786864818543 0.01899445876379690298 0.74929671650974227770 0.06276904462809325402 0.01077665378297821761 0.05381653945077295720 0.00000000100000000000 
0.00253549277467192066 0.05048282537405512221 0.07851658164742685020 0.68018282052574496888 0.08662426684185717263 0.00000000100000000000 0.07060508274987356558 0.03105292908637048363 
0.00000000099999999992 0.00000000099999999992 0.00000000099999999992 0.00000000099999999992 0.00000000099999999992 0.00000000099999999992 0.99999999299999986491 0.00000000099999999992 
0.00000000100000000000 0.10755498828255220800 0.08052390111692601937 0.68457996147792810060 0.03682500448220613759 0.00000000100000000000 0.07470041353233666803 0.01581572910805088134 
0.00000125492459604575 0.02687046170791691432 0.04235711237006002661 0.61498691809723449175 0.14137143338434024487 0.03536335486692572527 0.09696445500774021620 0.04208500964118636750 
0.00000000100000000000 0.04379902552909736846 0.11555508146960868920 0.59264364232540844846 0.10771392495265548483 0.00237635100884804043 0.08079608771444010684 0.05711588599994196075 
0.03352777603137677143 0.00000000099999999999 0.14015100269592370430 0.82630898070619784868 0.00000000099999999999 0.00000000099999999999 0.00000000099999999999 0.00001223656650191871 
0.05672584569461314868 0.04895185537600051789 0.00000000810982881703 0.65177997557099232040 0.12769764821116869058 0.00000000100000000000 0.09552505317818205111 0.01931961285921442867 
0.00802828906490856559 0.09062762796850393210 0.03410466041225487799 0.62225512823408202223 0.12952351748020302091 0.02358470384421732305 0.09187607199583011641 0.00000000100000000000 
0.00000092604250541606 0.09015335766525318928 0.00001313009528889005 0.78158413036830221010 0.00000000100000000000 0.02846147882924856404 0.05004812210804172184 0.04973885389136020740 
0.00750957449013344661 0.01989160466054620130 0.07149387418937118432 0.59743786407863586074 0.17604890286966312640 0.02624003856586477196 0.10136310025876563157 0.00001504088701979501 
0.00580023670772951330 0.02470646964586113020 0.07245803494749092355 0.79819323599786773382 0.00000000100106126174 0.00000000100000000000 0.00000010357233713021 0.09884191712765225124 
0.00001442521090385020 0.08480831628509127862 0.00000061871691536507 0.57501927771612171281 0.07095255366863216506 0.01615767675951297264 0.10397662909773709716 0.14907050254508547038 
0.00000000099999999999 0.28532003105370001839 0.00000000099999999999 0.31603170887259013355 0.16282663765671737122 0.06520759112237754784 0.17061402829461494446 0.00000000099999999999 
0.00000000100000000000 0.01524159288157526937 0.04826793242297263559 0.70630968304152874637 0.07632314212218699323 0.00546386475369651462 0.07887563781975658050 0.06951814595828323395 
0.05481478789697592086 0.13427640615495334275 0.00279952147441945914 0.68752414396666861052 0.00000060177144766717 0.00000000100000000000 0.09115814348513175125 0.02942639425040321013 
0.00000000100000000000 0.13522859996203978605 0.00005779416574255187 0.50259280829845554006 0.12630795915219020231 0.02254914252089064430 0.08979924246915065023 0.12346445243153067461 
0.05748946703089635735 0.09320243533366315281 0.04949526952990710577 0.59708621140037565489 0.12500964723030466574 0.00235978270620620370 0.07535712789587373228 0.00000005887277306623 
0.04190077917110993089 0.00000000100000000000 0.00774213026278514072 0.82663606469207862038 0.10156251244773005504 0.00000020911992751151 0.00000027798017648285 0.02215802532619233489 
0.01182350781539633251 0.02333799787138634077 0.08286588243761480732 0.69452139599886320021 0.06913916891662166830 0.06303699601375052641 0.05527502804104581641 0.00000002290532150315 
0.00881216283794224869 0.06875823917141872521 0.00000023004841421425 0.68580271757373534314 0.12991432745058228981 0.00849793235417087983 0.09821438956373630680 0.00000000100000000000 
0.00027383882539656028 0.03523332629323541049 0.07066681989552918430 0.69691985328159922197 0.08370705196916829183 0.00000708417226622642 0.06380335251316394951 0.04938867304964116023 
0.05654772904732008332 0.06229475149280317564 0.01367184535954101693 0.78989850080467916005 0.00000000100000000000 0.00003198056135951921 0.07749299537765177992 0.00006219635664528825 
0.00372198737730274195 0.03281423532181337865 0.15486336810970671718 0.76284201555880115642 0.00000000100000000000 0.00602370563048791521 0.00000000120182950324 0.03973468580005866391 
0.00000000100000000000 0.05398914902443156805 0.04854917992687843992 0.60870552472245809117 0.09105968388864961460 0.03832855710063913512 0.07364701630451991887 0.08572088803242342014 
0.02739360365747344275 0.02200061369775243789 0.05153375966215659881 0.63881615826225501831 0.17579722595525637541 0.00000000100000000000 0.08445863488087550219 0.00000000288423055944 
0.01925501175409417148 0.05033132365049584195 0.03888254133057570533 0.67127508639503952192 0.09990299262078038145 0.00000000100000000000 0.07763449103177771926 0.04271855221723668689 
0.00000000100000000000 0.00539683284239272313 0.04170182743260614222 0.62401678476913780003 0.14294200388978861582 0.02648328002483252286 0.07925208062069870329 0.08020718942054341771 
0.00003531128758361982 0.36156193368025707491 0.01385672684374609706 0.50579867558565472230 0.09512259846794142437 0.02362340989039488776 0.00000134324442213466 0.00000000100000000000 
0.02566290645464270812 0.00000000099999999999 0.04707372380000487272 0.88135061617198695583 0.00000000099999999999 0.00000000099999999999 0.00000000099999999999 0.04591274957336538565 
0.00800651297510237767 0.00000000375759067839 0.06535067105532568754 0.83882240863371759776 0.00000000100000000000 0.00000000100000000000 0.00000000100000000000 0.08782040057826366597 
0.06596274611792098119 0.12727378434846309263 0.00001483538135423381 0.69455039418806296947 0.03185261940953504345 0.02574693007025072658 0.05459868948441296693 0.00000000100000000000 
0.02354139784532920110 0.00263747533607615499 0.00073640959041891140 0.67764960150944408834 0.11503477016781454845 0.04615272731670737316 0.07253268023992506808 0.06171493799428459659 
0.04557838778151766801 0.01236750855273349367 0.00030313011929004066 0.68256454867525573338 0.11805046745789661566 0.01875354919611673180 0.11468817920590820836 0.00769422901128151253 
0.00001296596016328851 0.00000000100000000000 0.11984918219217950697 0.79066654232201249997 0.00000000100000000000 0.00000000100000000000 0.00428695910550132026 0.08518434742014323324 
0.02495393028159119744 0.00000000100000000000 0.00000000100000000000 0.91122573515087901264 0.02540004150248309153 0.03842028906504669356 0.00000000100000000000 0.00000000100000000000 
0.05836441629597584335 0.04359300003892936648 0.00000018748953085253 0.67126856413261826173 0.11171081932189479147 0.03435966557976800201 0.08070334614128299444 0.00000000100000000000 
0.00000000099999999999 0.37490602083086632668 0.00000000099999999999 0.28717750263664132415 0.20213169360514568473 0.02248201154242857047 0.11330276838491790126 0.00000000099999999999 
0.00000000100000000000 0.05130586727478516490 0.00000000100000000000 0.62129128596443827792 0.18668141799850415663 0.00000130212215772872 0.07703092049732289393 0.06368920414279172215 
0.00000000100000000000 0.08050096718384337768 0.09920158801453811404 0.72945479858329043132 0.00000000111657944517 0.01193726689962241669 0.07890537620212596803 0.00000000100000000000 
0.05258595645727864171 0.07050978910300173541 0.00000000100000000000 0.64621927979579951717 0.09252673374480149815 0.05498386159841768539 0.08317437730070077750 0.00000000100000000000 
0.00000000100000000000 0.10414228611779291489 0.10777428494017723959 0.60254424182173993430 0.03072272733597455202 0.02934046577053458366 0.06997203438011380394 0.05550395863366697907 
0.03214384984907631831 0.04191234361052630086 0.02978425157336352103 0.84699195168286955937 0.00578028239535538935 0.02119072826420248523 0.02178612234461869621 0.00041047027998770155 
0.00049068102613600978 0.01886071966908352271 0.18457834147342874753 0.77486388705612863070 0.00000000100000000000 0.01379532328834153811 0.00738270422871092121 0.00002834225817075237 
0.02085892402055711595 0.03434693330897176794 0.02233204355464425347 0.62554611946921767629 0.20811057866534285465 0.01931588823477754097 0.06948951174648876350 0.00000000100000000000 
0.04819698614782736562 0.03544146376599221354 0.05016263522968678057 0.75126571221722981964 0.00000000100000000000 0.02810956075619973002 0.08682363988306408820 0.00000000100000000000 
0.04973176593575671933 0.09752110691135262854 0.01940047447072567113 0.66161102522197612341 0.11981924259373809283 0.00000052529730309593 0.05191585856914771036 0.00000000100000000000 
0.04785528467717133083 0.02146780629584573580 0.04904438914695908452 0.79407247434369587769 0.06207890045242783761 0.01138664431433695015 0.01409449976956305729 0.00000000100000000000 
0.00000000100000000000 0.00000000100000000000 0.09694131295106403479 0.89275889112985040708 0.00000000100000000000 0.01019009948401613033 0.00000000100000000000 0.00010969243506951829 
0.03584319114414537960 0.10031359179659847525 0.09171000050153194083 0.67329466713144914269 0.02224219423682371674 0.01834845248067059828 0.05824790170878069856 0.00000000100000000000 
0.05400490880670506116 0.00000000100000000000 0.12984313478393091912 0.76232431018917234944 0.00000000100000000000 0.02141656923169280025 0.03241107398849873283 0.00000000100000000000 
0.00160235949541176785 0.03716418464496121232 0.00000000100000000000 0.63034812050217170487 0.14262598894676509209 0.00013111212323418931 0.11443902311360909518 0.07368921017384695571 
0.00000002109518784936 0.09544951991526792745 0.08826920023106618607 0.60266826098484571617 0.06695711035409838974 0.01560100076645564403 0.08271909432881345559 0.04833579232426497840 
0.00000000100000000000 0.00025461779827451957 0.00000000100000000000 0.05210395795227418247 0.88675636676683788906 0.00000000100000000000 0.06088505348261340211 0.00000000100000000000 
0.00000000099999999999 0.00002621518264330181 0.00000000099999999999 0.00000000099999999999 0.99997377879910487319 0.00000000099999999999 0.00000000099999999999 0.00000000101825180922 
0.00000000099999999999 0.00000001221616629469 0.00000000099999999999 0.00000000099999999999 0.99999998178383364689 0.00000000099999999999 0.00000000099999999999 0.00000000099999999999 
0.00000000099999999998 0.00000000099999999998 0.00000000099999999998 0.00000000099999999998 0.99999998788486965662 0.00000000099999999998 0.00000000611513031422 0.00000000099999999998 
0.01154322230501212375 0.07757194393445702996 0.00000391355985376693 0.10896659973229697038 0.70112133915030150355 0.06735875610550097481 0.00000000100000000000 0.03343422421257787741 
0.00000000099999999999 0.00011437358160283677 0.00000000099999999999 0.00000000099999999999 0.99988562041839723626 0.00000000099999999999 0.00000000099999999999 0.00000000099999999999 
0.02991328458145477848 0.04286133017901624237 0.00273794938183350572 0.07620388431141995877 0.78902985085573973389 0.05925368023710019666 0.00000000100000000000 0.00000001945343574116 
0.00000000100000000000 0.00001935592541496493 0.00000000100000000000 0.00000000100000000000 0.96326406818616472361 0.00929948076410625803 0.02741709112431393175 0.00000000100000000000 
0.00000000099999999999 0.00076850263036889620 0.00000000099999999999 0.00000000099999999999 0.99923149136963118622 0.00000000099999999999 0.00000000099999999999 0.00000000099999999999 
0.00000000099999999999 0.01793171636728870325 0.00000000099999999999 0.00000000099999999999 0.90181766859421685911 0.06147992125186001189 0.01877068978663429255 0.00000000099999999999 
0.00464661601132403557 0.11524533667557532168 0.00000000111637612652 0.00127808500951632391 0.82820580766435325515 0.00324712184181818629 0.04737506374372699863 0.00000196793730979475 
0.00000000100000000000 0.01747817781265115222 0.00000000100000000000 0.03335322394499830312 0.87521886170207174871 0.07394973254027881193 0.00000000100000000000 0.00000000100000000000 
0.00000000100000000000 0.06252497190093232737 0.00000000100000000000 0.00000000100000000000 0.88559349729380043570 0.05188152479917519655 0.00000000200609208233 0.00000000100000000000 
0.00000000100000000000 0.15320113682377325959 0.00000058393542890525 0.00000013163678306466 0.81870507167106976176 0.00004955929610628250 0.01124958137505465035 0.01679393426178404577 
0.00000000100000000000 0.08861107568912271470 0.00000000100000000000 0.04762877513479682468 0.80828950676277711018 0.05547063841330350520 0.00000000100000000000 0.00000000100000000000 
0.00000000099999999999 0.01034746574873154044 0.00000000099999999999 0.00000000099999999999 0.98960510755698638530 0.00004742169428204711 0.00000000099999999999 0.00000000099999999999 
0.00000000100000000000 0.00013773105892609440 0.00000000100000000000 0.00000000100000000000 0.99986036085389540240 0.00000190308717850887 0.00000000100000000000 0.00000000100000000000 
0.00000000099999999999 0.14522796618060349050 0.00000000099999999999 0.00000000099999999999 0.83922711149470541336 0.01554491732469104846 0.00000000099999999999 0.00000000099999999999 
0.00000000099999999999 0.06587308464592672719 0.00000000099999999999 0.00000000099999999999 0.89866730578061548851 0.02824623385948262649 0.00721337171397526400 0.00000000099999999999 
0.00744563470961136405 0.07112572998364158350 0.11461415309494807357 0.19998948519596512763 0.51702017574905712038 0.00000004773217423750 0.00000001362790766585 0.08980475990669492536 
0.00017310483019172628 0.00001855689616656803 0.00000000395169304185 0.00000000100000000000 0.99980824682869307019 0.00000000100000000000 0.00000000100000000000 0.00000008449325558080 
0.00000000099999999998 0.00000000099999999998 0.00000000099999999998 0.00000000099999999998 0.99999999299999997593 0.00000000099999999998 0.00000000099999999998 0.00000000099999999998 
0.00535472120490375694 0.07893359232294873407 0.00000003018837357431 0.00001112416191873659 0.91566708154773568396 0.00003343837205070833 0.00000000100000000000 0.00000001120206875815 
0.00000000651609642695 0.00000004595518865554 0.00000000099999999999 0.00000000099999999999 0.99999994252871504674 0.00000000099999999999 0.00000000099999999999 0.00000000099999999999 
0.00000000099999999998 0.00109160774691674186 0.00000000099999999998 0.00000000099999999998 0.99879671296546923553 0.00011167428761409004 0.00000000099999999998 0.00000000099999999998 
0.00000000100000000000 0.10727884688725254636 0.00000000100000000000 0.00000000100000000000 0.89041789647760039017 0.00230325163514720401 0.00000000100000000000 0.00000000100000000000 
0.00009054405239833588 0.11978655365819834699 0.00000000100000000000 0.00000000100000000000 0.84989165052299975311 0.00020048817296274761 0.02998578546853263374 0.00004497612490818250 
0.00000000169164594516 0.00000001844435175565 0.05535089492554985668 0.00000000100000000000 0.93513330723777587927 0.00951577470067664459 0.00000000100000000000 0.00000000100000000000 
0.00000000099999999997 0.00000000099999999997 0.00000000099999999997 0.00000000099999999997 0.99999999300000008695 0.00000000099999999997 0.00000000099999999997 0.00000000099999999997 
0.00000011412893630074 0.06633018343375839121 0.00000753566097098115 0.12206913931252348637 0.72722513004281030824 0.06231827198290550152 0.02204962443809486625 0.00000000100000000000 
0.00000000099999999999 0.00037090177389872107 0.00000000099999999999 0.00000000099999999999 0.94971026426085658478 0.04991882896524466734 0.00000000099999999999 0.00000000099999999999 
0.00000000099999999998 0.00000000099999999998 0.00000000099999999998 0.00000000099999999998 0.00000000099999999998 0.99999999299999997593 0.00000000099999999998 0.00000000099999999998 
0.00000000099999999996 0.00000000099999999996 0.00000000099999999996 0.00000000099999999996 0.00000000099999999996 0.99999999299999997593 0.00000000099999999996 0.00000000099999999996 
0.00000000099999999997 0.00000000099999999997 0.00000000099999999997 0.00000000099999999997 0.00000000099999999997 0.99999999300000008695 0.00000000099999999997 0.00000000099999999997 
0.00000000099999999998 0.00000000099999999998 0.00000000099999999998 0.00000000099999999998 0.00000000099999999998 0.99999999299999997593 0.00000000099999999998 0.00000000099999999998 
0.00000000099999999997 0.00000000099999999997 0.00000000099999999997 0.00000000099999999997 0.00000000099999999997 0.99999999299999997593 0.00000000099999999997 0.00000000099999999997 
0.00000000099999999995 0.00000000099999999995 0.00000000099999999995 0.00000000099999999995 0.00000000099999999995 0.99999999299999997593 0.00000000099999999995 0.00000000099999999995 
0.00000000099999999996 0.00000000099999999996 0.00000000099999999996 0.00000000099999999996 0.00000000099999999996 0.99999999300000008695 0.00000000099999999996 0.00000000099999999996 
0.00000000099999999998 0.00000000099999999998 0.00000000099999999998 0.00000000099999999998 0.00000000099999999998 0.99999999299999997593 0.00000000099999999998 0.00000000099999999998 
0.00000000099999999994 0.00000000099999999994 0.00000000099999999994 0.00000000099999999994 0.00000000099999999994 0.99999999300000008695 0.00000000099999999994 0.00000000099999999994 
0.00000000099999999994 0.00000000099999999994 0.00000000099999999994 0.00000000099999999994 0.00000000099999999994 0.99999999299999997593 0.00000000099999999994 0.00000000099999999994 
0.00000000099999999994 0.00000000099999999994 0.00000000099999999994 0.00000000099999999994 0.00000000099999999994 0.99999999300000008695 0.00000000099999999994 0.00000000099999999994 
0.00000000099999999997 0.00000000099999999997 0.00000000099999999997 0.00000000099999999997 0.00000000099999999997 0.99999999300000008695 0.00000000099999999997 0.00000000099999999997 
0.00000000099999999997 0.78980289074177412179 0.00000000099999999997 0.00000000099999999997 0.00000000099999999997 0.21019710325822599239 0.00000000099999999997 0.00000000099999999997 
0.00000000099999999996 0.00000000099999999996 0.00000000099999999996 0.00000000099999999996 0.00000000099999999996 0.99999999299999997593 0.00000000099999999996 0.00000000099999999996 
0.00000000099999999996 0.00000000099999999996 0.00000000099999999996 0.00000000099999999996 0.00000000099999999996 0.99999999299999997593 0.00000000099999999996 0.00000000099999999996 
0.00000000099999999996 0.00000000099999999996 0.00000000099999999996 0.00000000099999999996 0.00000000099999999996 0.99999999300000008695 0.00000000099999999996 0.00000000099999999996 
0.00000000099999999996 0.00000000099999999996 0.00000000099999999996 0.00000000099999999996 0.00000000099999999996 0.99999999299999997593 0.00000000099999999996 0.00000000099999999996 
0.00000000099999999999 0.00000000099999999999 0.00000000099999999999 0.00000000099999999999 0.00000000099999999999 0.99999999300000008695 0.00000000099999999999 0.00000000099999999999 
0.00000000099999999995 0.00000000099999999995 0.00000000099999999995 0.00000000099999999995 0.00000000099999999995 0.99999999299999997593 0.00000000099999999995 0.00000000099999999995 
0.00000000099999999994 0.00000000099999999994 0.00000000099999999994 0.00000000099999999994 0.00000000099999999994 0.99999999299999997593 0.00000000099999999994 0.00000000099999999994 
0.00000000099999999997 0.00000000099999999997 0.00000000099999999997 0.00000000099999999997 0.00000000099999999997 0.99999999299999997593 0.00000000099999999997 0.00000000099999999997 
0.00000000100000000000 0.43542671255687959153 0.00177495311701662676 0.01364285916366983833 0.00000000100000000000 0.54915547116243390580 0.00000000100000000000 0.00000000100000000000 
0.00000000099999999996 0.00000000099999999996 0.00000000099999999996 0.00000000099999999996 0.00000000099999999996 0.99999999300000008695 0.00000000099999999996 0.00000000099999999996 
0.00000000099999999999 0.39517290590901055225 0.00000000099999999999 0.00000000099999999999 0.00000000099999999999 0.60482708809098928437 0.00000000099999999999 0.00000000099999999999 
0.00000000099999999995 0.00000000099999999995 0.00000000099999999995 0.00000000099999999995 0.00000000099999999995 0.99999999300000008695 0.00000000099999999995 0.00000000099999999995 
0.00000000099999999996 0.00000000099999999996 0.00000000099999999996 0.00000000099999999996 0.00000000099999999996 0.99999999300000008695 0.00000000099999999996 0.00000000099999999996 
0.00000000099999999997 0.00000000099999999997 0.00000000099999999997 0.00000000099999999997 0.00000000099999999997 0.99999999300000008695 0.00000000099999999997 0.00000000099999999997 
0.00000000099999999995 0.00000000099999999995 0.00000000099999999995 0.00000000099999999995 0.00000000099999999995 0.99999999300000008695 0.00000000099999999995 0.00000000099999999995 
0.19577783081459915193 0.00000000100000000000 0.00038145871302367216 0.00000000163387263520 0.01556702321522689461 0.00000000100000000000 0.00000000100000000000 0.78827368262327768278 
0.00000000100000000000 0.01989665068873971987 0.97344152875675082903 0.00000000100000000000 0.00011877100618440575 0.00654304554832513350 0.00000000100000000000 0.00000000100000000000 
0.00000000100000000000 0.00000000100000000000 0.95300562689958512319 0.00000000100000000000 0.00003084016044492186 0.00000000100000000000 0.00000000100000000000 0.04696352793996990543 
0.21681866338262908989 0.00000000100000000000 0.00982347458752942833 0.00000000100000000000 0.00000000100000000000 0.00000000100000000000 0.00000000100000000000 0.77335785702984138901 
0.00000000099999999999 0.00000000099999999999 0.85478671121282956413 0.00000000099999999999 0.00000000099999999999 0.00000000099999999999 0.03362954846502914930 0.11158373532214131696 
0.00000002154945899023 0.00000000100000000000 0.91059491636794231972 0.00000000100000000000 0.01579865502842675920 0.00000000100000000000 0.00000000100000000000 0.07360640305417200102 
0.00000000099999999999 0.00000000099999999999 0.99999963750650455729 0.00000000099999999999 0.00000000099999999999 0.00000000099999999999 0.00000000099999999999 0.00000035649349553621 
0.00000000100000000000 0.00000426524425998583 0.85065089804475524371 0.05513828813574727511 0.00005980231430339497 0.00503769166612891804 0.00000000100000000000 0.08910905259480526863 
0.00000344881499188897 0.00000000099999999999 0.99999654518500813438 0.00000000099999999999 0.00000000099999999999 0.00000000099999999999 0.00000000099999999999 0.00000000099999999999 
0.00000000100000000000 0.00000000100000000000 0.92368219352965152957 0.00000000100000000000 0.00382860576158178560 0.00000000133672893544 0.00000000100000000000 0.07248919537203774022 
0.00000000099999999999 0.00000000099999999999 0.91945659605386753643 0.00000000099999999999 0.01825249748787773768 0.00000000099999999999 0.00000000099999999999 0.06229090145825474933 
0.00000000099999999999 0.00000000099999999999 0.95150162092075629694 0.00000000099999999999 0.01251805874899432694 0.00000000099999999999 0.00000000099999999999 0.03598031533024946549 
0.02316286869862878295 0.00000000100000000000 0.33879750962717780638 0.00000002100397410574 0.00643466641661946497 0.01134024189582288726 0.02330298742286793234 0.59696170393490899375 
0.00000000100000000000 0.00000000100000000000 0.56201118513806536114 0.34549372636725367292 0.00117155161219155207 0.00000000100000000000 0.00000000100000000000 0.09132353288248946932 
0.06332154595135307262 0.00000000100000000000 0.90347477442606394238 0.03227927806467512789 0.00092439755790781812 0.00000000100000000000 0.00000000100000000000 0.00000000100000000000 
0.06708987834947616191 0.00000000099999999999 0.93290540362805107755 0.00000000099999999999 0.00000000099999999999 0.00000000099999999999 0.00000000099999999999 0.00000471302247288218 
0.00000000100000000000 0.00001426076913681841 0.89163744355971374933 0.00000000100000000000 0.00171907566024028804 0.00786456047085617484 0.02414201629847119099 0.07462264124158173029 
0.00000000099999999999 0.00000000099999999999 0.84114121838479960491 0.00000000099999999999 0.05505717669045425561 0.00000000099999999999 0.00000000099999999999 0.10380159992474610742 
0.99999999300000008695 0.00000000099999999989 0.00000000099999999989 0.00000000099999999989 0.00000000099999999989 0.00000000099999999989 0.00000000099999999989 0.00000000099999999989 
0.05782687730887527827 0.00004012162026008613 0.90605973585613042154 0.00000000100000000000 0.02150926163258879906 0.00000000100000000000 0.01456399726985270308 0.00000000431229278697 
0.21789021837544483851 0.02781431086014068271 0.03199164675592425233 0.00000000100000000000 0.00000000100000000000 0.00486186704678272155 0.00263833363114237066 0.71480362133056518648 
0.21633140595535904627 0.00000000100000000000 0.11467055188733529802 0.00006091469402291759 0.01746536625431183501 0.00000000100000000000 0.01932235124995481182 0.63214940795901597426 
0.02997148829903743122 0.01536718788973869855 0.95179009882939902276 0.00000000100000000000 0.00287083311795919595 0.00000000439361515057 0.00000000100000000000 0.00000038547025058383 
0.00000000099999999999 0.00000000099999999999 0.99999993701523415268 0.00000000099999999999 0.00000000099999999999 0.00000000099999999999 0.00000000099999999999 0.00000005698476601555 
0.20282236787387736277 0.00000000100000000000 0.00001278052177020193 0.03132224743576948744 0.04825201233467633216 0.00000000666689613992 0.01066584615544266014 0.70692473801156774371 
0.00000000099999999999 0.00000000099999999999 0.99999999171664100128 0.00000000099999999999 0.00000000099999999999 0.00000000099999999999 0.00000000099999999999 0.00000000228335895575 
0.00000000099999999999 0.05223046341331766262 0.94776953058668234053 0.00000000099999999999 0.00000000099999999999 0.00000000099999999999 0.00000000099999999999 0.00000000099999999999 
0.18325263299947122664 0.00000000100000000000 0.00736759193816078749 0.03557101684234294930 0.00000000100000000000 0.00000000100000000000 0.01195627391216272546 0.76185248130786231702 
0.05088573008270799031 0.00000000100000000000 0.94869589186350833376 0.00000000100000000000 0.00011443619151313212 0.00000000100000000000 0.00000000100000000000 0.00030393786227045718 
0.22306357480507835178 0.04662739563140368138 0.15298800011557581180 0.28048228405518843553 0.03812153176010555505 0.11824483916995720545 0.03734383978118261532 0.10312853468150837144 
0.00000000100000000000 0.00000000100000000000 0.88422001641184111431 0.00001726879166233040 0.00000131437275442214 0.01149035671554840196 0.02102213532814299624 0.08324890638005079391 
0.00000003694342655388 0.00000025514117056340 0.91442564689130634292 0.00000000100000000000 0.00396384796566750987 0.00000000100000000000 0.02765447970340502437 0.05395573135502396145 
0.00000011009368846934 0.00000000099999999998 0.98917887918525682078 0.00000000099999999998 0.00000000099999999998 0.00000000099999999998 0.00000000099999999998 0.01082100572105469324 
0.13181055608655359301 0.00000000651919589326 0.18241969167298444088 0.00000000100000000000 0.01622511326802561146 0.00000000100000000000 0.00000000100000000000 0.66954462945324033640 
0.00000000099999999999 0.00000000099999999999 0.00000000099999999999 0.00000000099999999999 0.00000000099999999999 0.00000000099999999999 0.00000000099999999999 0.99999999300000008695 
0.00000000099999999999 0.00000000429926793804 0.99008740452841359492 0.00000032113046371750 0.00000000099999999999 0.00991226604185475174 0.00000000099999999999 0.00000000099999999999 
0.21735167092115834087 0.00000000099999999999 0.09446042380418626094 0.00000000099999999999 0.00000000099999999999 0.00000000099999999999 0.00000000099999999999 0.68818790027465526205 
0.06530141686393593770 0.00000000099999999999 0.00000000099999999999 0.00000000099999999999 0.00000000099999999999 0.00000000099999999999 0.00000000099999999999 0.93469857713606407934 
0.31540585031702544905 0.00000000099999999999 0.10551328173188202764 0.01518121632387868167 0.00000000099999999999 0.00000000099999999999 0.00000000099999999999 0.56389964762721378477 
0.15468895414281694234 0.00000000100000000000 0.00000016697428079044 0.00000000100000000000 0.00000000100000000000 0.00000000100000000000 0.00000000100000000000 0.84531087388290226947 
0.04680259899503591559 0.00000000099999999998 0.95319739500496425411 0.00000000099999999998 0.00000000099999999998 0.00000000099999999998 0.00000000099999999998 0.00000000099999999998 
0.00000000100000000000 0.00000105013998044490 0.97436877708438107693 0.00000000100000000000 0.00000000100000000000 0.01170297987782362506 0.01392718889781485378 0.00000000100000000000 
0.00000000100000000000 0.00000000100000000000 0.86331277680951190590 0.02717440696479068302 0.00000000956865563570 0.00000000100000000000 0.00000000100000000000 0.10951280265704184391 
0.00000000100000000000 0.00028512151772778057 0.77535346272044369798 0.03047974489208449267 0.04028046712907014382 0.00078745683736880523 0.00000000100000000000 0.15281374490330537630 
0.02028673266884400278 0.00000000099999999999 0.84006143429003432566 0.04505064018690781158 0.00000000099999999999 0.00000000099999999999 0.00000000099999999999 0.09460118885421389678 
0.17032192851331212635 0.03332161039258960816 0.12218492392113491918 0.00000000100000000000 0.02861397600159119523 0.00000000100000000000 0.00000000100000000000 0.64555755817137205899 
0.04930150326825254170 0.00016149832437661096 0.91685707015892170535 0.00000000100000000000 0.02913386428241426795 0.00115869925676617062 0.00338736270926883604 0.00000000100000000000 
0.08446645726428915479 0.00000000100000000000 0.90677841203469167208 0.00000000100000000000 0.00839288064805101403 0.00000000100000000000 0.00000001028406379869 0.00036223676890450245 
0.05572293218381989960 0.00000000099999999998 0.94427706181618020764 0.00000000099999999998 0.00000000099999999998 0.00000000099999999998 0.00000000099999999998 0.00000000099999999998 
0.14150643056928799424 0.00000000100000000000 0.49695152372789669348 0.03457904925175828148 0.02911896604612227574 0.00000000100000000000 0.00000000100000000000 0.29784402740493481909 
0.13309252287208475640 0.00000000136743360215 0.32767416424726525381 0.00000000100000000000 0.00000001349980916006 0.02389856610326127756 0.00353856253816033951 0.51179616837198560475 
0.07464822535527367020 0.00000000099999999999 0.91507040003843298503 0.01028136924978308685 0.00000000099999999999 0.00000000099999999999 0.00000000135651038574 0.00000000099999999999 
0.01921387604542838107 0.00000000100000000000 0.92760620251358838484 0.02764006459265605856 0.02191246643371763669 0.00362737926566309397 0.00000000100000000000 0.00000000914894644311 
0.22071033046434268554 0.00000000099999999999 0.27223802956520842811 0.00000000099999999999 0.00000000099999999999 0.00000000099999999999 0.00000000099999999999 0.50705163497044869469 
0.18050794789761764880 0.01135712299970357587 0.06478777690425789604 0.00000118916382565534 0.00000152185749471021 0.01283571225869139555 0.02105543112187246296 0.70945329779653676372 
0.12379896750423974305 0.00000000100000000000 0.20176879617618723173 0.00000484092034407059 0.00169505583844211109 0.00000000100000000000 0.00202276827995129683 0.67070956928083547144 
0.06947229371022452249 0.00000000100000000000 0.91191190246267306296 0.00000000100000000000 0.00000000100000000000 0.00000000100000000000 0.01861579882710245187 0.00000000100000000000 
0.00566963857719395784 0.00000000099999999999 0.92571355676422462100 0.00000000099999999999 0.00000000099999999999 0.00000000099999999999 0.00000000099999999999 0.06861679965858168140 
0.02481695620644760319 0.00000000100000000000 0.79512436951480214287 0.00001968208170836994 0.03149402728233437199 0.00000000100000000000 0.00000000100000000000 0.14854496191470750732 
0.16340100823521522266 0.00000000100000000000 0.08300604398171046450 0.00000000100000000000 0.00000000100000000000 0.00000000100000000000 0.02982642066889864066 0.72376652311417577490 
0.19417551882511291383 0.02058854717909948395 0.11833392542506988854 0.00000977805852913116 0.00000000100000000000 0.00000293338519151571 0.00000014483536261935 0.66688915129163450768 
