0.08802019188790792537 0.04280955447812447023 0.01636870149636581590 0.13055074122055251862 0.01942336482667264552 0.00000000100000000000 0.70282744409037656297 0.00000000100000000000 
0.00000000099999999997 0.00000000099999999997 0.00000000099999999997 0.00000000099999999997 0.00000000099999999997 0.00000000099999999997 0.99999999299999997593 0.00000000099999999997 
0.00000000099999999999 0.00000000099999999999 0.00000000099999999999 0.08581458104837655365 0.00000000099999999999 0.17347047649158564564 0.74071493746003769232 0.00000000099999999999 
0.00000065289005170080 0.00027832183696016621 0.00000022297428023763 0.05887099237983844241 0.00000000100000000000 0.19082540238835729585 0.68581365926734960681 0.06421074726316262915 
0.05790542773798187937 0.09990257891726576911 0.00000000100000000000 0.07582115498494355899 0.03016659881674298507 0.00000000100000000000 0.73620423654306565986 0.00000000100000000000 
0.00000000100000000000 0.00000000100000000000 0.00106003443700135010 0.15621828934574077952 0.00000000100000000000 0.11228213134005880780 0.73043954087719897839 0.00000000100000000000 
0.02879065704776665249 0.00000000100000000000 0.08561262726438009785 0.00000000324875199922 0.02216234931193649185 0.00000000100000000000 0.66088854462398727296 0.20254581650317748931 
0.00209595477335491149 0.00000000100000000000 0.00000000100000000000 0.07802176990473806695 0.03167296606504106660 0.12747871429427468093 0.76073059196259118497 0.00000000100000000000 
0.09207813319786399553 0.00000000100000000000 0.00000000100000000000 0.04324353681064305871 0.03670113949155970334 0.11949901702433164685 0.70843291406989739034 0.00004525740570406065 
0.09385495630446129278 0.03122771384767739425 0.08782491582988054268 0.00000003198401164676 0.00000000100000000000 0.00000000100000000000 0.70169424122420598344 0.08539813880976318550 
0.09072260831206759024 0.00000000100000000000 0.16931493695974680902 0.00000000100000000000 0.06638143513102219562 0.00000000100000000000 0.67358101559716332396 0.00000000100000000000 
0.04056757079737315086 0.05176861454149372932 0.00000000100000000000 0.04691148461181934154 0.04129722905274359895 0.00000007557086178370 0.81945495901535048144 0.00000006541035787909 
0.00004199228129791637 0.00000000100000000000 0.00120215883872510135 0.02763010324264065024 0.03428947561018483303 0.15121846797378582505 0.78561780005336567800 0.00000000100000000000 
0.00000000100000000000 0.02219504878726994909 0.00000000100000000000 0.00000000100000000000 0.00000000100000000000 0.02595916074333090920 0.68647606764708335447 0.26536971882231558117 
0.02878860072439808418 0.00000049047512749372 0.00000000100000000000 0.05667470112984517028 0.03779840897795856691 0.10741643677210063745 0.69713092420374334068 0.07219043671682669194 
0.01139371406276301450 0.00005416413313995957 0.03885919911648289676 0.07144992556212258206 0.08890668363151793541 0.07903689200689932581 0.71029942048707428448 0.00000000100000000000 
0.08220320993901761297 0.00000900981300197459 0.13757867770282811160 0.00000000100000000000 0.00701006675015483464 0.00000000100000000000 0.77319903279499746507 0.00000000100000000000 
0.04286037330966759040 0.04726145090523642400 0.02317100019389106355 0.00140972412669263382 0.06546947236487081490 0.00000000100000000000 0.70206428121068076287 0.11776369688896061450 
0.08875928027279340882 0.04772941553444510349 0.00000000100000000000 0.05658297712484215702 0.05175443853084953777 0.03904985580140728219 0.71612403073566244238 0.00000000100000000000 
0.11002431530950959604 0.00000000100000000000 0.08930416316874140170 0.00000004232676541400 0.05245026807536257857 0.03269141154815898009 0.71552747043282305395 0.00000232813863894777 
0.05664224704583701447 0.02734332595208461766 0.10619461976174314477 0.00000000100000000000 0.00000005807829958610 0.00000000100000000000 0.73018365483281733042 0.07963609232921828318 
0.06961187576014889189 0.00000433815086734464 0.15042845951737690569 0.00000000100000000000 0.02519686496825586028 0.00000000100000000000 0.75475845860335100124 0.00000000100000000000 
0.07330127806795073975 0.02564143051861261444 0.05620905647876983657 0.09608455162296071494 0.02882714875230913895 0.00000737009223033207 0.71992916346716651077 0.00000000100000000000 
0.00000000100000000000 0.04436427458254552092 0.00000000100000000000 0.08997634280775103355 0.06171409162129751907 0.00000000100000000000 0.80394528698840583836 0.00000000100000000000 
0.04378724284687360302 0.01971864793211857911 0.08806176197310712495 0.00000000100000000000 0.05308614338742490002 0.00000000100000000000 0.68358355085485000835 0.11176265100562578214 
0.05234997499689295758 0.01624867402268065364 0.03353625728358450298 0.10309442363489013106 0.04657909662937950029 0.00000000869572645083 0.74819156373684581052 0.00000000100000000000 
0.05192676578705357482 0.00017972533613815663 0.07442024731893485956 0.14464316337555233050 0.04008878157081631477 0.00000000100000000000 0.68874131461150478462 0.00000000100000000000 
0.08778728674488904538 0.00004247273914557650 0.11042891016105507718 0.05711479922931343711 0.02539167737340624828 0.00105032834371814477 0.71818452440847235785 0.00000000100000000000 
0.06180065591057095492 0.00000000100000000000 0.16116258193037355517 0.02142807515633421422 0.02454414470436854998 0.00000000100000000000 0.73106453929835268912 0.00000000100000000000 
0.03910416847239312627 0.03003641995801326764 0.04539823776608384320 0.06048723447112639567 0.05984817606988929867 0.00089849932767682001 0.76422726293481724191 0.00000000100000000000 
0.03051011037298627035 0.00000000100000000000 0.19240733470970028396 0.01217838892797898191 0.02742174617298434591 0.00000000100000000000 0.73747753585522524133 0.00000488196112499439 
0.00000000100000000000 0.04551090411360902283 0.00000025645823192467 0.00000000100000000000 0.08832116374054858887 0.00042456729218877940 0.68588057449405870347 0.17986253190136303193 
0.07471768473047069037 0.01836772993141951027 0.15491615518009077546 0.00000000100000000000 0.04980140708611840994 0.00000000100000000000 0.68825097512083399653 0.01394604595106662716 
0.00092339097823209934 0.00000281197608247468 0.04258457112560497249 0.00000000100000000000 0.02055873870412686100 0.00000104365700797295 0.85798214442309550520 0.07794729813585023204 
0.04395182251527820355 0.00000000100000000000 0.00000000100000000000 0.00020065100993451129 0.00000000100000000000 0.14391774239103510835 0.71482473390924572421 0.09710504717450643697 
0.12131839746878253505 0.00116458967776999871 0.00004053270108357519 0.07323146280341392977 0.00000020678407698525 0.12308343521657887087 0.68116136595141696386 0.00000000939687717803 
0.00000000099999999997 0.00000000099999999997 0.00000000099999999997 0.00000000099999999997 0.00000000099999999997 0.00000000099999999997 0.99999999299999997593 0.00000000099999999997 
0.07462982552487767984 0.02717732524883422623 0.00000150104929104573 0.10139680125971384239 0.00061844446651644787 0.08378103642119641425 0.71239506502957017364 0.00000000100000000000 
0.00000048790295166416 0.00000000099999999999 0.15824373050354437198 0.00000000099999999999 0.00000000983292603694 0.00000000099999999999 0.84175576776057803308 0.00000000099999999999 
0.05416656989334087124 0.00000000100000000000 0.16068345227029978695 0.00000002533947965005 0.06067584071660195311 0.00000000100000000000 0.72447410878027762582 0.00000000100000000000 
0.05596496323934152528 0.05689080932302024995 0.00000000100000000000 0.07313207880534300376 0.03847664672048312084 0.00000000100000000000 0.77553549891181217113 0.00000000100000000000 
0.04045984838319485744 0.05803926298139536200 0.00000000100000000000 0.00000000100000000000 0.07921286493712974275 0.00000000100000000000 0.67107818787706197128 0.15120983282121799873 
0.07097496627830902904 0.00000000375050902742 0.09586718478973124680 0.00000353058124298404 0.00289059594693765300 0.00000000100000000000 0.74832185743608425899 0.08194186021718578850 
0.08156501720225110830 0.01312287149253289417 0.11612861649838476796 0.00000424656012642947 0.00061994496226191965 0.00000000100000000000 0.69538749719257242354 0.09317180509187045212 
0.05297252497414945555 0.00000004495654196807 0.10009540287488859212 0.00855224735844086793 0.01975294655215275100 0.00000000100000000000 0.71863598363428715654 0.09999084864953909635 
0.03648148450292961614 0.02129240649417710879 0.00000200517598670457 0.10852326832899329700 0.07847332274537643926 0.00000000100000000000 0.75522751075253680142 0.00000000100000000000 
0.04566824668604538978 0.00000000100000000000 0.05363057496153730841 0.00000000100000000000 0.06983744712862177684 0.00000000100000000000 0.66735011494257423514 0.16351361328122143712 
0.07618393952705999894 0.00005385748187247968 0.11920266367270505870 0.07842199348765767353 0.04213484129293657704 0.00025095153626880705 0.68207950465241384830 0.00167224834908559342 
0.07996488497851400590 0.00000000100000000000 0.08028830121453596480 0.17202697793185112163 0.01612488418399680296 0.00000000100000000000 0.65146881811246792893 0.00012613157863403622 
0.00000000099999999999 0.00000000099999999999 0.00000000099999999999 0.07629371497036553651 0.00000000099999999999 0.11096455834101297266 0.65700762786601285548 0.15573409482260860970 
0.04424953643803355985 0.00004783845625276397 0.02941221186886832165 0.06223942102407815230 0.06972431592800155953 0.11019758691182869603 0.68317758499602143640 0.00095150437691545440 
0.16324673753834673118 0.00000000100000000000 0.01384266514777919392 0.13942223500558595384 0.00344658611498609461 0.00000000100000000000 0.68004177319330205709 0.00000000100000000000 
0.06263773785760030910 0.02685693874037874476 0.00000000100000000000 0.01092507581693740425 0.00000000100000000000 0.09419944909188136817 0.74809290244950166215 0.05728789404370052130 
0.07286425923636247193 0.00000000100000000000 0.06871400630712351520 0.05966368187048032290 0.06839092183878575648 0.00001481726521263560 0.66514941756266554584 0.06520289491936968884 
0.00000000100000000000 0.00000014169753744939 0.00000000100000000000 0.11232687141581894352 0.00000000100000000000 0.13506486030324749148 0.67681919239861720872 0.07578893118477883495 
0.09378524983261674053 0.00000568596751518906 0.19576405082598977159 0.02387437742939648583 0.00938298242670258971 0.00000000100000000000 0.67718765151777915445 0.00000000100000000000 
0.39829762865035195363 0.01004786803581532613 0.00000000099999999999 0.00000000099999999999 0.01975674150823106962 0.00000000099999999999 0.57189775780560159202 0.00000000099999999999 
0.01763907532927244670 0.00000000100000000000 0.07339481488865556846 0.03980002886619473518 0.02636767643378219381 0.09222365648344621469 0.70110841086361541663 0.04946633613503349097 
0.04042792068654450788 0.02982554512399096178 0.06637144277742376697 0.00000000100000000000 0.06654751169000838740 0.00000146622349397967 0.69887820270538125733 0.09794790979315717849 
0.15818149738442358054 0.00000000100000000000 0.16618519936019349181 0.01369598125202331658 0.03744113673060210645 0.02177028926252070826 0.60272589401023679567 0.00000000100000000000 
0.08160404592811894287 0.00000001797264637712 0.11654098731274215028 0.04372941797575469886 0.07553631672994153001 0.00000000100000000000 0.62674580293457271551 0.05584341014622355714 
0.00000000956014238313 0.00000000100000000000 0.17848124796083841836 0.07060529177385418964 0.00012865254085071799 0.00000000100000000000 0.75078479516431428920 0.00000000100000000000 
0.06536502186720269392 0.00000506354608543631 0.00000000100000000000 0.00000000100000000000 0.04311658307887986097 0.03277088691124468989 0.66654616698412061382 0.19219627561246668823 
0.08956715386274809176 0.00001356547635332323 0.05975737786776657429 0.07038656605107471154 0.04402394081829425626 0.00000000100000000000 0.73625139392376304226 0.00000000100000000000 
0.02081604903478808874 0.00000000100000000000 0.00000000100000000000 0.12798790678857438485 0.03843897169828343341 0.13998449235251766987 0.67277105847288254381 0.00000151965295396143 
0.00644144603887999469 0.00941845072249436477 0.00000000100000000000 0.01327045846800570944 0.01658972837778822929 0.13536647926600073322 0.75952711023359531506 0.05938632589323580152 
0.00000000100000000000 0.04486974818858649461 0.00000000100000000000 0.01610552836227189047 0.02261051748661896746 0.01239099048905102640 0.63985813696157167740 0.26416507651189996553 
0.09318081616496164121 0.00002085472177546931 0.05644073952790232968 0.08612214956843763924 0.03592893536548625449 0.05821598946000858255 0.64257711111264337323 0.02751340407878472005 
0.07266214460002563824 0.00000000100000000000 0.00000000100000000000 0.04378430614780245977 0.03960787402637996196 0.09379983196031571602 0.68396446802547372634 0.06618137324000256116 
0.06537889244997791005 0.00000000100000000000 0.00059519587390256150 0.00000000100000000000 0.00567944049127819001 0.11388298883505221237 0.71199121012251787022 0.10247227022727130319 
0.02983748722549270371 0.00000000100000000000 0.00007078427047025485 0.00000000100000000000 0.14184850831854700637 0.09984438884824829719 0.57618509145785934411 0.15221373787938247135 
0.39282841216135827578 0.02598248857830098499 0.00015754956519252317 0.00000000100000000000 0.02368384724620292356 0.00000000100000000000 0.47771549364267251736 0.07963220680627254577 
0.00000000100000000000 0.00544467392564706391 0.00000000100000000000 0.00000000100000000000 0.00000000100000000000 0.16318325181197224083 0.65935438269710411330 0.17201768756527663351 
0.00000000100000000000 0.00000148152882412380 0.00000043890435479086 0.00000000100000000000 0.00000000100000000000 0.11225278309291576717 0.66404929936245549182 0.22369599411144974743 
0.10275291816378853693 0.09407010008659018319 0.00899797066993800881 0.00006475857295479982 0.03760267951713459900 0.00366230292327927301 0.70160258103706518718 0.05124668902924946895 
0.01425284541828290147 0.04650493767160410880 0.09154520958412479259 0.04412502553911265557 0.08752075204862892754 0.00000000100000000000 0.71545477307180338489 0.00059645566644336422 
0.08806089157171483051 0.04630707858720713860 0.00006807780395851510 0.00000000100000000000 0.02856198022055071034 0.00102832587572159687 0.66166753872127948011 0.17430610621956763029 
0.00000000100000000000 0.00000000330888598842 0.00000000100000000000 0.00000000100000000000 0.00000000100000000000 0.10309601126906026147 0.62123255756166562147 0.27567142386038828716 
0.00000000100000000000 0.00000689706622872138 0.10385678869589680395 0.00000000100000000000 0.00000000100000000000 0.00000000100000000000 0.81881993285551979422 0.07731637738235466739 
0.06306947191284816012 0.03914529350785216077 0.00000000100000000000 0.05498325910336734901 0.04968451944328648034 0.05773274255878022010 0.73538471147386552662 0.00000000100000000000 
0.38116006403643626355 0.00000002243984545650 0.00000000099999999999 0.00000000099999999999 0.12556592796701823711 0.00000000099999999999 0.49327398155669999191 0.00000000099999999999 
0.11179640303968563231 0.01930329904206146488 0.02364108172373285618 0.00000000100000000000 0.04496772382504403420 0.00000000100000000000 0.65119639317964839176 0.14909509718982752458 
0.05548382270554486073 0.00684927215371425140 0.07685040504715909271 0.00000318413956755919 0.00455736532205952300 0.00005382237643868583 0.68841454474076058112 0.16778758351475550614 
0.11612832856623518663 0.09574662280085013966 0.00000000100000000000 0.03923951628922420914 0.05367271634760518301 0.00000033632248203026 0.69521244870304654828 0.00000002997055672159 
0.08339021327537558814 0.02545934043027291149 0.00548508578388722228 0.00017065605903618562 0.05290989987974475950 0.01950108276289590215 0.62253802213142528377 0.19054569967736209590 
0.03720728699070025014 0.00000010360996463712 0.05982399458621727451 0.00000000100000000000 0.00747794379014589047 0.02311014390170108151 0.70373534496952472317 0.16864518115174620405 
0.00000000100000000000 0.00176193964550556493 0.00000000100000000000 0.00000000100000000000 0.00565685346784168888 0.06476691522075944674 0.67504057050569266085 0.25277371816020072215 
0.13030940895868833862 0.05375998859279841613 0.00000912444671024008 0.08885056563972103250 0.02914779241256619524 0.00000000153396951648 0.69784478601155197630 0.00007833240399435768 
0.01741210789870243150 0.00000000289434154302 0.00000000100000000000 0.03564373403371615123 0.03516613325713685567 0.09977165270871855840 0.70107015930518501445 0.11093620890219943464 
0.08273698666939974244 0.07449004633920990048 0.01878769752775944976 0.03265568617380355115 0.07471785515879218742 0.00000000100000000000 0.66204301799126308303 0.05456870913977216603 
0.03834197971812330907 0.00038334681245948615 0.03055407374323892977 0.00000000100000000000 0.00828102158213911768 0.08912857108138694251 0.68078223819312766452 0.15252876786952451749 
0.00000000099999999999 0.00000000099999999999 0.00000000099999999999 0.00000000099999999999 0.00000000099999999999 0.12557475080482638496 0.68382835963326260575 0.19059688456191109518 
0.11741359485189306611 0.02106077257558650398 0.05152404774609727761 0.03824807117576199678 0.00096653620946065731 0.00000000100000000000 0.64561201884460994727 0.12517495759659050258 
0.00000000100000000000 0.02550407278608348913 0.00000000100000000000 0.00051916842492020403 0.00000000100000000000 0.09943520361967483900 0.66994017382523041171 0.20460137834409114488 
0.08282754676033014796 0.00494286072525121096 0.02497909426791092638 0.00000000100000000000 0.02302218127683510265 0.05719332299285638521 0.70472858004053984260 0.10230641293627638910 
0.10178763926781382587 0.00000000100000000000 0.14914465930093254165 0.04199348906512037627 0.00000000100000000000 0.00000000100000000000 0.64571200020517371954 0.06136220916095953132 
0.30550911687407478201 0.00000743176919044611 0.00000000100000000000 0.04601859445883939997 0.35081056215561839950 0.03811384871195701990 0.25954044403031983901 0.00000000100000000000 
0.32407366857509567470 0.00000000100000000000 0.11968420107715568856 0.00000034978704310076 0.39189997956544297963 0.00000000100000000000 0.16433967716906394685 0.00000212182619865701 
0.34933421268164127627 0.00000000100000000000 0.00000062103612465496 0.03979186347554986014 0.34577305440399985770 0.06087491416532672672 0.20422533223735764296 0.00000000100000000000 
0.18296709643498523801 0.00000000100000000000 0.00513355085906797536 0.00000000100000000000 0.65585542487137438172 0.00000000100000000000 0.15604392383457235671 0.00000000100000000000 
0.35669010870055489759 0.00000000100000000000 0.07601701518837369886 0.04541938910932919599 0.32821608294377357939 0.00000031497450548513 0.19365708708346307532 0.00000000100000000000 
0.33483775344242988625 0.00000000100000000000 0.10541722000179942764 0.00000013951064584558 0.38247032293290850191 0.00000000100000000000 0.17727456111221628898 0.00000000100000000000 
0.31293890345172287182 0.00000000852290660649 0.09497777886557867699 0.00000011495447231354 0.38752609250998049095 0.00000000100000000000 0.17920963153238397836 0.02534746916295515032 
0.30745628997435248131 0.00000000100000000000 0.00000038019611927585 0.00000000100000000000 0.46479040642115904136 0.07387574714789044150 0.15387717326047878341 0.00000000100000000000 
0.32686760398126335492 0.00000000100000000000 0.06699735533952558275 0.00000000100000000000 0.36299074113009188736 0.00000000100000000000 0.17280017660748922537 0.07034411994163015935 
0.35954858374485765271 0.00000010682438889083 0.00000000100000000000 0.01558223027085764607 0.40267407121020104555 0.05258447126493435986 0.16929974652925672274 0.00031078915550370080 
0.33085116171201628399 0.00000000100000000000 0.06482698497375613544 0.01850525229588307133 0.39856873682935461956 0.00000000100000000000 0.18209992289468587834 0.00514793929430407571 
0.36731862591334407675 0.01052382302574056232 0.00901233663532165739 0.00000000100000000000 0.38296626374800984971 0.00824920789474419339 0.16077810583938256794 0.06115163594345705139 
0.28421606166488522227 0.00000000100000000000 0.07558233810072921555 0.00000000100000000000 0.49369029632033528676 0.00000000100000000000 0.14651093407172124938 0.00000036684232905619 
0.37353435257361994326 0.00000000100000000000 0.01503292276538107861 0.00040065826260175374 0.38325787796063759405 0.05516885131138758031 0.15705860411880873118 0.01554673200756341404 
0.32121537232309288479 0.00758792758596165892 0.00000000100000000000 0.00000000100000000000 0.45122522344101828606 0.00000000100000000000 0.16774747769643347239 0.05222399595349359186 
0.33542284741229932976 0.00000000100000000000 0.04369164250224344404 0.00000000100000000000 0.40649367430215593844 0.00000000100000000000 0.14368314964894524088 0.07070868313435589581 
0.32336376166172997593 0.00000000100000000000 0.08630290021301614822 0.00000000100000000000 0.39554164008300635169 0.00000000100000000000 0.15387623303578304435 0.04091546200646441200 
0.38406929127852834638 0.00000000100000000000 0.00052228109975065975 0.00001039617494198881 0.38443252885287049203 0.00007019197539611246 0.16268061144530598927 0.06821469817320635620 
0.35718825271777232544 0.00000000100000000000 0.00000000100000000000 0.01996328981065760913 0.44369116093198984752 0.07505622285295260321 0.10410107068662757812 0.00000000100000000000 
0.22979982928848213808 0.00000000100000000000 0.06805232636971954296 0.00000000100000000000 0.21282198714815750429 0.02594889109019209161 0.26934368924416224322 0.19403327485928645313 
0.29825119271231520512 0.00000000100000000000 0.09644158452778975321 0.00000000100000000000 0.45517052248321154817 0.00000000100000000000 0.09980973221764244396 0.05032696505904102335 
0.25214159761763510481 0.00000248158267760554 0.04278320473995060602 0.00004624179134293757 0.55852010954767039586 0.00000000100000000000 0.11657647461838714642 0.02992988910233643218 
0.33850862570631951032 0.00000074247459717867 0.10906296098196446853 0.00000000100000000000 0.42688780535557757645 0.00000000100000000000 0.10443116997609504237 0.02110869350544620007 
0.00000000099999999994 0.00000000099999999994 0.00000000099999999994 0.00000000099999999994 0.99999999299999997593 0.00000000099999999994 0.00000000099999999994 0.00000000099999999994 
0.00000000099999999993 0.00000000099999999993 0.00000000099999999993 0.00000000099999999993 0.99999999299999997593 0.00000000099999999993 0.00000000099999999993 0.00000000099999999993 
0.00000000099999999993 0.00000000099999999993 0.00000000099999999993 0.00000000099999999993 0.99999999299999997593 0.00000000099999999993 0.00000000099999999993 0.00000000099999999993 
0.00000000099999999993 0.00000000099999999993 0.00000000099999999993 0.00000000099999999993 0.99999999300000008695 0.00000000099999999993 0.00000000099999999993 0.00000000099999999993 
0.00000000099999999995 0.00000000099999999995 0.00000000099999999995 0.00000000099999999995 0.99999999299999997593 0.00000000099999999995 0.00000000099999999995 0.00000000099999999995 
0.00000000099999999993 0.00000000099999999993 0.00000000099999999993 0.00000000099999999993 0.99999999300000008695 0.00000000099999999993 0.00000000099999999993 0.00000000099999999993 
0.00000000099999999994 0.00000000099999999994 0.00000000099999999994 0.00000000099999999994 0.99999999300000008695 0.00000000099999999994 0.00000000099999999994 0.00000000099999999994 
0.00000000099999999992 0.00000000099999999992 0.00000000099999999992 0.00000000099999999992 0.99999999299999997593 0.00000000099999999992 0.00000000099999999992 0.00000000099999999992 
0.85784765605757873352 0.00000000099999999998 0.00000000099999999998 0.00000000099999999998 0.14215233794242146392 0.00000000099999999998 0.00000000099999999998 0.00000000099999999998 
0.99999999300000008695 0.00000000099999999998 0.00000000099999999998 0.00000000099999999998 0.00000000099999999998 0.00000000099999999998 0.00000000099999999998 0.00000000099999999998 
0.99999999300000008695 0.00000000099999999998 0.00000000099999999998 0.00000000099999999998 0.00000000099999999998 0.00000000099999999998 0.00000000099999999998 0.00000000099999999998 
0.99999999300000019797 0.00000000099999999999 0.00000000099999999999 0.00000000099999999999 0.00000000099999999999 0.00000000099999999999 0.00000000099999999999 0.00000000099999999999 
0.99999999300000008695 0.00000000099999999998 0.00000000099999999998 0.00000000099999999998 0.00000000099999999998 0.00000000099999999998 0.00000000099999999998 0.00000000099999999998 
0.99999999300000019797 0.00000000099999999998 0.00000000099999999998 0.00000000099999999998 0.00000000099999999998 0.00000000099999999998 0.00000000099999999998 0.00000000099999999998 
0.99999999300000008695 0.00000000099999999998 0.00000000099999999998 0.00000000099999999998 0.00000000099999999998 0.00000000099999999998 0.00000000099999999998 0.00000000099999999998 
0.99887144721025089567 0.00000000099999999999 0.00000000099999999999 0.00000000099999999999 0.00112854678974908104 0.00000000099999999999 0.00000000099999999999 0.00000000099999999999 
0.99999999300000019797 0.00000000099999999998 0.00000000099999999998 0.00000000099999999998 0.00000000099999999998 0.00000000099999999998 0.00000000099999999998 0.00000000099999999998 
0.99999999300000008695 0.00000000099999999997 0.00000000099999999997 0.00000000099999999997 0.00000000099999999997 0.00000000099999999997 0.00000000099999999997 0.00000000099999999997 
0.99999999300000019797 0.00000000099999999997 0.00000000099999999997 0.00000000099999999997 0.00000000099999999997 0.00000000099999999997 0.00000000099999999997 0.00000000099999999997 
0.99999999300000008695 0.00000000099999999998 0.00000000099999999998 0.00000000099999999998 0.00000000099999999998 0.00000000099999999998 0.00000000099999999998 0.00000000099999999998 
0.99825151109908361047 0.00000000099999999999 0.00000000099999999999 0.00000000099999999999 0.00174848290091647813 0.00000000099999999999 0.00000000099999999999 0.00000000099999999999 
0.99999999300000008695 0.00000000099999999998 0.00000000099999999998 0.00000000099999999998 0.00000000099999999998 0.00000000099999999998 0.00000000099999999998 0.00000000099999999998 
0.99999999300000008695 0.00000000099999999998 0.00000000099999999998 0.00000000099999999998 0.00000000099999999998 0.00000000099999999998 0.00000000099999999998 0.00000000099999999998 
0.99999999300000019797 0.00000000099999999998 0.00000000099999999998 0.00000000099999999998 0.00000000099999999998 0.00000000099999999998 0.00000000099999999998 0.00000000099999999998 
0.96134614705386267630 0.02836072992232352430 0.00000000099999999999 0.01029311802381393734 0.00000000099999999999 0.00000000099999999999 0.00000000099999999999 0.00000000099999999999 
0.99999999300000008695 0.00000000099999999998 0.00000000099999999998 0.00000000099999999998 0.00000000099999999998 0.00000000099999999998 0.00000000099999999998 0.00000000099999999998 
0.99999999300000019797 0.00000000099999999997 0.00000000099999999997 0.00000000099999999997 0.00000000099999999997 0.00000000099999999997 0.00000000099999999997 0.00000000099999999997 
0.99999868069902242418 0.00000000099999999998 0.00000000099999999998 0.00000000099999999998 0.00000131330097774897 0.00000000099999999998 0.00000000099999999998 0.00000000099999999998 
0.99999998864911976426 0.00000000099999999999 0.00000000130208278530 0.00000000504879749353 0.00000000099999999999 0.00000000099999999999 0.00000000099999999999 0.00000000099999999999 
0.99999999300000019797 0.00000000099999999998 0.00000000099999999998 0.00000000099999999998 0.00000000099999999998 0.00000000099999999998 0.00000000099999999998 0.00000000099999999998 
0.99999999300000019797 0.00000000099999999999 0.00000000099999999999 0.00000000099999999999 0.00000000099999999999 0.00000000099999999999 0.00000000099999999999 0.00000000099999999999 
0.99999999300000019797 0.00000000099999999998 0.00000000099999999998 0.00000000099999999998 0.00000000099999999998 0.00000000099999999998 0.00000000099999999998 0.00000000099999999998 
0.96002953750103992014 0.00000000099999999999 0.00000000099999999999 0.00000000099999999999 0.03997045649896023567 0.00000000099999999999 0.00000000099999999999 0.00000000099999999999 
0.99999999300000008695 0.00000000099999999997 0.00000000099999999997 0.00000000099999999997 0.00000000099999999997 0.00000000099999999997 0.00000000099999999997 0.00000000099999999997 
0.00000000100000000000 0.22634288281852255054 0.25942151101890514875 0.11788568637473741119 0.01696899529795818651 0.37934520334131005548 0.00000000674424514677 0.00003571340432149818 
0.00000000099999999999 0.00000000099999999999 0.00000000099999999999 0.46836664882697803813 0.00000000099999999999 0.00000000099999999999 0.00000000099999999999 0.53163334517302185400 
0.00000000099999999999 0.00000000099999999999 0.00000000099999999999 0.37173944860715918415 0.00000000099999999999 0.00050612395361617228 0.00000000099999999999 0.62775442243922463526 
0.00000000099999999994 0.00000000099999999994 0.99999999299999997593 0.00000000099999999994 0.00000000099999999994 0.00000000099999999994 0.00000000099999999994 0.00000000099999999994 
0.00000000099999999997 0.00000000099999999997 0.00000000099999999997 0.00000000099999999997 0.00000000099999999997 0.00000000099999999997 0.00000000099999999997 0.99999999300000008695 
0.00000000099999999996 0.00000000099999999996 0.00000000099999999996 0.99999999300000008695 0.00000000099999999996 0.00000000099999999996 0.00000000099999999996 0.00000000099999999996 
0.00000000099999999995 0.00000000099999999995 0.00000000099999999995 0.99999999300000008695 0.00000000099999999995 0.00000000099999999995 0.00000000099999999995 0.00000000099999999995 
0.00000000099999999999 0.00000000099999999999 0.10799805466725641290 0.32308767884526490288 0.00000000099999999999 0.00000000099999999999 0.00000000099999999999 0.56891426148747870073 
0.00000000099999999999 0.00000000099999999999 0.00000000099999999999 0.40387862459542528404 0.00000000099999999999 0.00000000099999999999 0.00000000099999999999 0.59612136940457460810 
0.00000000100000000000 0.00000000100000000000 0.00000000100000000000 0.50176855161574418496 0.00000000100000000000 0.00000000100000000000 0.00000000100000000000 0.49823144238425587371 
0.00000000100000000000 0.03303991601422168189 0.02645999101186414376 0.46295302414384253975 0.00000000100000000000 0.00000000100000000000 0.00000000100000000000 0.47754706483007175466 
0.00000000099999999997 0.00000000099999999997 0.00000000099999999997 0.00000000099999999997 0.00000000099999999997 0.00000000099999999997 0.00000000099999999997 0.99999999299999997593 
0.00000000100000000000 0.02150449295679212475 0.22089766430692570065 0.19939663264159165901 0.00458137327656387133 0.40027431733881230214 0.04241487886852932099 0.11093063961078494795 
0.00004912139553786589 0.00000000100000000000 0.05808281695223503627 0.19948933285729633647 0.00458208493033882090 0.07828427180504086980 0.25786876141802783646 0.40164360964152329148 
0.00000000099999999999 0.05186864913676441508 0.00000000099999999999 0.44709345750851869905 0.00000000099999999999 0.00000000099999999999 0.00000000099999999999 0.50103788835471696483 
0.00000000099999999999 0.05766365159000011453 0.00000000099999999999 0.40488812203791374467 0.00000000099999999999 0.00000000099999999999 0.00000000099999999999 0.53744822137208614343 
0.00000000099999999997 0.00000000099999999997 0.00000000099999999997 0.00000000099999999997 0.00000000099999999997 0.00000000099999999997 0.00000000099999999997 0.99999999299999997593 
0.00000000100000000000 0.00000000100000000000 0.09176253660565719672 0.50568935333733799897 0.02809435204099745842 0.00000000100000000000 0.00000001457351212168 0.37445374044249518652 
0.00000000099999999990 0.99999999300000008695 0.00000000099999999990 0.00000000099999999990 0.00000000099999999990 0.00000000099999999990 0.00000000099999999990 0.00000000099999999990 
0.00000000099999999995 0.00000000099999999995 0.00000000099999999995 0.99999999300000008695 0.00000000099999999995 0.00000000099999999995 0.00000000099999999995 0.00000000099999999995 
0.00022170681782813294 0.15230606333905852279 0.30119761578117482115 0.04849360068457980733 0.00000000100000000000 0.49775404938298767332 0.00002696199437107534 0.00000000100000000000 
0.00000000099999999993 0.00000000099999999993 0.99999999300000008695 0.00000000099999999993 0.00000000099999999993 0.00000000099999999993 0.00000000099999999993 0.00000000099999999993 
0.00000000099999999996 0.00000000099999999996 0.00000000099999999996 0.99999999299999997593 0.00000000099999999996 0.00000000099999999996 0.00000000099999999996 0.00000000099999999996 
0.00000000099999999999 0.00524873213946915659 0.00585485142196369001 0.46736766470873031265 0.00000000099999999999 0.00000000099999999999 0.00000000099999999999 0.52152874772983681684 
0.00000000100000000000 0.13173676765291367219 0.33669762711877121442 0.06349164676992606615 0.00702153618445747630 0.46105241927393164625 0.00000000100000000000 0.00000000100000000000 
0.00000000099999999995 0.00000000099999999995 0.00000000099999999995 0.99999999299999997593 0.00000000099999999995 0.00000000099999999995 0.00000000099999999995 0.00000000099999999995 
0.00000000099999999999 0.00000619789815747889 0.00000000099999999999 0.62619436413270734842 0.00000000099999999999 0.00000000099999999999 0.00000000099999999999 0.37379943296913520356 
0.00000000100000000000 0.17592003107764997427 0.29391525094453924138 0.01852012085447941880 0.00000000100000000000 0.51164459312333143703 0.00000000100000000000 0.00000000100000000000 
0.00000000099999999996 0.00000000099999999996 0.00000000099999999996 0.00000000099999999996 0.00000000099999999996 0.00000000099999999996 0.00000000099999999996 0.99999999299999997593 
0.00000000099999999999 0.02449136282728835157 0.00000075324890391958 0.57414296712167567360 0.00000000099999999999 0.00000000099999999999 0.00000000099999999999 0.40136491280213221211 
0.00000000099999999999 0.00000000099999999999 0.47372175666211596701 0.00000002559999438094 0.00000000099999999999 0.52627821273788955025 0.00000000099999999999 0.00000000099999999999 
0.00000000099999999995 0.00000000099999999995 0.00000000099999999995 0.99999999299999997593 0.00000000099999999995 0.00000000099999999995 0.00000000099999999995 0.00000000099999999995 
0.00000000099999999999 0.20339880169345816996 0.26702057884122937237 0.12883484684969448431 0.00000000099999999999 0.40074576861561800323 0.00000000099999999999 0.00000000099999999999 
0.00000000099999999997 0.00000000099999999997 0.00000000099999999997 0.00000000099999999997 0.00000000099999999997 0.99999999300000008695 0.00000000099999999997 0.00000000099999999997 
0.00000000099999999994 0.00000000099999999994 0.99999999299999997593 0.00000000099999999994 0.00000000099999999994 0.00000000099999999994 0.00000000099999999994 0.00000000099999999994 
0.00000000099999999995 0.00000000099999999995 0.99999999300000008695 0.00000000099999999995 0.00000000099999999995 0.00000000099999999995 0.00000000099999999995 0.00000000099999999995 
0.00000000099999999999 0.01889631479229542804 0.00438952912217977984 0.55264145660952901373 0.00000000099999999999 0.00000000099999999999 0.00000000099999999999 0.42407269547599590886 
0.00000000099999999996 0.00000000099999999996 0.00000000099999999996 0.00000000099999999996 0.00000000099999999996 0.00000000099999999996 0.00000000099999999996 0.99999999299999997593 
0.00000000099999999996 0.00000000099999999996 0.00000000099999999996 0.00000000099999999996 0.00000000099999999996 0.00000000099999999996 0.00000000099999999996 0.99999999300000008695 
0.00000000100000000000 0.00000000100000000000 0.13742584242678063111 0.32286554939242895212 0.00000000100000000000 0.00000000100000000000 0.01405259035546196390 0.52565601382532833874 
0.00000000099999999999 0.00000000099999999999 0.04854211102857907550 0.40771315192099749636 0.00000000099999999999 0.09689318412592444474 0.00000000099999999999 0.44685154892449885367 
0.00000000099999999993 0.00000000099999999993 0.99999999300000008695 0.00000000099999999993 0.00000000099999999993 0.00000000099999999993 0.00000000099999999993 0.00000000099999999993 
0.00000000100000000000 0.00000000100000000000 0.04503430614223275646 0.53520834004439266085 0.00000000231323048373 0.00000000100000000000 0.00000000100000000000 0.41975734750014415120 
0.00000000100000000000 0.02228220968673304964 0.05838923828901267099 0.41992702345856691704 0.00555046571259341665 0.00000000100000000000 0.00000000100000000000 0.49385105985309385446 
0.00000000099999999999 0.00849736989432218343 0.00000000099999999999 0.61307740543809752243 0.00000000099999999999 0.00000000099999999999 0.00000000099999999999 0.37842521966758047025 
0.00000000100000000000 0.16123089901865803042 0.15039632661580426554 0.26736624116002838392 0.01812498919701572425 0.14060804491568074104 0.00000000100000000000 0.26227349709281300161 
0.00764143010717999172 0.10281045816455425257 0.23286848507661508934 0.15323522540806783221 0.00000000100000000000 0.32040416401325866325 0.00000000100000000000 0.18304023523032406096 
0.00000000099999999999 0.05064968798652333404 0.00000000099999999999 0.45050622770775838877 0.00000000099999999999 0.00124605258078395293 0.00000001307716541769 0.49759801564776900973 
0.00000000099999999995 0.00000000099999999995 0.00000000099999999995 0.99999999300000008695 0.00000000099999999995 0.00000000099999999995 0.00000000099999999995 0.00000000099999999995 
0.00000000099999999999 0.17902119089424003984 0.24055044506970041374 0.13122211674250824909 0.00000000099999999999 0.32330140240503685289 0.00000000099999999999 0.12590484188851450154 
0.00000009781948840304 0.00162314975163396075 0.37778625321257958136 0.00000000100000000000 0.00000000100000000000 0.53425037237340988749 0.00000000100000000000 0.08634012384288806963 
0.00000000100000000000 0.09882609828313919376 0.25726607929669853547 0.15197178427790880573 0.00829518161314270544 0.40260302859390068031 0.00396916311917776179 0.07706866381603230676 
0.00000000099999999999 0.01726591901154962347 0.00019642444717728682 0.53807551490562277596 0.00000000099999999999 0.00000000099999999999 0.00000000099999999999 0.44446213763565056709 
0.00000000099999999994 0.00000000099999999994 0.00000000099999999994 0.99999999300000008695 0.00000000099999999994 0.00000000099999999994 0.00000000099999999994 0.00000000099999999994 
0.00000000100000000000 0.00000000100000000000 0.00000000100000000000 0.30728256896267486242 0.00000000100000000000 0.16281313528646071398 0.00000000100000000000 0.52990429075086442623 
0.00000000100000000000 0.14769238298795966946 0.34691678416119214878 0.02457039520052881759 0.00000000100000000000 0.40242235278815235988 0.00000000100000000000 0.07839808186216710995 
0.00000000099999999994 0.00000000099999999994 0.99999999299999997593 0.00000000099999999994 0.00000000099999999994 0.00000000099999999994 0.00000000099999999994 0.00000000099999999994 
0.00000000100000000000 0.00000000100000000000 0.06354192041343638409 0.40088556638048750136 0.00000000100000000000 0.00000000100000000000 0.00000000100000000000 0.53557250820607604780 
0.00000000099999999999 0.00000000099999999999 0.00000000099999999999 0.56579025473944188906 0.00000000099999999999 0.00000000099999999999 0.00000000099999999999 0.43420973926055816960 
0.00000000099999999999 0.00000000099999999999 0.00000000099999999999 0.46809555411302639083 0.00000000099999999999 0.00000000099999999999 0.00000000099999999999 0.53190443988697344579 
0.00000000099999999999 0.00000000099999999999 0.00000000099999999999 0.52732081722111423527 0.00000000099999999999 0.00000000099999999999 0.00000000099999999999 0.47267917677888576788 
0.00000000099999999994 0.00000000099999999994 0.00000000099999999994 0.99999999299999997593 0.00000000099999999994 0.00000000099999999994 0.00000000099999999994 0.00000000099999999994 
0.00000000100000000000 0.00000000168046049795 0.00000000100000000000 0.44929277722339161505 0.00000000100000000000 0.10132178910361891444 0.00920426405434951467 0.44018116493817960322 
