0.00000000100000000000 0.10100625920550193593 0.00000000100000000000 0.51449525649206395705 0.00000000100000000000 0.02254292512847231797 0.35784919006748999726 0.00000000100000000000 0.00410636510647177308 
0.00000000099999999919 0.00000000099999999919 0.00000000099999999919 0.00000000099999999919 0.99999999200000011523 0.00000000099999999919 0.00000000099999999919 0.00000000099999999919 0.00000000099999999919 
0.00000000099999999998 0.00153211717445266948 0.00000000099999999998 0.00000000099999999998 0.00000000099999999998 0.00000000099999999998 0.99846787582554741292 0.00000000099999999998 0.00000000099999999998 
0.00000000099999999999 0.00000000099999999999 0.00000000099999999999 0.00000000099999999999 0.00000000099999999999 0.00000000126317401398 0.97871157347966009077 0.00000000099999999999 0.02128841925716593725 
0.00000000942249359325 0.04701611357653277118 0.00908820676816591080 0.56821566333703510399 0.03521570722814792997 0.02533656641118764083 0.30585860231740957804 0.00001400286451777693 0.00925512807450970011 
0.08071830021703009506 0.00000000100000000000 0.00563721208518882036 0.21904077321976961334 0.00149358753891092695 0.00000000100000000000 0.69311007986585315699 0.00000000100000000000 0.00000004407324733100 
0.00000000100000000000 0.00000000100000000000 0.14162520099790368300 0.54281296650749244481 0.00114776298330269738 0.00000000100000000000 0.28494255369743898276 0.00000014916834237627 0.02947136364551981857 
0.00003829900447812763 0.02460468527422885604 0.00105413478512946142 0.40276994715473773967 0.01084887169085983413 0.00000000100000000000 0.53493996396764109669 0.00000000100000000000 0.02574409612292472699 
0.02151314896902573048 0.00000000100000000000 0.00000000100000000000 0.60735096164780022487 0.00704887779372966733 0.00057032310364709456 0.28222325148217425328 0.00000000100000000000 0.08129343400362308569 
0.05176256993662427253 0.01093090835617637271 0.00000000100000000000 0.53074553943211322249 0.02656440119000635577 0.00000000100000000000 0.32393041544733180981 0.00000000100000000000 0.05606616263774807929 
0.00000000099999999998 0.00000000099999999998 0.00000000099999999998 0.99999999200000000421 0.00000000099999999998 0.00000000099999999998 0.00000000099999999998 0.00000000099999999998 0.00000000099999999998 
0.00000000100000000000 0.05357673087611642543 0.00000000100000000000 0.54406488266369423812 0.01075803026369785698 0.00252214626279564837 0.37279257446444119539 0.01370297531988177477 0.00258265814937286547 
0.01861463783379175077 0.00200537564132730788 0.00000000100000000000 0.55071625344006902569 0.00085442301399801205 0.00000000100000000000 0.42779620510127086552 0.00001310196954313205 0.00000000100000000000 
0.00000000099999999998 0.00000000099999999998 0.00000000099999999998 0.00000000099999999998 0.00000000099999999998 0.00000000099999999998 0.99999999199999989319 0.00000000099999999998 0.00000000099999999998 
0.00483516046994725019 0.00000029624114966252 0.02258661997180253303 0.37525814637105664451 0.00000000100000000000 0.01849818426177299649 0.50598316905301587987 0.07283842163125493763 0.00000000100000000000 
0.03509501802388661357 0.00002370184454460842 0.00068719240095271405 0.47123308473906466709 0.01660625960800478709 0.00000000100000000000 0.36696104587483890924 0.10939369550870776948 0.00000000100000000000 
0.00026412385056347225 0.04469645684018631188 0.00000000100000000000 0.55940421511037874414 0.00828644918180623108 0.02388514741373211001 0.32471974207235959620 0.00021897868917510415 0.03852488584179852849 
0.00000089939454535967 0.05639929045531457547 0.02709097291928504528 0.48233096080225296154 0.01047172665681348792 0.03050293855925011177 0.35493727358711479880 0.03617468168170661497 0.00209125594371705609 
0.00000000100000000000 0.06468970105020815931 0.00849319296734601589 0.61635725783389350152 0.00281194070167481132 0.01141872229752807950 0.24366763935441843048 0.04463594328933653127 0.00792560150559446300 
0.00000000099999999999 0.00000000099999999999 0.00000000099999999999 0.98935375195379893221 0.01064085544986738754 0.00000000099999999999 0.00000000099999999999 0.00000000099999999999 0.00000538659633367584 
0.00000000316835953343 0.02162930112151589465 0.02259899904766048129 0.58728639897240442203 0.01029139074828333382 0.03324954738808565124 0.32494435755369077690 0.00000000100000000000 0.00000000100000000000 
0.00000000099999999999 0.00000000099999999999 0.00000000099999999999 0.97308344084126341400 0.00494640168078794729 0.02197015147794876416 0.00000000099999999999 0.00000000099999999999 0.00000000099999999999 
0.02750318334150610167 0.02090106188350507668 0.02381724306387985809 0.53089947953335336894 0.00323862287909488546 0.00000045700083089448 0.32099235374756884820 0.07264759755026099775 0.00000000100000000000 
0.00000000099999999996 0.00000000099999999996 0.00000000099999999996 0.99999999200000000421 0.00000000099999999996 0.00000000099999999996 0.00000000099999999996 0.00000000099999999996 0.00000000099999999996 
0.00045835789026934832 0.02547794514140394248 0.03669613762427688386 0.43163929748632579031 0.01869717919832116632 0.02020460210409105728 0.41564537930905787189 0.05118110024625369819 0.00000000100000000000 
0.00000000100000000000 0.00000000100000000000 0.00000063843483366053 0.49043467259270617786 0.01236148401514999134 0.00006519652862547071 0.39898310086098220939 0.07639644500236217328 0.02175846056534030265 
0.00000000100000000000 0.04490064112644797517 0.08876774896358696765 0.59070404726679548446 0.00789138836248209734 0.00000000100000000000 0.26773595026772711858 0.00000022101296045396 0.00000000100000000000 
0.02343066174708685959 0.05069651093981186740 0.00001271855100717989 0.57461664757644859147 0.01528367472497446297 0.00000000100000000000 0.29858500750746586050 0.00000000100000000000 0.03737477695320509663 
0.03085250842220066750 0.06354521034070625962 0.01738237256954520971 0.48691199733518725212 0.02336234648509261796 0.01405290074484744599 0.33866829709908974344 0.02522436600333067755 0.00000000100000000000 
0.00000000100000000000 0.06759708199891306668 0.00000000100000000000 0.60027662249109836612 0.01510977244241281520 0.01776478190905018267 0.29658360510802228571 0.00000000100000000000 0.00266813305050346344 
0.07939267452448224571 0.02289062735330003873 0.00000000662697870959 0.42251225179171741919 0.00000007694470121016 0.00000000336598712436 0.45175811740775639880 0.02344624098507672172 0.00000000100000000000 
0.00002145590644974360 0.00000000099999999999 0.00988737283694491112 0.46556392860720136051 0.00000001124249710439 0.02292681517811876596 0.48616252464460180116 0.01543788958418617664 0.00000000099999999999 
0.01812597404413618385 0.03061880432673282082 0.00000000100000000000 0.59418869729141476910 0.00200838540266814851 0.01633690837290160611 0.26190131245880998723 0.06967706676138130106 0.00714285034195520294 
0.00000000099999999999 0.00000000099999999999 0.02205114610734447075 0.42471946814022665251 0.20287557680597917420 0.00000000099999999999 0.35035380394644971558 0.00000000099999999999 0.00000000099999999999 
0.00000000100000000000 0.00000000179779836634 0.00033774818490212607 0.21857444745884371806 0.02013955936316400366 0.00000000100000000000 0.67843701907694164976 0.04414958074444851055 0.03836164137390173784 
0.07779516902933834854 0.01820562872053440098 0.00000000100000000000 0.52190614162017445743 0.01341176333414238232 0.00000000100000000000 0.26941796317348182255 0.07659160723421208627 0.02267172488811654285 
0.00000000099999999922 0.00000000099999999922 0.00000000099999999922 0.00000000099999999922 0.99999999200000011523 0.00000000099999999922 0.00000000099999999922 0.00000000099999999922 0.00000000099999999922 
0.00000000100000000000 0.02707677719373554476 0.02991709867973267600 0.41465290603532228841 0.01842510778045411066 0.02352343398610189790 0.43515646359939774701 0.05124451531695762424 0.00000369640829818540 
0.00000000099999999994 0.00000000099999999994 0.00000000099999999994 0.99999999200000011523 0.00000000099999999994 0.00000000099999999994 0.00000000099999999994 0.00000000099999999994 0.00000000099999999994 
0.00008918419854208191 0.00000000099999999998 0.00000000099999999998 0.99988208914797205296 0.00000000099999999998 0.00002872065348599574 0.00000000099999999998 0.00000000099999999998 0.00000000099999999998 
0.00000000100000000000 0.08245899082169670657 0.00697479077603199542 0.59713990547563278177 0.02446720878992336007 0.02114998973830737455 0.26780911139840773982 0.00000000100000000000 0.00000000100000000000 
0.00000000100000000000 0.04877238559151050173 0.01729305181214282547 0.47780806691966409838 0.00930133369741131984 0.01686614572291267669 0.38684105140520025357 0.02182775233889518857 0.02129021151226296454 
0.00000000100000000000 0.01689426342324987229 0.00010313261196830980 0.39957647047805328056 0.01274934869299071752 0.00000000100000000000 0.50596337141869518472 0.05558927078922007436 0.00912414058582232922 
0.00000000100000000000 0.06207869355386275156 0.00260059234986128934 0.53341054848892244244 0.00126907754395040877 0.00136874888869422231 0.39740098445280924722 0.00000010590981511739 0.00187124781208446752 
0.01656301532284711400 0.03161052142128482900 0.07157489478534391492 0.55092924679746813066 0.00921768377426657182 0.00000000100000000000 0.31365604847202144256 0.00644858742676819412 0.00000000100000000000 
0.00000000099999999999 0.00000000099999999999 0.00612922014027724674 0.99387077285972291740 0.00000000099999999999 0.00000000099999999999 0.00000000099999999999 0.00000000099999999999 0.00000000099999999999 
0.00001192097902910968 0.08119488526162327302 0.05914148701935287994 0.43124423642576475979 0.01489942103858047859 0.00000000100000000000 0.41246211718478531516 0.00104593009086422048 0.00000000100000000000 
0.02923157598773419227 0.00932455316987583840 0.04568318251016105502 0.60793660119564441047 0.01280193334047974134 0.00000000100000000000 0.20932923087761293179 0.05296230416451754713 0.03273061775397430317 
0.04231012278693879053 0.03218493697588387797 0.10686031287440249382 0.46373009881534271726 0.01819118321284658724 0.00000000100000000000 0.29250797748919560304 0.04419756607539848670 0.00001780076999154338 
0.00000000099999999999 0.00000000099999999999 0.06240362513848367321 0.12145905338988327582 0.00000000099999999999 0.02543913973188131894 0.79069817673975184569 0.00000000099999999999 0.00000000099999999999 
0.02028031343929171879 0.02829738198489618536 0.00000006048980386841 0.47966450348526645797 0.02238516853403965320 0.03655272945615436336 0.34237704796173856758 0.07044279364880905170 0.00000000100000000000 
0.00000000100000000000 0.08708910502411126853 0.05535733086919593371 0.65520569130783767875 0.01549694461677274954 0.00000000100000000000 0.14570075230529078159 0.02383787949847923290 0.01731229437831222073 
0.00190188109845836409 0.05998606423344854388 0.00000000100000000000 0.41176588974836891843 0.00000000100000000000 0.00000000100000000000 0.51172763963830447675 0.00000000100000000000 0.01461852128141967813 
0.00029665299966009776 0.00016553482028750939 0.08820190390343217446 0.62567161801957316136 0.02527571097454298088 0.00000000100000000000 0.15300906937581060241 0.08536760924221806213 0.02201189966447525057 
0.00000000294496291649 0.00000168805050616309 0.00000000100000000000 0.00000000100000000000 0.00000000100000000000 0.01659191359943523042 0.98315742896162405806 0.00024896244347150077 0.00000000100000000000 
0.14947154968885623116 0.05970494108730852595 0.00000000136661972243 0.60219322119237594926 0.03763428580613503022 0.00000000100000000000 0.14121084353829904678 0.00000000100000000000 0.00978515532040560160 
0.00000000099999999997 0.27057662501587131931 0.00000000099999999997 0.66843782028581821830 0.02367794076325716382 0.00000000099999999997 0.00000000099999999997 0.00000000099999999997 0.03730760893505338793 
0.04456672940930558879 0.00026974362164298532 0.03048215374193189581 0.46177583207156996936 0.01519220965658139334 0.00000000100000000000 0.42556035886117576927 0.02214577366283275103 0.00000719797495953436 
0.01552938550596592512 0.08577006340271900453 0.00000000349577329834 0.47551858244202493964 0.02395691107164450717 0.04050513874863791164 0.35871991333323444140 0.00000000100000000000 0.00000000100000000000 
0.10738900326805100871 0.12429409025116174015 0.00000000100000000000 0.40500346293629602146 0.01860589186751667942 0.00000000100000000000 0.25148979791064768330 0.07296767729799939761 0.02025007446832732816 
0.00119111565217766384 0.07392052389975464766 0.10494513715376441176 0.77598865446685105773 0.01411615868520192489 0.02976079458766234254 0.00007752747857067080 0.00000008707601738525 0.00000000100000000000 
0.06630353898256567680 0.00000000099999999999 0.05253818184058844237 0.69816261950290359195 0.00000000099999999999 0.00000000099999999999 0.18299565467394235396 0.00000000099999999999 0.00000000099999999999 
0.00002649891579396505 0.00700451833139614094 0.06333696455906490108 0.46836846510091301177 0.00869999655539118767 0.00000000296884465505 0.38437586995357519992 0.00798856457245573394 0.06019911904256516899 
0.00000000100000000000 0.04418327423277221278 0.00000000100000000000 0.65523932611993296327 0.01101287657346521585 0.00000000100000000000 0.24085150525497375784 0.04359551950946410209 0.00511749530939166388 
0.01940787463094376455 0.02048590276610761512 0.03840669888223591233 0.33989623683351088967 0.00911368524132285911 0.00000000100000000000 0.52209848374323220010 0.05059111590264664393 0.00000000100000000000 
0.00000000100000000000 0.03547539646734167856 0.00000000100000000000 0.31463919030458908921 0.01298372584824543721 0.02652321572098934044 0.61037846765883441158 0.00000000100000000000 0.00000000100000000000 
0.00000000100000000000 0.00002606372569125395 0.00000000100000000000 0.00000000100000000000 0.01101502456259207188 0.00000000100000000000 0.98895890571171674033 0.00000000100000000000 0.00000000100000000000 
0.06686754340405021146 0.02944970602787909397 0.05127923576804750000 0.54870333472390586671 0.00704849650817463043 0.00000000100000000000 0.23959340189327574255 0.02026097953798866244 0.03679730113667818714 
0.00002320540413005395 0.00133270874861119077 0.05710902102381296835 0.53697808792749601725 0.01607457937197214262 0.00933491772551034611 0.27103602409758636993 0.10811145470088100173 0.00000000100000000000 
0.05727220209839890136 0.03428589720757948406 0.03332386977085740470 0.58110544889693627191 0.00635636766980682017 0.00000217256965776828 0.27561866857646522000 0.01203537221029806099 0.00000000100000000000 
0.05999383352024811877 0.00000000100000000000 0.03215529193331253394 0.48718020718208149278 0.00906542595849765646 0.00000000100000000000 0.31376982733124619829 0.08263226300977374872 0.01520314906484035965 
0.00000000100000000000 0.36303317431508119739 0.00000000100000000000 0.01763898997583625977 0.00056811932429840591 0.00000000100000000000 0.49737895880540283766 0.10163507032378757411 0.01974568425559360477 
0.00000000099999999998 0.00000000099999999998 0.00000000099999999998 0.00000000099999999998 0.00000000099999999998 0.00000000099999999998 0.99999999199999989319 0.00000000099999999998 0.00000000099999999998 
0.00000000099999999999 0.00000000099999999999 0.00000000099999999999 0.00000008146799889371 0.00000000099999999999 0.02729146191152770004 0.97270845062047350815 0.00000000099999999999 0.00000000099999999999 
0.00000000100000000000 0.10176568766411502043 0.00000000100000000000 0.48451982183965175421 0.00771131275125676134 0.04194003344898011854 0.35182204222908375346 0.00000000100000000000 0.01224109906691262482 
0.05066980984548828670 0.00000000100000000000 0.00000000100000000000 0.47215979727717222181 0.01055494041778434582 0.01031216393111160194 0.36586181592981131816 0.05753379852639934483 0.03290767207223273955 
0.00180552241159859933 0.00000539776454019579 0.00336643080044887787 0.55959629973041669082 0.01553912791347553633 0.02843029305109030444 0.33435217602527772529 0.04642601274994797439 0.01047873955320391057 
0.05494384262631271665 0.00000000099999999999 0.05939856417235028080 0.17388243890721005736 0.00000000099999999999 0.00000006921732567613 0.71177508107680120819 0.00000000099999999999 0.00000000099999999999 
0.00000000099999999996 0.00000000099999999996 0.00000000099999999996 0.99999999200000011523 0.00000000099999999996 0.00000000099999999996 0.00000000099999999996 0.00000000099999999996 0.00000000099999999996 
0.00000000100000000000 0.02414361037578988470 0.00000000100000000000 0.59316288318068244312 0.00925638105830953184 0.04569928527349476771 0.26216664180531285000 0.04002425998682924979 0.02554693631958129818 
0.00000000099999999997 0.37379034498881025250 0.00000000099999999997 0.62599266935690989211 0.00000000099999999997 0.00000000099999999997 0.00000000099999999997 0.00000000099999999997 0.00021697965427999413 
0.06265720029507960975 0.02472083140409063115 0.00000003682691448638 0.61982012408221753841 0.00046728847313199756 0.00000000100000000000 0.17861571224775479871 0.11371880467081092736 0.00000000100000000000 
0.00000000100000000000 0.05317142207556009581 0.05104749535712604924 0.40128715044036716852 0.00845177063262312657 0.00000000100000000000 0.48593418615673356076 0.00000000100000000000 0.00010797233759009316 
0.00000000099999999999 0.00000000099999999999 0.00000000099999999999 0.98089241244447022972 0.00000000099999999999 0.00029567752513720141 0.00000000099999999999 0.00000000099999999999 0.01881190403039263367 
0.03507539183608159722 0.08230630375751914196 0.09362698701273949875 0.46140637081084301396 0.00256091899706167078 0.00000000100000000000 0.30763182220241425124 0.00000000100000000000 0.01739220338334103097 
0.00000001286875486242 0.01687075067538670176 0.00000000100000000000 0.36488052506830198629 0.00002216638091614494 0.00619921044900162942 0.60431650422116411914 0.00000000100000000000 0.00771082833647463318 
0.00000000099999999999 0.00000000099999999999 0.00000000099999999999 0.00000000099999999999 0.00000000099999999999 0.00000000099999999999 0.99999999199999989319 0.00000000099999999999 0.00000000099999999999 
0.00000000157018014738 0.01557421461393778545 0.02801635853434022647 0.55631305551121434938 0.01139777829270951018 0.00130294431177045028 0.24128627187806761523 0.12938476386978559063 0.01672461141799445883 
0.00000000100000000000 0.00842214793878375174 0.00912071376471788355 0.38506981900845821398 0.01997069662299745529 0.03021759689410317279 0.53087412729891036989 0.00000000100000000000 0.01632489647202906013 
0.00000000100000000000 0.08117290766343036867 0.01208731832290814781 0.49964569027604294194 0.01326022375802874895 0.03602986250052579720 0.31244679494599592040 0.04535720053306784016 0.00000000100000000000 
0.00000000100000000000 0.00340609509537762511 0.00081336295427793216 0.30884788267102042392 0.00000000100000000000 0.03120949099632627788 0.60972496084564842267 0.04017676721463699085 0.00582143822271246648 
0.00000000099999999999 0.00000000099999999999 0.00000000099999999999 0.00000000099999999999 0.00000000099999999999 0.00000000099999999999 0.99999999200000000421 0.00000000099999999999 0.00000000099999999999 
0.00000000100000000000 0.07193070851099972463 0.08088964047079316710 0.48470408951137922138 0.01693251587820769621 0.01737086233251566164 0.32517322107487833804 0.00000000100000000000 0.00299896022122638026 
0.00000000099999999999 0.00000000099999999999 0.00000000099999999999 0.00000000099999999999 0.01817573198862262526 0.02655761106568316210 0.95526665094569418457 0.00000000099999999999 0.00000000099999999999 
0.06964690116110794360 0.02009911818731438884 0.00000050807902187473 0.62370940320225654041 0.01966588873324465886 0.00000000100000000000 0.21780689831428856618 0.04907128032276619062 0.00000000100000000000 
0.03506566994292631412 0.08094512701876216410 0.08734809793195759398 0.52688205827474565712 0.01133676890950806662 0.00000000100000000000 0.24979337957714867202 0.00005572021977395556 0.00857317712517764383 
0.00000044039458044893 0.00000000100000000000 0.00000000100000000000 0.13329826908599762270 0.02093855161736569298 0.00000000100000000000 0.00000000100000000000 0.84576273390205614078 0.00000000100000000000 
0.01128769133537410423 0.00000000099999999999 0.00000000099999999999 0.00000000099999999999 0.00000000099999999999 0.00000000099999999999 0.00000000099999999999 0.98871230166462586997 0.00000000099999999999 
0.00000000099999999999 0.00000000099999999999 0.00000000099999999999 0.00000000099999999999 0.01041135005906582145 0.00000000099999999999 0.00000000099999999999 0.98958864294093407121 0.00000000099999999999 
0.00000000099999999998 0.00000000099999999998 0.00000000099999999998 0.00000000099999999998 0.00136188820516972269 0.00000000099999999998 0.00000000099999999998 0.99863810479483017257 0.00000000099999999998 
0.05144352638624066082 0.06996146087809952674 0.00435276522452608325 0.11312816540425879586 0.00000000100000000000 0.00008892251899700831 0.01224238162410634830 0.68264848293354007946 0.06613429403023153574 
0.00000000099999999999 0.00000000099999999999 0.00000000099999999999 0.00000000099999999999 0.00000000099999999999 0.00000000099999999999 0.00000000099999999999 0.99999999199999989319 0.00000000099999999999 
0.00000000100000000000 0.04174880158316178480 0.03194290149218883407 0.05278199287908934279 0.00000000100000000000 0.02403725089082937166 0.02058874299357330712 0.76734664756967840837 0.06155366059147877184 
0.00000226234525209544 0.00000000100000000000 0.00000000100000000000 0.00000000100000000000 0.01044011682249080218 0.00000000100000000000 0.01428962457498870672 0.97176237600493953206 0.00350561625232872088 
0.00000000099999999999 0.00000000099999999999 0.00000000099999999999 0.00000000099999999999 0.00000000099999999999 0.00000000099999999999 0.00000000099999999999 0.99999999199999989319 0.00000000099999999999 
0.00000000099999999999 0.00007544933967497734 0.00000000099999999999 0.00000000099999999999 0.00615997457277788190 0.00000000099999999999 0.00000000099999999999 0.93391656275110679353 0.05984800833644033508 
0.00000000100000000000 0.11293722698646116442 0.00000000100000000000 0.07545228972198668449 0.00382972477771248215 0.02135847371438475556 0.00000000100000000000 0.76882735701026760911 0.01759492478918734532 
0.00000000100000000000 0.02635445087121774527 0.00000000100000000000 0.08621687429852901985 0.00000000100000000000 0.00000000100000000000 0.00000000100000000000 0.81278577247176253540 0.07464289735849051477 
0.00000000100000000000 0.05495263042788740143 0.00000000100000000000 0.00000000100000000000 0.00020070314648777869 0.00005031136426224206 0.00000000100000000000 0.89328819691488892119 0.05150815414647366003 
0.04188436409029810265 0.14782649202812059297 0.00000000100000000000 0.00089071603932775877 0.00435549242645952642 0.00000000100000000000 0.00000056885800169594 0.79398801186709933031 0.01105435269069301833 
0.00000000100000000000 0.08163675416569161902 0.00000000100000000000 0.00000000100000000000 0.00000000100000000000 0.00000000100000000000 0.05327414004863951363 0.80960341752650577529 0.05548568325916307387 
0.00000000099999999998 0.00000001021983052604 0.00000000099999999998 0.00000000099999999998 0.00000000099999999998 0.00000000099999999998 0.00000000099999999998 0.99999992107288382392 0.00000006270728579788 
0.00000000100000000000 0.00000000100000000000 0.00000010803263713763 0.00190635383242763329 0.00000000100000000000 0.00000000100000000000 0.00000000100000000000 0.99809353213493512413 0.00000000100000000000 
0.00000000099999999999 0.14057516920639967495 0.00000000099999999999 0.00000000099999999999 0.00000000099999999999 0.00000000099999999999 0.00153707731013919859 0.84341595318589535069 0.01447179529756591719 
0.00000000099999999999 0.05945944805151875262 0.00000000099999999999 0.00000000099999999999 0.00396238132648300042 0.00000000099999999999 0.00000000099999999999 0.91256635080764703094 0.02401181481435133575 
0.06874588074465798337 0.06516640531086288768 0.09551682231291051817 0.05258969172751631893 0.00000000100000000000 0.01816452658037356893 0.18636676056468376439 0.51338027520087103905 0.00006963655812385155 
0.00000000100000000000 0.00000000100000000000 0.00000001108300957715 0.00000008400299112343 0.00110081392909410674 0.02599649669693495507 0.00000000100000000000 0.97290259028797032581 0.00000000100000000000 
0.00000000099999999997 0.00000000099999999997 0.00000000099999999997 0.00000000099999999997 0.00000000099999999997 0.00000000099999999997 0.00000000099999999997 0.99999999199999989319 0.00000000099999999997 
0.00000000100000000000 0.08697021098030112418 0.00000001628088533220 0.00006681018402743430 0.00000000100000000000 0.03485095189425280182 0.00151181180478583959 0.86915812866220631960 0.00744206819354118181 
0.00000000099999999999 0.00000000099999999999 0.00000000099999999999 0.00000000099999999999 0.00000000099999999999 0.01637387291773546860 0.00000000099999999999 0.98362612008226446569 0.00000000099999999999 
0.00000000099999999998 0.00000000099999999998 0.00000000099999999998 0.00000000099999999998 0.00000000099999999998 0.00000000099999999998 0.00000000099999999998 0.99999999050146037849 0.00000000249853955260 
0.00000000100000000000 0.09845011621692041637 0.00001031743815011342 0.00000000108481755410 0.00000010272101215314 0.00000000100000000000 0.00000000100000000000 0.89331017811003043949 0.00822928142906926077 
0.03543045868530568521 0.12140463915029578446 0.00000000100000000000 0.00000000100000000000 0.01284347941604626307 0.00017447790133684490 0.00000000100000000000 0.82673009225573801384 0.00341684959127744672 
0.00000000099999999999 0.00000000099999999999 0.06789203886657700637 0.00000000099999999999 0.00053586991905179790 0.00000000099999999999 0.00000000099999999999 0.90707861738089579084 0.02449346883347544232 
0.00000000099999999997 0.00000000099999999997 0.00000000099999999997 0.00000000099999999997 0.00000018835409159262 0.00000000099999999997 0.00000000099999999997 0.99999980464590842999 0.00000000099999999997 
0.00000000100000000000 0.06535088548712460199 0.00015519602273672778 0.00771146220506056627 0.01174191533292985590 0.00411794365700340285 0.12138879109453143412 0.73050212038641071377 0.05903168481420274089 
0.00000000099999999999 0.00000000099999999999 0.00000000099999999999 0.00000000099999999999 0.00000000099999999999 0.00000000099999999999 0.00000000099999999999 0.95211978968863630879 0.04788020331136375735 
0.00000000099999999997 0.00000000099999999997 0.00000000099999999997 0.00000000099999999997 0.00000000099999999997 0.00000000099999999997 0.00000000099999999997 0.00000000099999999997 0.99999999200000000421 
0.00000000099999999996 0.00000000099999999996 0.00000000099999999996 0.00000000099999999996 0.00000000099999999996 0.00000000099999999996 0.00000000099999999996 0.00000000099999999996 0.99999999200000000421 
0.00000000099999999996 0.00000000099999999996 0.00000000099999999996 0.00000000099999999996 0.00000000099999999996 0.00000000099999999996 0.00000000099999999996 0.00000000099999999996 0.99999999199999989319 
0.00000000099999999997 0.00000000099999999997 0.00000000099999999997 0.00000000099999999997 0.00000000099999999997 0.00000000099999999997 0.00000000099999999997 0.00000000099999999997 0.99999999199999989319 
0.00000000099999999996 0.00000000099999999996 0.00000000099999999996 0.00000000099999999996 0.00000000099999999996 0.00000000099999999996 0.00000000099999999996 0.00000000099999999996 0.99999999200000000421 
0.00000000099999999994 0.00000000099999999994 0.00000000099999999994 0.00000000099999999994 0.00000000099999999994 0.00000000099999999994 0.00000000099999999994 0.00000000099999999994 0.99999999200000000421 
0.00000000099999999995 0.00000000099999999995 0.00000000099999999995 0.00000000099999999995 0.00000000099999999995 0.00000000099999999995 0.00000000099999999995 0.00000000099999999995 0.99999999199999989319 
0.00000000099999999997 0.00000000099999999997 0.00000000099999999997 0.00000000099999999997 0.00000000099999999997 0.00000000099999999997 0.00000000099999999997 0.00000000099999999997 0.99999999199999989319 
0.00000000099999999993 0.00000000099999999993 0.00000000099999999993 0.00000000099999999993 0.00000000099999999993 0.00000000099999999993 0.00000000099999999993 0.00000000099999999993 0.99999999200000000421 
0.00000000099999999993 0.00000000099999999993 0.00000000099999999993 0.00000000099999999993 0.00000000099999999993 0.00000000099999999993 0.00000000099999999993 0.00000000099999999993 0.99999999199999989319 
0.00000000099999999993 0.00000000099999999993 0.00000000099999999993 0.00000000099999999993 0.00000000099999999993 0.00000000099999999993 0.00000000099999999993 0.00000000099999999993 0.99999999200000000421 
0.00000000099999999996 0.00000000099999999996 0.00000000099999999996 0.00000000099999999996 0.00000000099999999996 0.00000000099999999996 0.00000000099999999996 0.00000000099999999996 0.99999999199999989319 
0.00000000099999999996 0.79270688641880859837 0.00000000099999999996 0.00000000099999999996 0.00000000099999999996 0.00000000099999999996 0.00000000099999999996 0.00000000099999999996 0.20729310658119143307 
0.00000000099999999995 0.00000000099999999995 0.00000000099999999995 0.00000000099999999995 0.00000000099999999995 0.00000000099999999995 0.00000000099999999995 0.00000000099999999995 0.99999999199999989319 
0.00000000099999999995 0.00000000099999999995 0.00000000099999999995 0.00000000099999999995 0.00000000099999999995 0.00000000099999999995 0.00000000099999999995 0.00000000099999999995 0.99999999200000000421 
0.00000000099999999995 0.00000000099999999995 0.00000000099999999995 0.00000000099999999995 0.00000000099999999995 0.00000000099999999995 0.00000000099999999995 0.00000000099999999995 0.99999999200000000421 
0.00000000099999999995 0.00000000099999999995 0.00000000099999999995 0.00000000099999999995 0.00000000099999999995 0.00000000099999999995 0.00000000099999999995 0.00000000099999999995 0.99999999200000000421 
0.00000000099999999998 0.00000000099999999998 0.00000000099999999998 0.00000000099999999998 0.00000000099999999998 0.00000000099999999998 0.00000000099999999998 0.00000000099999999998 0.99999999199999989319 
0.00000000099999999995 0.00000000099999999995 0.00000000099999999995 0.00000000099999999995 0.00000000099999999995 0.00000000099999999995 0.00000000099999999995 0.00000000099999999995 0.99999999199999989319 
0.00000000099999999993 0.00000000099999999993 0.00000000099999999993 0.00000000099999999993 0.00000000099999999993 0.00000000099999999993 0.00000000099999999993 0.00000000099999999993 0.99999999199999989319 
0.00000000099999999996 0.00000000099999999996 0.00000000099999999996 0.00000000099999999996 0.00000000099999999996 0.00000000099999999996 0.00000000099999999996 0.00000000099999999996 0.99999999199999989319 
0.00000000099999999999 0.43307423487126084360 0.00000000099999999999 0.00020647183855088393 0.00000000099999999999 0.00000000099999999999 0.01497810904804699160 0.00000000099999999999 0.55174117924214116648 
0.00000000099999999996 0.00000000099999999996 0.00000000099999999996 0.00000000099999999996 0.00000000099999999996 0.00000000099999999996 0.00000000099999999996 0.00000000099999999996 0.99999999200000000421 
0.00000000099999999999 0.39459026599832791593 0.00000000099999999999 0.00000000099999999999 0.00000000099999999999 0.00000000099999999999 0.00000000099999999999 0.00000000099999999999 0.60540972700167194898 
0.00000000099999999995 0.00000000099999999995 0.00000000099999999995 0.00000000099999999995 0.00000000099999999995 0.00000000099999999995 0.00000000099999999995 0.00000000099999999995 0.99999999199999989319 
0.00000000099999999996 0.00000000099999999996 0.00000000099999999996 0.00000000099999999996 0.00000000099999999996 0.00000000099999999996 0.00000000099999999996 0.00000000099999999996 0.99999999200000000421 
0.00000000099999999996 0.00000000099999999996 0.00000000099999999996 0.00000000099999999996 0.00000000099999999996 0.00000000099999999996 0.00000000099999999996 0.00000000099999999996 0.99999999199999989319 
0.00000000099999999994 0.00000000099999999994 0.00000000099999999994 0.00000000099999999994 0.00000000099999999994 0.00000000099999999994 0.00000000099999999994 0.00000000099999999994 0.99999999200000000421 
0.71170958801916373027 0.00000000100000000000 0.06206340927266080360 0.01947445439946329446 0.00000000100000000000 0.20643032231210803329 0.00000000100000000000 0.00032222199660424989 0.00000000100000000000 
0.00000000100000000000 0.01760423477874691750 0.97073264136508774502 0.00000000100000000000 0.00000000100000000000 0.00000058837440076471 0.00000000100000000000 0.00000000100000000000 0.01166253048176480074 
0.06475842671180306875 0.00000000901602993282 0.93523963407773069711 0.00000000100000000000 0.00000192519443633789 0.00000000100000000000 0.00000000100000000000 0.00000000100000000000 0.00000000100000000000 
0.70034878045682669168 0.00000000141927577093 0.06380824174961334527 0.00000000100000000000 0.00000227032095151802 0.23558353017412575481 0.00025717287920683116 0.00000000100000000000 0.00000000100000000000 
0.12412871430597603728 0.00000000100000000000 0.85413335175781501807 0.00201067628510662481 0.01972725265110240531 0.00000000100000000000 0.00000000100000000000 0.00000000100000000000 0.00000000100000000000 
0.07269228727646109833 0.00000000100000000000 0.89433655871126560566 0.03296621276606512968 0.00000000100000000000 0.00000000100000000000 0.00000000100000000000 0.00000493624620831105 0.00000000100000000000 
0.01121870156732075567 0.00000000099999999999 0.98844830554779694598 0.00000000099999999999 0.00033298688488242256 0.00000000099999999999 0.00000000099999999999 0.00000000099999999999 0.00000000099999999999 
0.08215426804852289655 0.00098648763180572089 0.83078703257869268572 0.00000000100000000000 0.00000000100000000000 0.00000004388574561808 0.08498738467693568721 0.00000000100000000000 0.00108478017829759807 
0.00000000099999999999 0.00000000099999999999 0.98020219720110868256 0.00000000099999999999 0.00000000099999999999 0.01979779579889141133 0.00000000099999999999 0.00000000099999999999 0.00000000099999999999 
0.08497600378453230852 0.00000000100000000000 0.91010646758732871575 0.00000000100000000000 0.00000000100000000000 0.00000000100000000000 0.00000000100000000000 0.00005723199655085243 0.00486029163158807880 
0.07339262518516566358 0.00000000099999999999 0.90686154767471160998 0.00000000099999999999 0.00000000099999999999 0.00000000099999999999 0.00000000099999999999 0.01974582114012281633 0.00000000099999999999 
0.05263195688931797400 0.00000000099999999999 0.93175815436320663654 0.00000000099999999999 0.00000000099999999999 0.00000000099999999999 0.00000283274038342950 0.01560705100709193320 0.00000000099999999999 
0.57443859642192796056 0.00000000100000000000 0.34503440623039288715 0.01493769336690524939 0.01244257153287905981 0.03541893808241417668 0.00012100148142551908 0.00421967981423220645 0.01338711206982303933 
0.08128416110710280640 0.00000000099999999999 0.52653394360016525511 0.04800910584655627283 0.00000000099999999999 0.00000000099999999999 0.34381652576477950145 0.00035625968139621207 0.00000000099999999999 
0.00000000099999999999 0.00000000099999999999 0.88894370418879198326 0.04971476066666560140 0.00000000099999999999 0.06134152914454239075 0.00000000099999999999 0.00000000099999999999 0.00000000099999999999 
0.00007394271845702002 0.00000000100000000000 0.92147838386724045812 0.00000000100000000000 0.00700089356462326329 0.07144677484967931758 0.00000000100000000000 0.00000000100000000000 0.00000000100000000000 
0.08234042358167029119 0.00001821753234849732 0.87412615892940215279 0.02978123771153380270 0.00649049176914439328 0.00000000100000000000 0.00000000100000000000 0.00000000100000000000 0.00724346747590083606 
0.11546484783021104814 0.00000000099999999999 0.82868487300355819780 0.00000000099999999999 0.00000000099999999999 0.00000000099999999999 0.00000000099999999999 0.05585027316623094457 0.00000000099999999999 
0.00000000099999999987 0.00000000099999999987 0.00000000099999999987 0.00000000099999999987 0.00000000099999999987 0.99999999200000011523 0.00000000099999999987 0.00000000099999999987 0.00000000099999999987 
0.00000000100000000000 0.00312730204204520737 0.88854562281417037717 0.04757781093262961059 0.00000000100000000000 0.06074424110666058058 0.00000000100000000000 0.00000501910449421139 0.00000000100000000000 
0.69909290653484412736 0.03019989288062570332 0.04173237238763638501 0.00000000100000000000 0.00000000100000000000 0.22430150810600396616 0.00000336162771395088 0.00000000100000000000 0.00466995546317592637 
0.61440179715525267135 0.00000000100000000000 0.10960940684258749234 0.00000000100000000000 0.01194966139964927926 0.22048844616630919324 0.03013182936450479327 0.01341885607169659815 0.00000000100000000000 
0.00000004442721256884 0.02147138665930042878 0.94432041919862141910 0.00000000099999999999 0.00000000099999999999 0.03420814471486567643 0.00000000099999999999 0.00000000099999999999 0.00000000099999999999 
0.00550028503583556688 0.00000000099999999999 0.99449970796416453656 0.00000000099999999999 0.00000000099999999999 0.00000000099999999999 0.00000000099999999999 0.00000000099999999999 0.00000000099999999999 
0.65394707754713232717 0.00000000100000000000 0.03734891852997835465 0.00000000100000000000 0.00855031483175118165 0.21102148054351135831 0.04507784428413138395 0.04405436126349537851 0.00000000100000000000 
0.01423918267034334287 0.00000000099999999999 0.98576081032965678919 0.00000000099999999999 0.00000000099999999999 0.00000000099999999999 0.00000000099999999999 0.00000000099999999999 0.00000000099999999999 
0.00000000099999999999 0.05554690448795757129 0.94304748640268354354 0.00000000099999999999 0.00130617375747717570 0.00009943035188180610 0.00000000099999999999 0.00000000099999999999 0.00000000099999999999 
0.73398550777649440580 0.00000000100000000000 0.00965368136853765255 0.00000017253644200160 0.00917195737158933537 0.19389495167898765371 0.05329372626794912776 0.00000000100000000000 0.00000000100000000000 
0.00982309911674675643 0.00000000100000000000 0.93802403457941263554 0.00070547983345341724 0.00000000100000000000 0.05144111569849128124 0.00000000100000000000 0.00000000100000000000 0.00000626677189605651 
0.16426770927795159016 0.16714096576008699579 0.07336579520541648691 0.29972993317224977394 0.00132484469253606597 0.19870720043213124795 0.06576917954073682737 0.00471935971095946080 0.02497501220793145807 
0.08808170541907915652 0.00000000100000000000 0.87119272261186164741 0.02609521289430958083 0.00469627810131980142 0.00000000100000000000 0.00000064762893370827 0.00000000100000000000 0.00993343034449623886 
0.06484691943531595282 0.00474402842772400808 0.90738374073623073723 0.00327937091473957595 0.01277911831544531820 0.00000000526084939246 0.00000000100000000000 0.00696680506371010529 0.00000001084598482566 
0.04520601961156152371 0.00000000099999999997 0.95479397338843863263 0.00000000099999999997 0.00000000099999999997 0.00000000099999999997 0.00000000099999999997 0.00000000099999999997 0.00000000099999999997 
0.65609038385014106787 0.01721954401310246685 0.19030129478662990983 0.00013256820303604279 0.00000000100000000000 0.13625205580830471175 0.00000000100000000000 0.00000415033878568126 0.00000000100000000000 
0.99999999200000022626 0.00000000099999999998 0.00000000099999999998 0.00000000099999999998 0.00000000099999999998 0.00000000099999999998 0.00000000099999999998 0.00000000099999999998 0.00000000099999999998 
0.00000000099999999999 0.00000003127031418295 0.92488812264781550265 0.00000000099999999999 0.00000000099999999999 0.00000000099999999999 0.07511125487381010990 0.00000000099999999999 0.00000058620806024069 
0.66821919567227150427 0.00000000099999999999 0.10500917901232022234 0.00000000099999999999 0.00000000099999999999 0.22677161931540845696 0.00000000099999999999 0.00000000099999999999 0.00000000099999999999 
