0.00000000099999999995 0.00000000099999999995 0.00000000099999999995 0.99999999100000014352 0.00000000099999999995 0.00000000099999999995 0.00000000099999999995 0.00000000099999999995 0.00000000099999999995 0.00000000099999999995 
0.00000000099999999991 0.00000000099999999991 0.99999999100000014352 0.00000000099999999991 0.00000000099999999991 0.00000000099999999991 0.00000000099999999991 0.00000000099999999991 0.00000000099999999991 0.00000000099999999991 
0.95073730135570821975 0.00000000099999999998 0.00000000099999999998 0.00000000099999999998 0.00000000099999999998 0.00000000099999999998 0.00000000099999999998 0.04926269064429206201 0.00000000099999999998 0.00000000099999999998 
0.00000000099999999993 0.00000000099999999993 0.00000000099999999993 0.99999999100000014352 0.00000000099999999993 0.00000000099999999993 0.00000000099999999993 0.00000000099999999993 0.00000000099999999993 0.00000000099999999993 
0.00000000099999999992 0.00000000099999999992 0.00000000099999999992 0.99999999100000003249 0.00000000099999999992 0.00000000099999999992 0.00000000099999999992 0.00000000099999999992 0.00000000099999999992 0.00000000099999999992 
0.00000000099999999995 0.00000000099999999995 0.00000000099999999995 0.99999999100000014352 0.00000000099999999995 0.00000000099999999995 0.00000000099999999995 0.00000000099999999995 0.00000000099999999995 0.00000000099999999995 
0.00000000099999999992 0.00000000099999999992 0.00000000099999999992 0.00000000099999999992 0.99999999100000003249 0.00000000099999999992 0.00000000099999999992 0.00000000099999999992 0.00000000099999999992 0.00000000099999999992 
0.00000000099999999999 0.00000000099999999999 0.41199850732298975986 0.12350102738432960914 0.46450045829268066244 0.00000000099999999999 0.00000000099999999999 0.00000000099999999999 0.00000000099999999999 0.00000000099999999999 
0.82255340676634303154 0.00000000099999999999 0.00000000099999999999 0.00000000099999999999 0.09077534854270105646 0.00000000099999999999 0.00000000099999999999 0.08667123769095597119 0.00000000099999999999 0.00000000099999999999 
0.00000000099999999991 0.00000000099999999991 0.00000000099999999991 0.99999999100000014352 0.00000000099999999991 0.00000000099999999991 0.00000000099999999991 0.00000000099999999991 0.00000000099999999991 0.00000000099999999991 
0.32978615285673307245 0.00000001574925768107 0.05220237082947373763 0.18662219036858218590 0.03851271030697656778 0.01071365691245953523 0.31542403692862802655 0.00000000100000000000 0.00052515457340053312 0.06621371047448862401 
0.00000000099999999996 0.00000000099999999996 0.00000000099999999996 0.99999999100000014352 0.00000000099999999996 0.00000000099999999996 0.00000000099999999996 0.00000000099999999996 0.00000000099999999996 0.00000000099999999996 
0.00000000099999999993 0.00000000099999999993 0.99999999100000014352 0.00000000099999999993 0.00000000099999999993 0.00000000099999999993 0.00000000099999999993 0.00000000099999999993 0.00000000099999999993 0.00000000099999999993 
0.00366816678989550799 0.11094754521521567325 0.38038626599444064214 0.00000000100000000000 0.18579395675802354293 0.23586331625477635621 0.00000000100000000000 0.00000000100000000000 0.03332478928573378435 0.05001595670191458232 
0.00000000099999999994 0.99999999100000025454 0.00000000099999999994 0.00000000099999999994 0.00000000099999999994 0.00000000099999999994 0.00000000099999999994 0.00000000099999999994 0.00000000099999999994 0.00000000099999999994 
0.99999999100000014352 0.00000000099999999998 0.00000000099999999998 0.00000000099999999998 0.00000000099999999998 0.00000000099999999998 0.00000000099999999998 0.00000000099999999998 0.00000000099999999998 0.00000000099999999998 
0.00000000099999999992 0.00000000099999999992 0.00000000099999999992 0.99999999100000003249 0.00000000099999999992 0.00000000099999999992 0.00000000099999999992 0.00000000099999999992 0.00000000099999999992 0.00000000099999999992 
0.00000000099999999992 0.00000000099999999992 0.00000000099999999992 0.99999999100000014352 0.00000000099999999992 0.00000000099999999992 0.00000000099999999992 0.00000000099999999992 0.00000000099999999992 0.00000000099999999992 
0.00000000099999999995 0.00000000099999999995 0.00000000099999999995 0.99999999100000003249 0.00000000099999999995 0.00000000099999999995 0.00000000099999999995 0.00000000099999999995 0.00000000099999999995 0.00000000099999999995 
0.00000000099999999997 0.00000000099999999997 0.36623021732981048126 0.00000000099999999997 0.63376977467018957846 0.00000000099999999997 0.00000000099999999997 0.00000000099999999997 0.00000000099999999997 0.00000000099999999997 
0.00000000099999999998 0.00000000099999999998 0.53178559897519483979 0.00000000099999999998 0.46821439302480521993 0.00000000099999999998 0.00000000099999999998 0.00000000099999999998 0.00000000099999999998 0.00000000099999999998 
0.00000000099999999991 0.00000000099999999991 0.00000000099999999991 0.00000000099999999991 0.99999999100000014352 0.00000000099999999991 0.00000000099999999991 0.00000000099999999991 0.00000000099999999991 0.00000000099999999991 
0.00000000099999999994 0.00000000099999999994 0.00000000099999999994 0.99999999100000014352 0.00000000099999999994 0.00000000099999999994 0.00000000099999999994 0.00000000099999999994 0.00000000099999999994 0.00000000099999999994 
0.00000000099999999992 0.00000000099999999992 0.00000000099999999992 0.99999999100000003249 0.00000000099999999992 0.00000000099999999992 0.00000000099999999992 0.00000000099999999992 0.00000000099999999992 0.00000000099999999992 
0.00000000099999999993 0.00000000099999999993 0.00000000099999999993 0.99999999100000014352 0.00000000099999999993 0.00000000099999999993 0.00000000099999999993 0.00000000099999999993 0.00000000099999999993 0.00000000099999999993 
0.00000000099999999991 0.00000000099999999991 0.00000000099999999991 0.00000000099999999991 0.99999999100000014352 0.00000000099999999991 0.00000000099999999991 0.00000000099999999991 0.00000000099999999991 0.00000000099999999991 
0.00000000099999999987 0.00000000099999999987 0.00000000099999999987 0.00000000099999999987 0.99999999100000003249 0.00000000099999999987 0.00000000099999999987 0.00000000099999999987 0.00000000099999999987 0.00000000099999999987 
0.00000000099999999993 0.00000000099999999993 0.00000000099999999993 0.99999999100000014352 0.00000000099999999993 0.00000000099999999993 0.00000000099999999993 0.00000000099999999993 0.00000000099999999993 0.00000000099999999993 
0.00000000099999999995 0.00000000099999999995 0.00000000099999999995 0.99999999100000003249 0.00000000099999999995 0.00000000099999999995 0.00000000099999999995 0.00000000099999999995 0.00000000099999999995 0.00000000099999999995 
0.00000000099999999992 0.00000000099999999992 0.00000000099999999992 0.99999999100000003249 0.00000000099999999992 0.00000000099999999992 0.00000000099999999992 0.00000000099999999992 0.00000000099999999992 0.00000000099999999992 
0.00000000099999999991 0.00000000099999999991 0.99999999100000014352 0.00000000099999999991 0.00000000099999999991 0.00000000099999999991 0.00000000099999999991 0.00000000099999999991 0.00000000099999999991 0.00000000099999999991 
0.80859087524731321217 0.00000000099999999999 0.00000000099999999999 0.03814691553113383482 0.10092099071855949177 0.00000000099999999999 0.00112606784689395592 0.00000000099999999999 0.00000000099999999999 0.05121514565609958103 
0.00000000099999999994 0.00000000099999999994 0.00000000099999999994 0.99999999100000003249 0.00000000099999999994 0.00000000099999999994 0.00000000099999999994 0.00000000099999999994 0.00000000099999999994 0.00000000099999999994 
0.00000000099999999996 0.00000000099999999996 0.00000000099999999996 0.99999999100000003249 0.00000000099999999996 0.00000000099999999996 0.00000000099999999996 0.00000000099999999996 0.00000000099999999996 0.00000000099999999996 
0.00000000099999999993 0.00000000099999999993 0.00000000099999999993 0.99999999100000003249 0.00000000099999999993 0.00000000099999999993 0.00000000099999999993 0.00000000099999999993 0.00000000099999999993 0.00000000099999999993 
0.00000000099999999992 0.00000000099999999992 0.00000000099999999992 0.00000000099999999992 0.99999999100000003249 0.00000000099999999992 0.00000000099999999992 0.00000000099999999992 0.00000000099999999992 0.00000000099999999992 
0.00000000099999999993 0.00000000099999999993 0.99999999100000014352 0.00000000099999999993 0.00000000099999999993 0.00000000099999999993 0.00000000099999999993 0.00000000099999999993 0.00000000099999999993 0.00000000099999999993 
0.99999999100000014352 0.00000000099999999997 0.00000000099999999997 0.00000000099999999997 0.00000000099999999997 0.00000000099999999997 0.00000000099999999997 0.00000000099999999997 0.00000000099999999997 0.00000000099999999997 
0.83461351725769039600 0.00000000099999999997 0.00000000099999999997 0.00000000099999999997 0.00000000099999999997 0.00000000099999999997 0.00000000099999999997 0.16538647474230983025 0.00000000099999999997 0.00000000099999999997 
0.00000000099999999996 0.00000000099999999996 0.00000000099999999996 0.99999999100000003249 0.00000000099999999996 0.00000000099999999996 0.00000000099999999996 0.00000000099999999996 0.00000000099999999996 0.00000000099999999996 
0.00000000099999999992 0.00000000099999999992 0.00000000099999999992 0.99999999100000014352 0.00000000099999999992 0.00000000099999999992 0.00000000099999999992 0.00000000099999999992 0.00000000099999999992 0.00000000099999999992 
0.00000000099999999993 0.00000000099999999993 0.00000000099999999993 0.99999999100000014352 0.00000000099999999993 0.00000000099999999993 0.00000000099999999993 0.00000000099999999993 0.00000000099999999993 0.00000000099999999993 
0.00000000099999999992 0.00000000099999999992 0.99999999100000014352 0.00000000099999999992 0.00000000099999999992 0.00000000099999999992 0.00000000099999999992 0.00000000099999999992 0.00000000099999999992 0.00000000099999999992 
0.02098121113292115980 0.04686827970906086438 0.42544907540109111466 0.00000000100000000000 0.33600428063700737980 0.09671123235831204090 0.00000000100000000000 0.00000000100000000000 0.03527074270150181573 0.03871517506010557080 
0.99999999100000014352 0.00000000099999999997 0.00000000099999999997 0.00000000099999999997 0.00000000099999999997 0.00000000099999999997 0.00000000099999999997 0.00000000099999999997 0.00000000099999999997 0.00000000099999999997 
0.99999999100000025454 0.00000000099999999996 0.00000000099999999996 0.00000000099999999996 0.00000000099999999996 0.00000000099999999996 0.00000000099999999996 0.00000000099999999996 0.00000000099999999996 0.00000000099999999996 
0.00000000099999999996 0.00000000099999999996 0.00000000099999999996 0.99999999100000014352 0.00000000099999999996 0.00000000099999999996 0.00000000099999999996 0.00000000099999999996 0.00000000099999999996 0.00000000099999999996 
0.29300935659333099403 0.00000000099999999999 0.00000000099999999999 0.26825337654264436171 0.04683131242376253195 0.02825978132098540957 0.26256938652109002019 0.00000000099999999999 0.00000000099999999999 0.10107678259818683730 
0.00000000099999999998 0.00000000099999999998 0.39537656597856890572 0.00000000099999999998 0.60462312956308295053 0.00000029745834814381 0.00000000099999999998 0.00000000099999999998 0.00000000099999999998 0.00000000099999999998 
0.00000000099999999997 0.00000000099999999997 0.41049316234173938156 0.00000000099999999997 0.58950682965826062265 0.00000000099999999997 0.00000000099999999997 0.00000000099999999997 0.00000000099999999997 0.00000000099999999997 
0.00000000099999999988 0.00000000099999999988 0.00000000099999999988 0.00000000099999999988 0.99999999100000003249 0.00000000099999999988 0.00000000099999999988 0.00000000099999999988 0.00000000099999999988 0.00000000099999999988 
0.99999999100000025454 0.00000000099999999995 0.00000000099999999995 0.00000000099999999995 0.00000000099999999995 0.00000000099999999995 0.00000000099999999995 0.00000000099999999995 0.00000000099999999995 0.00000000099999999995 
0.79926229439656049092 0.00000000099999999998 0.00000000099999999998 0.00000000099999999998 0.00000000099999999998 0.00000000099999999998 0.00000000099999999998 0.20073769760343967983 0.00000000099999999998 0.00000000099999999998 
0.00000000099999999996 0.00000000099999999996 0.00000000099999999996 0.99999999100000003249 0.00000000099999999996 0.00000000099999999996 0.00000000099999999996 0.00000000099999999996 0.00000000099999999996 0.00000000099999999996 
0.00000000099999999995 0.00000000099999999995 0.00000000099999999995 0.99999999100000003249 0.00000000099999999995 0.00000000099999999995 0.00000000099999999995 0.00000000099999999995 0.00000000099999999995 0.00000000099999999995 
0.00000000099999999992 0.00000000099999999992 0.00000000099999999992 0.00000000099999999992 0.99999999100000003249 0.00000000099999999992 0.00000000099999999992 0.00000000099999999992 0.00000000099999999992 0.00000000099999999992 
0.00000000099999999992 0.00000000099999999992 0.99999999100000003249 0.00000000099999999992 0.00000000099999999992 0.00000000099999999992 0.00000000099999999992 0.00000000099999999992 0.00000000099999999992 0.00000000099999999992 
0.00000000099999999997 0.00000000099999999997 0.38961986115535984787 0.00000000099999999997 0.61038013084464015634 0.00000000099999999997 0.00000000099999999997 0.00000000099999999997 0.00000000099999999997 0.00000000099999999997 
0.99999999100000014352 0.00000000099999999995 0.00000000099999999995 0.00000000099999999995 0.00000000099999999995 0.00000000099999999995 0.00000000099999999995 0.00000000099999999995 0.00000000099999999995 0.00000000099999999995 
0.99999999100000025454 0.00000000099999999996 0.00000000099999999996 0.00000000099999999996 0.00000000099999999996 0.00000000099999999996 0.00000000099999999996 0.00000000099999999996 0.00000000099999999996 0.00000000099999999996 
0.00000000099999999994 0.00000000099999999994 0.00000000099999999994 0.99999999100000003249 0.00000000099999999994 0.00000000099999999994 0.00000000099999999994 0.00000000099999999994 0.00000000099999999994 0.00000000099999999994 
0.00000000099999999996 0.00000000099999999996 0.00000000099999999996 0.99999999100000003249 0.00000000099999999996 0.00000000099999999996 0.00000000099999999996 0.00000000099999999996 0.00000000099999999996 0.00000000099999999996 
0.00000000099999999998 0.00000000099999999998 0.50904553930393470207 0.00000000099999999998 0.49095433895195111917 0.00000011474411407919 0.00000000099999999998 0.00000000099999999998 0.00000000099999999998 0.00000000099999999998 
0.00000000099999999991 0.00000000099999999991 0.99999999100000003249 0.00000000099999999991 0.00000000099999999991 0.00000000099999999991 0.00000000099999999991 0.00000000099999999991 0.00000000099999999991 0.00000000099999999991 
0.00000000099999999992 0.00000000099999999992 0.99999999100000014352 0.00000000099999999992 0.00000000099999999992 0.00000000099999999992 0.00000000099999999992 0.00000000099999999992 0.00000000099999999992 0.00000000099999999992 
0.00000000099999999994 0.00000000099999999994 0.00000000099999999994 0.99999999100000014352 0.00000000099999999994 0.00000000099999999994 0.00000000099999999994 0.00000000099999999994 0.00000000099999999994 0.00000000099999999994 
0.00000000099999999992 0.00000000099999999992 0.00000000099999999992 0.99999999100000003249 0.00000000099999999992 0.00000000099999999992 0.00000000099999999992 0.00000000099999999992 0.00000000099999999992 0.00000000099999999992 
0.00000000099999999987 0.00000000099999999987 0.00000000099999999987 0.00000000099999999987 0.99999999100000003249 0.00000000099999999987 0.00000000099999999987 0.00000000099999999987 0.00000000099999999987 0.00000000099999999987 
0.00000000099999999998 0.00000000099999999998 0.40452825220999094613 0.00000000099999999998 0.59547173979000900257 0.00000000099999999998 0.00000000099999999998 0.00000000099999999998 0.00000000099999999998 0.00000000099999999998 
0.77661484952896542300 0.00000000099999999998 0.00000000099999999998 0.05313486028887404872 0.17025028318216056666 0.00000000099999999998 0.00000000099999999998 0.00000000099999999998 0.00000000099999999998 0.00000000099999999998 
0.00000000099999999997 0.00000000099999999997 0.39869303848438736315 0.00000000099999999997 0.60130695351561269657 0.00000000099999999997 0.00000000099999999997 0.00000000099999999997 0.00000000099999999997 0.00000000099999999997 
0.87252893867633907199 0.00000000099999999998 0.00000000099999999998 0.00000000099999999998 0.12747105332366101549 0.00000000099999999998 0.00000000099999999998 0.00000000099999999998 0.00000000099999999998 0.00000000099999999998 
0.99999999100000014352 0.00000000099999999997 0.00000000099999999997 0.00000000099999999997 0.00000000099999999997 0.00000000099999999997 0.00000000099999999997 0.00000000099999999997 0.00000000099999999997 0.00000000099999999997 
0.99999999100000025454 0.00000000099999999997 0.00000000099999999997 0.00000000099999999997 0.00000000099999999997 0.00000000099999999997 0.00000000099999999997 0.00000000099999999997 0.00000000099999999997 0.00000000099999999997 
0.79843998590927001135 0.00000000099999999999 0.12943302227667383142 0.06198765794016022207 0.00000000099999999999 0.00000000099999999999 0.00000001902388927381 0.00000000099999999999 0.01013930985000681059 0.00000000099999999999 
0.04946825961822005208 0.00000000100000000000 0.38340285946558244623 0.00000000100000000000 0.11023826843304411482 0.28227667401235828626 0.04279465883598045778 0.00000000100000000000 0.09780238624308705553 0.03401689039172737378 
0.79138687659163664545 0.00000000099999999998 0.00000000099999999998 0.00000000099999999998 0.00000000099999999998 0.00000000099999999998 0.00000000099999999998 0.20861311540836352529 0.00000000099999999998 0.00000000099999999998 
0.84458887874899368775 0.00000000099999999998 0.00000000099999999998 0.00000000099999999998 0.15541111325100662177 0.00000000099999999998 0.00000000099999999998 0.00000000099999999998 0.00000000099999999998 0.00000000099999999998 
0.00000000099999999993 0.00000000099999999993 0.99999999100000014352 0.00000000099999999993 0.00000000099999999993 0.00000000099999999993 0.00000000099999999993 0.00000000099999999993 0.00000000099999999993 0.00000000099999999993 
0.79730699559886553107 0.00000000099999999999 0.00000000099999999999 0.00000000099999999999 0.00000000099999999999 0.00000000099999999999 0.00000000099999999999 0.12473887653813157950 0.07795412086300294863 0.00000000099999999999 
0.99999999100000025454 0.00000000099999999998 0.00000000099999999998 0.00000000099999999998 0.00000000099999999998 0.00000000099999999998 0.00000000099999999998 0.00000000099999999998 0.00000000099999999998 0.00000000099999999998 
0.99999999100000025454 0.00000000099999999997 0.00000000099999999997 0.00000000099999999997 0.00000000099999999997 0.00000000099999999997 0.00000000099999999997 0.00000000099999999997 0.00000000099999999997 0.00000000099999999997 
0.99999999100000014352 0.00000000099999999998 0.00000000099999999998 0.00000000099999999998 0.00000000099999999998 0.00000000099999999998 0.00000000099999999998 0.00000000099999999998 0.00000000099999999998 0.00000000099999999998 
0.99999999100000014352 0.00000000099999999998 0.00000000099999999998 0.00000000099999999998 0.00000000099999999998 0.00000000099999999998 0.00000000099999999998 0.00000000099999999998 0.00000000099999999998 0.00000000099999999998 
0.34077653112899658483 0.02016603445259625843 0.00000000100000000000 0.51315671096454995581 0.09801684514047800945 0.00000000100000000000 0.00000000100000000000 0.00000000100000000000 0.02413499679168617032 0.00374887752169298337 
0.99999999100000025454 0.00000000099999999996 0.00000000099999999996 0.00000000099999999996 0.00000000099999999996 0.00000000099999999996 0.00000000099999999996 0.00000000099999999996 0.00000000099999999996 0.00000000099999999996 
0.99999999100000014352 0.00000000099999999996 0.00000000099999999996 0.00000000099999999996 0.00000000099999999996 0.00000000099999999996 0.00000000099999999996 0.00000000099999999996 0.00000000099999999996 0.00000000099999999996 
0.62430736374061601701 0.00000000099999999999 0.00000002177329054075 0.06211681886635454786 0.04854601340528713616 0.11595913057054271778 0.14845625753291136206 0.00000000099999999999 0.00000033793656437526 0.00061405417443340972 
0.00000000099999999993 0.00000000099999999993 0.00000000099999999993 0.99999999100000003249 0.00000000099999999993 0.00000000099999999993 0.00000000099999999993 0.00000000099999999993 0.00000000099999999993 0.00000000099999999993 
0.00000000099999999996 0.00000000099999999996 0.00000000099999999996 0.99999999100000003249 0.00000000099999999996 0.00000000099999999996 0.00000000099999999996 0.00000000099999999996 0.00000000099999999996 0.00000000099999999996 
0.00000000099999999990 0.00000000099999999990 0.00000000099999999990 0.00000000099999999990 0.99999999100000003249 0.00000000099999999990 0.00000000099999999990 0.00000000099999999990 0.00000000099999999990 0.00000000099999999990 
0.00000000099999999999 0.00000000099999999999 0.53330953422793836438 0.00000000099999999999 0.35983023783068013302 0.10686022094138157568 0.00000000099999999999 0.00000000099999999999 0.00000000099999999999 0.00000000099999999999 
0.00000000099999999999 0.00000000099999999999 0.47057414602740760268 0.00000000099999999999 0.52942584597259245704 0.00000000099999999999 0.00000000099999999999 0.00000000099999999999 0.00000000099999999999 0.00000000099999999999 
0.99999999100000014352 0.00000000099999999996 0.00000000099999999996 0.00000000099999999996 0.00000000099999999996 0.00000000099999999996 0.00000000099999999996 0.00000000099999999996 0.00000000099999999996 0.00000000099999999996 
0.93568668918768549414 0.00000000099999999998 0.00000000099999999998 0.00000000099999999998 0.00000000099999999998 0.00000000099999999998 0.00000000099999999998 0.06431330281231477375 0.00000000099999999998 0.00000000099999999998 
0.56166061226702879150 0.00000000100000000000 0.11033311574019982748 0.00687887144016316367 0.00000000100000000000 0.11171663347223755036 0.16690546437141950964 0.00000000380483589070 0.03464764876511980396 0.00785764813899560502 
0.26547121008826096711 0.03583483016118094167 0.00009374480784946806 0.13003999788892633971 0.00000000100000000000 0.00000000100000000000 0.38515627483242159679 0.00000000100000000000 0.00992640772662322160 0.17347753149473746359 
0.24262303345184646486 0.00838744636972603430 0.05837022144857668959 0.13877292055536155635 0.00000000100000000000 0.00003075584617383649 0.37361809279853408494 0.00000000100000000000 0.00116680808444640416 0.17703071944533493864 
0.00000000099999999993 0.00000000099999999993 0.00000000099999999993 0.00000000099999999993 0.00000000099999999993 0.00000000099999999993 0.00000000099999999993 0.00000000099999999993 0.00000000099999999993 0.99999999099999992147 
0.00000000099999999993 0.00000000099999999993 0.00000000099999999993 0.00000000099999999993 0.00000000099999999993 0.00000000099999999993 0.00000000099999999993 0.00000000099999999993 0.00000000099999999993 0.99999999099999992147 
0.00000000099999999999 0.00000000099999999999 0.00000000099999999999 0.00000000099999999999 0.00000000099999999999 0.00000000099999999999 0.96794352666868410662 0.03205310949915572694 0.00000000099999999999 0.00000335683216000564 
0.00000000099999999997 0.00000000099999999997 0.00000000099999999997 0.00000000099999999997 0.00000000099999999997 0.00000000099999999997 0.87681139432969013026 0.12318859767030987395 0.00000000099999999997 0.00000000099999999997 
0.00000000099999999994 0.00000000099999999994 0.00000000099999999994 0.00000000099999999994 0.00000000099999999994 0.00000000099999999994 0.00000000099999999994 0.00000000099999999994 0.00000000099999999994 0.99999999100000003249 
0.00000000099999999998 0.00000000099999999998 0.00000000099999999998 0.00000000099999999998 0.00000000099999999998 0.00000000099999999998 0.92678391164196316510 0.07321608035803683912 0.00000000099999999998 0.00000000099999999998 
0.03487916520608242560 0.00000000099999999999 0.00000000099999999999 0.01254556838206403492 0.00000000099999999999 0.00000000099999999999 0.55714747324846380927 0.09286661308117334646 0.00000000099999999999 0.30256117508221641588 
0.00000000099999999994 0.00000000099999999994 0.00000000099999999994 0.00000000099999999994 0.00000000099999999994 0.00000000099999999994 0.00000000099999999994 0.00000000099999999994 0.00000000099999999994 0.99999999100000003249 
0.21003185019590064897 0.04014242895614016787 0.00169039662331450726 0.11757001975309129549 0.02741898325328431460 0.01036207452518488753 0.43926589432085560993 0.00000000100000000000 0.00606696565870464867 0.14745138571352409129 
0.19737198402411310072 0.00000052365176795106 0.00000000099999999999 0.06611620269717241594 0.16163171916577040443 0.00000000099999999999 0.35752821174920612624 0.00000000099999999999 0.00000000099999999999 0.21735135471197009061 
0.00000000099999999994 0.00000000099999999994 0.00000000099999999994 0.00000000099999999994 0.00000000099999999994 0.00000000099999999994 0.00000000099999999994 0.00000000099999999994 0.00000000099999999994 0.99999999100000003249 
0.00000000099999999999 0.05768525889341703794 0.00000000099999999999 0.00000000099999999999 0.00000062895451361795 0.00000000099999999999 0.79902527704665005093 0.00000000099999999999 0.00000000099999999999 0.14328882910541945739 
0.00000000099999999997 0.00000000099999999997 0.00000000099999999997 0.00000000099999999997 0.00000000099999999997 0.00000000099999999997 0.92765151302784054632 0.07234847897215940238 0.00000000099999999997 0.00000000099999999997 
0.00000000099999999997 0.00000000099999999997 0.00000000099999999997 0.00000000099999999997 0.00000000099999999997 0.00000000099999999997 0.79371826177517068590 0.20628173022482937382 0.00000000099999999997 0.00000000099999999997 
0.04176980301000972340 0.00131484337610724279 0.00000000100000000000 0.03740639728434909383 0.07624819889906972459 0.00000336802708605861 0.61459315375956857785 0.00000000100000000000 0.00000000100000000000 0.22866423264380955627 
0.00000000099999999998 0.00000000099999999998 0.00000000099999999998 0.00000000099999999998 0.00000000099999999998 0.00000000099999999998 0.99999999100000003249 0.00000000099999999998 0.00000000099999999998 0.00000000099999999998 
0.04006672241397452039 0.00000000100000000000 0.00000000100000000000 0.00000000100000000000 0.04189114401845291102 0.00616574898196242931 0.57788030293151715355 0.02789663639312419535 0.00000000100000000000 0.30609944126096888528 
0.00000000099999999995 0.00000000099999999995 0.00000000099999999995 0.00000000099999999995 0.00000000099999999995 0.00000000099999999995 0.00000000099999999995 0.00000000099999999995 0.00000000099999999995 0.99999999099999992147 
0.19419888068236773604 0.00000053560129219639 0.05164280113643517772 0.12130369162864973465 0.00000000100000000000 0.03365830133425413984 0.40074148089994454658 0.00000000100000000000 0.01668692123952001186 0.18176738547753645836 
0.30876739107808454099 0.00000000099999999999 0.11320127860434280043 0.04985073545448670540 0.00000000099999999999 0.00000000099999999999 0.38725716255779529806 0.00000000099999999999 0.01153805862700793203 0.12938536967828268009 
0.08107022536946401070 0.00000000100000000000 0.00000000100000000000 0.00000000100000000000 0.02002510957031791716 0.02242240608931890186 0.66322957167696350300 0.05688563902514981452 0.00000000100000000000 0.15636704426878586527 
0.00000000099999999996 0.00000000099999999996 0.00000000099999999996 0.00000000099999999996 0.00000000099999999996 0.00000000099999999996 0.99999999100000003249 0.00000000099999999996 0.00000000099999999996 0.00000000099999999996 
0.00855871806618650408 0.00000000100000000000 0.00000000100000000000 0.00177940342782748583 0.07612071908347078919 0.00000000100000000000 0.62410501748475855077 0.03952086516994601784 0.00000005989569832720 0.24991521387211226846 
0.00000000099999999995 0.00000000099999999995 0.00000000099999999995 0.00000000099999999995 0.00000000099999999995 0.00000000099999999995 0.00000000099999999995 0.00000000099999999995 0.00000000099999999995 0.99999999100000003249 
0.00000000099999999992 0.00000000099999999992 0.00000000099999999992 0.00000000099999999992 0.00000000099999999992 0.00000000099999999992 0.00000000099999999992 0.00000000099999999992 0.00000000099999999992 0.99999999100000003249 
0.00000000099999999998 0.00000000099999999998 0.00000000099999999998 0.00000000099999999998 0.00000000099999999998 0.00000000099999999998 0.92595466119981661990 0.00000000099999999998 0.00000000099999999998 0.07404533080018331492 
0.00000000099999999996 0.00000000099999999996 0.00000000099999999996 0.00000000099999999996 0.00000000099999999996 0.00000000099999999996 0.85461765448543514090 0.14538233751456478005 0.00000000099999999996 0.00000000099999999996 
0.01371163214041601873 0.00000000099999999999 0.00000000099999999999 0.01251541542600801381 0.06487793609220013358 0.00000000099999999999 0.55946407930576103062 0.00000000099999999999 0.00000000099999999999 0.34943093203561492732 
0.00000000099999999993 0.00000000099999999993 0.00000000099999999993 0.00000000099999999993 0.00000000099999999993 0.00000000099999999993 0.00000000099999999993 0.00000000099999999993 0.00000000099999999993 0.99999999100000003249 
0.23937086701592438787 0.00000000100000000000 0.00469964975822700654 0.11211940558828156767 0.00000000100000000000 0.00000000100000000000 0.39411003647509784686 0.02288436007851998508 0.01293540553663757343 0.21388027254731173388 
0.32968881916476827643 0.01585258693776032610 0.02691794041402273061 0.11373548950037248861 0.00000000100000000000 0.00872695837058923285 0.32731678423312499104 0.00000000100000000000 0.00000000100000000000 0.17776141837936196288 
0.00000000099999999993 0.00000000099999999993 0.00000000099999999993 0.00000000099999999993 0.00000000099999999993 0.00000000099999999993 0.00000000099999999993 0.00000000099999999993 0.00000000099999999993 0.99999999099999992147 
0.01400325294080572748 0.00000026322750893061 0.00000000099999999999 0.00000000099999999999 0.00002660623376117062 0.00000000099999999999 0.75216612562528950559 0.11645321123752963577 0.00000000099999999999 0.11735053673510496830 
0.00000000099999999998 0.00000000099999999998 0.00000000099999999998 0.00000000099999999998 0.00000000099999999998 0.00000000099999999998 0.93816674649388298590 0.06183324550611690035 0.00000000099999999998 0.00000000099999999998 
0.00000000099999999997 0.00000000099999999997 0.00000000099999999997 0.00000000099999999997 0.00000000099999999997 0.00000000099999999997 0.96125712129979323795 0.03874287070020675933 0.00000000099999999997 0.00000000099999999997 
0.08759877171995386624 0.00045775711024907440 0.00000000100000000000 0.02798930296863643905 0.00707007971240355276 0.00000000100000000000 0.62413785595264970052 0.03870769079705468907 0.00284322502085905407 0.21119531471819383284 
0.00000000099999999995 0.00000000099999999995 0.00000000099999999995 0.00000000099999999995 0.00000000099999999995 0.00000000099999999995 0.00000000099999999995 0.00000000099999999995 0.00000000099999999995 0.99999999100000003249 
0.00000000099999999998 0.00000000099999999998 0.00000000099999999998 0.00000000099999999998 0.00000000099999999998 0.00000000099999999998 0.97523672872174549386 0.00000000099999999998 0.00000000099999999998 0.02476326327825454851 
0.22734744523897273960 0.00000000100000000000 0.04826453251979924419 0.10070526788027700515 0.00000000100000000000 0.03598684277564804385 0.42691450143300768705 0.00000000100000000000 0.00000000100000000000 0.16078140615229541410 
0.25352369096417742833 0.00000000099999999999 0.08594721121083331861 0.10354672087239863432 0.00000000099999999999 0.00000000099999999999 0.42527479278826246789 0.00000000099999999999 0.00000000099999999999 0.13170757916432812573 
0.00000000099999999995 0.00000000099999999995 0.00000000099999999995 0.00000000099999999995 0.00000000099999999995 0.00000000099999999995 0.00000000099999999995 0.00000000099999999995 0.00000000099999999995 0.99999999099999992147 
0.00000000099999999994 0.00000000099999999994 0.00000000099999999994 0.00000000099999999994 0.00000000099999999994 0.00000000099999999994 0.00000000099999999994 0.00000000099999999994 0.00000000099999999994 0.99999999100000003249 
0.05935574631144596019 0.00000000100000000000 0.00000000100000000000 0.01805781000462445759 0.00000000375890730946 0.04384069442497587343 0.75935260591305442368 0.00000000100000000000 0.00109953048380292246 0.11829360610318913338 
0.00000000099999999992 0.00000000099999999992 0.00000000099999999992 0.00000000099999999992 0.00000000099999999992 0.00000000099999999992 0.00000000099999999992 0.00000000099999999992 0.00000000099999999992 0.99999999099999992147 
0.25110284641235719461 0.00000000100000000000 0.05055206022170793262 0.06422925431161924381 0.03186528513806398399 0.01921780144029986565 0.36899876138752457644 0.00000000100000000000 0.00950623435207837396 0.20452775473634901560 
0.26524761287987780323 0.00375893810119656184 0.00011811655182131840 0.04983823031005172460 0.00371927963132305788 0.03559740531482551845 0.36874095184768251876 0.00000000100000000000 0.00000027947624181006 0.27297918488697975326 
0.32570448167406640394 0.00000000099999999999 0.02628778404661013396 0.04242442753049489867 0.00019036618937628503 0.00000000099999999999 0.43344897300072937618 0.00000000099999999999 0.00000000099999999999 0.17194396355872282323 
0.04572243929293667852 0.00096609690584507251 0.05638186881779170406 0.00000000099999999999 0.00000000099999999999 0.00000000099999999999 0.75253834534054220295 0.00000000099999999999 0.00000000099999999999 0.14439124464288430327 
0.00000000099999999998 0.00000000099999999998 0.00000000099999999998 0.00000000099999999998 0.00000000099999999998 0.00000000099999999998 0.75227244847761476354 0.08092961369909036640 0.00000000099999999998 0.16679793082329474885 
0.00000000099999999997 0.00000000099999999997 0.00000000099999999997 0.00000000099999999997 0.00000000099999999997 0.00000000099999999997 0.87844407171400873402 0.12155592028599122856 0.00000000099999999997 0.00000000099999999997 
0.00000007636564328694 0.00000000099999999999 0.00000000099999999999 0.06345717386633020762 0.00861040550926663213 0.00000000099999999999 0.51724776730881183440 0.12742707700152072769 0.00000000099999999999 0.28325749594842730694 
0.00000000099999999991 0.00000000099999999991 0.00000000099999999991 0.00000000099999999991 0.00000000099999999991 0.00000000099999999991 0.00000000099999999991 0.00000000099999999991 0.00000000099999999991 0.99999999099999992147 
0.22819982048701764610 0.00000000100000000000 0.03196308894512057269 0.11441406969689721373 0.00000000100000000000 0.01891398668347428480 0.43688351218060517134 0.01255626157501649361 0.01239169547637554436 0.14467756295549297207 
0.00000000099999999995 0.00000000099999999995 0.00000000099999999995 0.00000000099999999995 0.00000000099999999995 0.00000000099999999995 0.00000000099999999995 0.00000000099999999995 0.00000000099999999995 0.99999999100000003249 
0.00000000099999999999 0.02186035620591119874 0.00000000099999999999 0.00000000099999999999 0.00000000099999999999 0.02543895852372344418 0.85180547613064072632 0.00000000099999999999 0.00000000099999999999 0.10089520313972459575 
0.00000000099999999999 0.00000000099999999999 0.00000000099999999999 0.00000000099999999999 0.00000000099999999999 0.00000000099999999999 0.74511531722928969756 0.10126234589950430798 0.00000000099999999999 0.15362232987120599814 
0.31085780715729044443 0.03777792901640842499 0.00000000100000000000 0.09566158314846275046 0.00000000100000000000 0.00081166904586664425 0.32897634035279094133 0.00000000100000000000 0.01773528945063009010 0.20817937882855075404 
0.10836061093963353374 0.01858857075158133060 0.00000000100000000000 0.00000000100000000000 0.00000000100000000000 0.00000000100000000000 0.55665168944705079035 0.07225781445690607208 0.00579530900810824433 0.23834600139672010299 
0.33912308262258916702 0.00000000100000000000 0.05022641739834791258 0.06911244117089770933 0.00616866110223170463 0.00029341354788273638 0.36815674973367068512 0.00000000100000000000 0.00698178715466498453 0.15993744526971517828 
0.19888176268540644354 0.00000000100000000000 0.04814117941759503416 0.09902912205353307795 0.05322200921182729250 0.00000306910416869297 0.39890152096982223195 0.00000000100000000000 0.02982124292996114062 0.17200009162768625792 
0.21605033036487061859 0.00000000100000000000 0.00000000100000000000 0.08641242298209025896 0.09111592525423299616 0.00000000100000000000 0.41903257787203729290 0.00000000100000000000 0.01632347042675822563 0.17106526910001051967 
0.00000000099999999994 0.00000000099999999994 0.00000000099999999994 0.00000000099999999994 0.00000000099999999994 0.00000000099999999994 0.00000000099999999994 0.00000000099999999994 0.00000000099999999994 0.99999999099999992147 
0.08343504216607877666 0.00000000099999999998 0.00000000099999999998 0.00000000099999999998 0.00000000099999999998 0.00000000099999999998 0.83898274256097327140 0.00000000099999999998 0.00000000099999999998 0.07758220827294803890 
0.00000000099999999998 0.00000000099999999998 0.00000000099999999998 0.00000000099999999998 0.00000000099999999998 0.00000000099999999998 0.94063917813852893079 0.05936081386147105260 0.00000000099999999998 0.00000000099999999998 
0.01301114217631256335 0.00000000100000000000 0.00000000100000000000 0.00131296231146441848 0.00000000100000000000 0.00000000346979802250 0.59530293913069987077 0.14006817592685918972 0.00543385984976193798 0.24487091413510383986 
0.03090436548555121343 0.02081783286672813163 0.00000000100000000000 0.05391251942288514259 0.00000000100000000000 0.00000000100000000000 0.55759251719922575674 0.08321828814508121230 0.00000000100000000000 0.25355447288052862520 
0.08505887227711469989 0.00000000099999999999 0.00000000099999999999 0.00170372198900012924 0.00000000099999999999 0.00000000099999999999 0.18862888426651600038 0.32340706257164908433 0.00000000099999999999 0.40120145389572020589 
0.26938424576070557626 0.02747770737948559971 0.02700808115628018299 0.11062050904707798615 0.02167167931740388714 0.02403166644555215434 0.33942095502508412563 0.00000000099999999999 0.00000000099999999999 0.18038515386841050270 
0.00000000099999999999 0.00000000099999999999 0.00000000099999999999 0.00000000099999999999 0.00000000099999999999 0.00000000099999999999 0.89134950083458885928 0.02975058789895023217 0.00000000099999999999 0.07889990426646086019 
0.00000000099999999993 0.00000000099999999993 0.00000000099999999993 0.00000000099999999993 0.00000000099999999993 0.00000000099999999993 0.00000000099999999993 0.00000000099999999993 0.00000000099999999993 0.99999999100000003249 
0.28865965265248888505 0.00000000099999999999 0.00000000099999999999 0.13650866864476143836 0.00000000099999999999 0.01360555108583781127 0.39576046183001573064 0.00000000099999999999 0.00000000099999999999 0.16546566078689609047 
0.00000000099999999994 0.00000000099999999994 0.00000000099999999994 0.00000000099999999994 0.00000000099999999994 0.00000000099999999994 0.00000000099999999994 0.00000000099999999994 0.00000000099999999994 0.99999999100000003249 
0.30542531641662046260 0.00058312482070320805 0.00039061434687062994 0.06377653644189805460 0.00000000100000000000 0.00584669927667207188 0.35380199093595543491 0.04676362821340906278 0.02453404167258798826 0.19887804687528293224 
0.00003711176231113136 0.00000000115325168909 0.00000000100000000000 0.01732762934182337927 0.05068667170402411937 0.03602389056659817401 0.78130775986964928759 0.00000000100000000000 0.00001854644050513144 0.11459838716183719243 
0.00000000099999999998 0.00000000099999999998 0.00000000099999999998 0.00000000099999999998 0.00000000099999999998 0.00000000099999999998 0.99991070019786376655 0.00008929180213616994 0.00000000099999999998 0.00000000099999999998 
