0.00000000099999999990 0.00000000099999999990 0.99999999100000003249 0.00000000099999999990 0.00000000099999999990 0.00000000099999999990 0.00000000099999999990 0.00000000099999999990 0.00000000099999999990 0.00000000099999999990 
0.00000000099999999998 0.00000000099999999998 0.00000000099999999998 0.00000000099999999998 0.00000000099999999998 0.00000000099999999998 0.99999999100000003249 0.00000000099999999998 0.00000000099999999998 0.00000000099999999998 
0.00000000099999999998 0.00000000099999999998 0.00000000099999999998 0.00000000099999999998 0.00424647225019065492 0.00000000099999999998 0.00000000099999999998 0.00000000099999999998 0.04982402202326945140 0.94592949872653986354 
0.00000000099999999988 0.00000000099999999988 0.99999999100000003249 0.00000000099999999988 0.00000000099999999988 0.00000000099999999988 0.00000000099999999988 0.00000000099999999988 0.00000000099999999988 0.00000000099999999988 
0.00000000099999999986 0.00000000099999999986 0.00000000099999999986 0.00000000099999999986 0.99999999100000014352 0.00000000099999999986 0.00000000099999999986 0.00000000099999999986 0.00000000099999999986 0.00000000099999999986 
0.00000000099999999990 0.00000000099999999990 0.99999999100000014352 0.00000000099999999990 0.00000000099999999990 0.00000000099999999990 0.00000000099999999990 0.00000000099999999990 0.00000000099999999990 0.00000000099999999990 
0.00000000099999999998 0.00000000099999999998 0.00000000099999999998 0.00000000099999999998 0.00000000099999999998 0.00000000099999999998 0.99999999100000003249 0.00000000099999999998 0.00000000099999999998 0.00000000099999999998 
0.00000000099999999998 0.00000000099999999998 0.00000000099999999998 0.00000000099999999998 0.12392187369152993237 0.00000000099999999998 0.87607811830847004408 0.00000000099999999998 0.00000000099999999998 0.00000000099999999998 
0.00000000099999999998 0.00000000099999999998 0.00000000099999999998 0.00000000099999999998 0.00000000099999999998 0.00000000099999999998 0.00000000099999999998 0.00000000099999999998 0.11478780629998927565 0.88521218570001070081 
0.00000000099999999989 0.00000000099999999989 0.99999999100000014352 0.00000000099999999989 0.00000000099999999989 0.00000000099999999989 0.00000000099999999989 0.00000000099999999989 0.00000000099999999989 0.00000000099999999989 
0.13345851557993052006 0.06768883664700924008 0.10675195877154826374 0.00122339291244262516 0.08047543433809378755 0.18636767620156266534 0.07803281051049437700 0.00097218512722928947 0.00000000100000000000 0.34502918891168926629 
0.00000000099999999996 0.00000000099999999996 0.72026041752142666574 0.00000000099999999996 0.27973957447857328296 0.00000000099999999996 0.00000000099999999996 0.00000000099999999996 0.00000000099999999996 0.00000000099999999996 
0.00000000099999999998 0.00000000099999999998 0.00000000099999999998 0.00000000099999999998 0.00000000099999999998 0.00000000099999999998 0.99999999099999992147 0.00000000099999999998 0.00000000099999999998 0.00000000099999999998 
0.00000000100000000000 0.03830562102471436747 0.00000000100000000000 0.25894368275687124070 0.00226699719602543696 0.04520694309880380485 0.58361139487251523228 0.04502636925852473299 0.00458393730456822020 0.02205505248797684503 
0.00000000099999999996 0.00000000099999999996 0.00000000099999999996 0.99999999100000014352 0.00000000099999999996 0.00000000099999999996 0.00000000099999999996 0.00000000099999999996 0.00000000099999999996 0.00000000099999999996 
0.00000000099999999998 0.00000000099999999998 0.00000000099999999998 0.00000000099999999998 0.00000000099999999998 0.00000000099999999998 0.00000000099999999998 0.00000000099999999998 0.00000000099999999998 0.99999999099999992147 
0.00000000099999999984 0.00000000099999999984 0.00000000099999999984 0.00000000099999999984 0.99999999100000014352 0.00000000099999999984 0.00000000099999999984 0.00000000099999999984 0.00000000099999999984 0.00000000099999999984 
0.00000000099999999985 0.00000000099999999985 0.00000000099999999985 0.00000000099999999985 0.99999999100000014352 0.00000000099999999985 0.00000000099999999985 0.00000000099999999985 0.00000000099999999985 0.00000000099999999985 
0.00000000099999999988 0.00000000099999999988 0.00000000099999999988 0.00000000099999999988 0.99999999100000014352 0.00000000099999999988 0.00000000099999999988 0.00000000099999999988 0.00000000099999999988 0.00000000099999999988 
0.00000000099999999996 0.00000000099999999996 0.00000000099999999996 0.00000000099999999996 0.00000000099999999996 0.00000000099999999996 0.99999999100000003249 0.00000000099999999996 0.00000000099999999996 0.00000000099999999996 
0.00000000099999999997 0.00000000099999999997 0.00000000099999999997 0.00000000099999999997 0.00000000099999999997 0.00000000099999999997 0.99999999100000003249 0.00000000099999999997 0.00000000099999999997 0.00000000099999999997 
0.00000000099999999997 0.00000000099999999997 0.00000000099999999997 0.00000000099999999997 0.00000000099999999997 0.00000000099999999997 0.99999999100000003249 0.00000000099999999997 0.00000000099999999997 0.00000000099999999997 
0.00000000099999999994 0.00000000099999999994 0.49063225403408528003 0.00000000099999999994 0.50936773796591483521 0.00000000099999999994 0.00000000099999999994 0.00000000099999999994 0.00000000099999999994 0.00000000099999999994 
0.00000000099999999983 0.00000000099999999983 0.00000000099999999983 0.00000000099999999983 0.99999999100000003249 0.00000000099999999983 0.00000000099999999983 0.00000000099999999983 0.00000000099999999983 0.00000000099999999983 
0.00000000099999999985 0.00000000099999999985 0.00000000099999999985 0.00000000099999999985 0.99999999100000003249 0.00000000099999999985 0.00000000099999999985 0.00000000099999999985 0.00000000099999999985 0.00000000099999999985 
0.00000000099999999997 0.00000000099999999997 0.00000000099999999997 0.00000000099999999997 0.00000000099999999997 0.00000000099999999997 0.99999999100000003249 0.00000000099999999997 0.00000000099999999997 0.00000000099999999997 
0.00000000099999999995 0.00000000099999999995 0.00000000099999999995 0.00000000099999999995 0.00000000099999999995 0.00000000099999999995 0.99999999099999992147 0.00000000099999999995 0.00000000099999999995 0.00000000099999999995 
0.00000000099999999989 0.00000000099999999989 0.00539998835928935921 0.00000000099999999989 0.99460000364071077250 0.00000000099999999989 0.00000000099999999989 0.00000000099999999989 0.00000000099999999989 0.00000000099999999989 
0.00000000099999999990 0.00000000099999999990 0.99999999100000014352 0.00000000099999999990 0.00000000099999999990 0.00000000099999999990 0.00000000099999999990 0.00000000099999999990 0.00000000099999999990 0.00000000099999999990 
0.00000000099999999984 0.00000000099999999984 0.00000000099999999984 0.00000000099999999984 0.99999999100000003249 0.00000000099999999984 0.00000000099999999984 0.00000000099999999984 0.00000000099999999984 0.00000000099999999984 
0.00000000099999999997 0.00000000099999999997 0.00000000099999999997 0.00000000099999999997 0.00000000099999999997 0.00000000099999999997 0.99999999100000003249 0.00000000099999999997 0.00000000099999999997 0.00000000099999999997 
0.00000000099999999999 0.05541082971806628177 0.00000000099999999999 0.00000000099999999999 0.07095165031685626844 0.00023418262414449801 0.06883276257423713573 0.00000000099999999999 0.00000000099999999999 0.80457056976669583115 
0.00000000099999999988 0.00000000099999999988 0.99999999100000003249 0.00000000099999999988 0.00000000099999999988 0.00000000099999999988 0.00000000099999999988 0.00000000099999999988 0.00000000099999999988 0.00000000099999999988 
0.00000000099999999990 0.00000000099999999990 0.99999999100000003249 0.00000000099999999990 0.00000000099999999990 0.00000000099999999990 0.00000000099999999990 0.00000000099999999990 0.00000000099999999990 0.00000000099999999990 
0.00000000099999999988 0.00000000099999999988 0.99999999100000003249 0.00000000099999999988 0.00000000099999999988 0.00000000099999999988 0.00000000099999999988 0.00000000099999999988 0.00000000099999999988 0.00000000099999999988 
0.00000000099999999998 0.00000000099999999998 0.00000000099999999998 0.00000000099999999998 0.00000000099999999998 0.00000000099999999998 0.99999999099999992147 0.00000000099999999998 0.00000000099999999998 0.00000000099999999998 
0.00000000099999999998 0.00000000099999999998 0.00000000099999999998 0.00000000099999999998 0.00000000099999999998 0.00000000099999999998 0.99999998120445565686 0.00000001079554433820 0.00000000099999999998 0.00000000099999999998 
0.00000000099999999997 0.00000000099999999997 0.00000000099999999997 0.00000000099999999997 0.00000000099999999997 0.00000000099999999997 0.00000000099999999997 0.00000000099999999997 0.00000000099999999997 0.99999999100000003249 
0.00000000099999999997 0.00000000099999999997 0.00000000099999999997 0.00000000099999999997 0.00000000099999999997 0.00000000099999999997 0.00000000099999999997 0.00000000099999999997 0.18044499581551737277 0.81955499618448268695 
0.00000000099999999991 0.00000000099999999991 0.99999999100000003249 0.00000000099999999991 0.00000000099999999991 0.00000000099999999991 0.00000000099999999991 0.00000000099999999991 0.00000000099999999991 0.00000000099999999991 
0.00000000099999999993 0.00000000099999999993 0.43961265271051691572 0.00000000099999999993 0.56038733928948314400 0.00000000099999999993 0.00000000099999999993 0.00000000099999999993 0.00000000099999999993 0.00000000099999999993 
0.00000000099999999991 0.00000000099999999991 0.99999999100000014352 0.00000000099999999991 0.00000000099999999991 0.00000000099999999991 0.00000000099999999991 0.00000000099999999991 0.00000000099999999991 0.00000000099999999991 
0.00000000579278119718 0.00000095455507272313 0.03758627194620908774 0.16141974843420417440 0.00000000099999999999 0.00000000099999999999 0.80099301427173275059 0.00000000099999999999 0.00000000099999999999 0.00000000099999999999 
0.00000000099999999999 0.03649028585254418533 0.00000000099999999999 0.11114116405386841036 0.03632351816088609520 0.00000000099999999999 0.75381066807652963302 0.03985852956837797334 0.00000000099999999999 0.02237583028779383670 
0.00000000099999999997 0.00000000099999999997 0.00000000099999999997 0.00000000099999999997 0.00000000099999999997 0.00000000099999999997 0.00000000099999999997 0.00000000099999999997 0.00000000099999999997 0.99999999100000003249 
0.00000000099999999996 0.00000000099999999996 0.00000000099999999996 0.00000000099999999996 0.00000000099999999996 0.00000000099999999996 0.00000000099999999996 0.00000000099999999996 0.00000000099999999996 0.99999999099999992147 
0.00000000099999999991 0.00000000099999999991 0.99999999100000014352 0.00000000099999999991 0.00000000099999999991 0.00000000099999999991 0.00000000099999999991 0.00000000099999999991 0.00000000099999999991 0.00000000099999999991 
0.08074980165373725483 0.11104955535010758993 0.17792036462782165329 0.00000000100000000000 0.09411072427381689254 0.17751854198946348529 0.05131341822833621058 0.00000000100000000000 0.00000000100000000000 0.30733759087671685961 
0.00000000099999999997 0.00000000099999999997 0.00000000099999999997 0.00000000099999999997 0.00000000099999999997 0.00000000099999999997 0.99999999099999992147 0.00000000099999999997 0.00000000099999999997 0.00000000099999999997 
0.00000000099999999997 0.00000000099999999997 0.00000000099999999997 0.00000000099999999997 0.00000000099999999997 0.00000000099999999997 0.99999999099999992147 0.00000000099999999997 0.00000000099999999997 0.00000000099999999997 
0.00000000099999999995 0.00000000099999999995 0.00000000099999999995 0.00000000099999999995 0.00000000099999999995 0.00000000099999999995 0.99999999100000003249 0.00000000099999999995 0.00000000099999999995 0.00000000099999999995 
0.00000000099999999995 0.00000000099999999995 0.00000000099999999995 0.00000000099999999995 0.00000000099999999995 0.00000000099999999995 0.00000000099999999995 0.00000000099999999995 0.00000000099999999995 0.99999999100000003249 
0.00000123293970580539 0.00000000099999999999 0.00046257362379749692 0.00000000099999999999 0.00000000099999999999 0.00000000099999999999 0.00000000099999999999 0.00000000099999999999 0.21044242820806025041 0.78909375922843638662 
0.00000000099999999991 0.00000000099999999991 0.99999999100000003249 0.00000000099999999991 0.00000000099999999991 0.00000000099999999991 0.00000000099999999991 0.00000000099999999991 0.00000000099999999991 0.00000000099999999991 
0.00000000099999999995 0.00000000099999999995 0.71256018607997972936 0.00000000099999999995 0.28743980592002038588 0.00000000099999999995 0.00000000099999999995 0.00000000099999999995 0.00000000099999999995 0.00000000099999999995 
0.00000000099999999998 0.00000000099999999998 0.00000000099999999998 0.00000000099999999998 0.00000000099999999998 0.00000000099999999998 0.97433772631309822909 0.02566226568690169185 0.00000000099999999998 0.00000000099999999998 
0.00000000099999999998 0.00000000099999999998 0.00000000099999999998 0.00000000099999999998 0.00000000099999999998 0.00000000099999999998 0.99999999099999992147 0.00000000099999999998 0.00000000099999999998 0.00000000099999999998 
0.00000000099999999997 0.00000000099999999997 0.00000000099999999997 0.00000000099999999997 0.00000000099999999997 0.00000000099999999997 0.99999999099999992147 0.00000000099999999997 0.00000000099999999997 0.00000000099999999997 
0.00000000099999999994 0.00000000099999999994 0.00000000099999999994 0.00000000099999999994 0.00000000099999999994 0.00000000099999999994 0.00000000099999999994 0.00000000099999999994 0.00000000099999999994 0.99999999100000003249 
0.00000000099999999996 0.00000000099999999996 0.00000000099999999996 0.00000000099999999996 0.00000000099999999996 0.00000000099999999996 0.00000000099999999996 0.00000000099999999996 0.00000000099999999996 0.99999999099999992147 
0.00000000099999999991 0.00000000099999999991 0.99999999100000014352 0.00000000099999999991 0.00000000099999999991 0.00000000099999999991 0.00000000099999999991 0.00000000099999999991 0.00000000099999999991 0.00000000099999999991 
0.00000000099999999990 0.00000000099999999990 0.99999999100000003249 0.00000000099999999990 0.00000000099999999990 0.00000000099999999990 0.00000000099999999990 0.00000000099999999990 0.00000000099999999990 0.00000000099999999990 
0.00000000099999999998 0.00000000099999999998 0.00000000099999999998 0.00000000099999999998 0.00000000099999999998 0.00000000099999999998 0.99999999099999992147 0.00000000099999999998 0.00000000099999999998 0.00000000099999999998 
0.00000000099999999997 0.00000000099999999997 0.00000000099999999997 0.00000000099999999997 0.00000000099999999997 0.00000000099999999997 0.99999999100000003249 0.00000000099999999997 0.00000000099999999997 0.00000000099999999997 
0.00000000099999999996 0.00000000099999999996 0.00000000099999999996 0.00000000099999999996 0.00000000099999999996 0.00000000099999999996 0.99999999099999992147 0.00000000099999999996 0.00000000099999999996 0.00000000099999999996 
0.00000000099999999988 0.00000000099999999988 0.00000000099999999988 0.00000000099999999988 0.99999999100000003249 0.00000000099999999988 0.00000000099999999988 0.00000000099999999988 0.00000000099999999988 0.00000000099999999988 
0.00000000099999999985 0.00000000099999999985 0.00000000099999999985 0.00000000099999999985 0.99999999100000014352 0.00000000099999999985 0.00000000099999999985 0.00000000099999999985 0.00000000099999999985 0.00000000099999999985 
0.00000000099999999995 0.00000000099999999995 0.00000000099999999995 0.00000000099999999995 0.00000000099999999995 0.00000000099999999995 0.99999999099999992147 0.00000000099999999995 0.00000000099999999995 0.00000000099999999995 
0.00000000099999999998 0.00000000099999999998 0.00000000099999999998 0.00000000099999999998 0.00000000099999999998 0.00000000099999999998 0.99999999099999992147 0.00000000099999999998 0.00000000099999999998 0.00000000099999999998 
0.00000000463439932548 0.00000000099999999999 0.09495626808848826872 0.00000000099999999999 0.00000000099999999999 0.00000000099999999999 0.08483184305518022550 0.00000000099999999999 0.00000000099999999999 0.82021187822193231121 
0.00000000099999999997 0.00000000099999999997 0.00000000099999999997 0.00000000099999999997 0.00000000099999999997 0.00000000099999999997 0.99999999100000003249 0.00000000099999999997 0.00000000099999999997 0.00000000099999999997 
0.00000000099999999997 0.00000000099999999997 0.00000000099999999997 0.00000000099999999997 0.00000000099999999997 0.00000000099999999997 0.00000000099999999997 0.00000000099999999997 0.00000000099999999997 0.99999999099999992147 
0.00000000099999999997 0.00000000099999999997 0.00000000099999999997 0.00000000099999999997 0.00000000099999999997 0.00000000099999999997 0.00000000099999999997 0.00000000099999999997 0.00000000099999999997 0.99999999099999992147 
0.00000000099999999997 0.00000000099999999997 0.00000000099999999997 0.00000000099999999997 0.00000000099999999997 0.00000000099999999997 0.00000000099999999997 0.00000000099999999997 0.00000000099999999997 0.99999999099999992147 
0.00000000099999999999 0.00000000099999999999 0.00000000099999999999 0.00000000099999999999 0.07803058399763891650 0.00000000099999999999 0.00000000099999999999 0.02135248805269941708 0.00000000099999999999 0.90061692094966161459 
0.00000000100000000000 0.02752644007222253275 0.00000000100000000000 0.13264694560896428399 0.03268156609165204923 0.07808755109226800384 0.51545738734687174265 0.10349768625970956482 0.03740507617891671716 0.07269734534939499560 
0.00000000099999999998 0.00000000099999999998 0.00000000099999999998 0.00000000099999999998 0.00000000099999999998 0.00000000099999999998 0.00000000099999999998 0.00000000099999999998 0.22592631843739385822 0.77407367356260614599 
0.00000000099999999998 0.00000000099999999998 0.00000000099999999998 0.00000000099999999998 0.00000000099999999998 0.00000000099999999998 0.00000000099999999998 0.00000000099999999998 0.00000000099999999998 0.99999999100000003249 
0.00000000099999999998 0.00000000099999999998 0.00000000099999999998 0.00000000099999999998 0.00000000099999999998 0.00000000099999999998 0.99999999099999992147 0.00000000099999999998 0.00000000099999999998 0.00000000099999999998 
0.00000000099999999999 0.00000000099999999999 0.00000000099999999999 0.00000000099999999999 0.00000000099999999999 0.00000000099999999999 0.00000000099999999999 0.07315382326765912380 0.13358131278239179784 0.79326485694994897102 
0.00000000099999999998 0.00000000099999999998 0.00000000099999999998 0.00000000099999999998 0.00000000099999999998 0.00000000099999999998 0.00000000099999999998 0.00000000099999999998 0.00000000099999999998 0.99999999100000003249 
0.00000000099999999997 0.00000000099999999997 0.00000000099999999997 0.00000000099999999997 0.00000000099999999997 0.00000000099999999997 0.00000000099999999997 0.00000000099999999997 0.00000000099999999997 0.99999999099999992147 
0.00000000099999999998 0.00000000099999999998 0.00000000099999999998 0.00000000099999999998 0.00000000099999999998 0.00000000099999999998 0.00000000099999999998 0.00000000099999999998 0.00000000099999999998 0.99999999099999992147 
0.00000000099999999998 0.00000000099999999998 0.00000000099999999998 0.00000000099999999998 0.00000000099999999998 0.00000000099999999998 0.00000000099999999998 0.00000000099999999998 0.00000000099999999998 0.99999999100000003249 
0.00000000100000000000 0.00036198630679042538 0.19178604363298309976 0.01791946846133717769 0.31445808258893825915 0.00000000100000000000 0.07709207261712137937 0.02871673535183965134 0.00000000100000000000 0.36966560804099002358 
0.00000000099999999996 0.00000000099999999996 0.00000000099999999996 0.00000000099999999996 0.00000000099999999996 0.00000000099999999996 0.00000000099999999996 0.00000000099999999996 0.00000000099999999996 0.99999999100000003249 
0.00000000099999999996 0.00000000099999999996 0.00000000099999999996 0.00000000099999999996 0.00000000099999999996 0.00000000099999999996 0.00000000099999999996 0.00000000099999999996 0.00000000099999999996 0.99999999100000003249 
0.01522374782069186444 0.00902472886133888659 0.00000000100000000000 0.00000008192180910193 0.06375092299344732594 0.13372660206128531013 0.13883131559489758633 0.01037345013180057500 0.00000000100000000000 0.62906914861472928990 
0.00000000099999999987 0.00000000099999999987 0.99999999100000003249 0.00000000099999999987 0.00000000099999999987 0.00000000099999999987 0.00000000099999999987 0.00000000099999999987 0.00000000099999999987 0.00000000099999999987 
0.00000000099999999996 0.00000000099999999996 0.71253911252572410540 0.00000000099999999996 0.28746087947427589881 0.00000000099999999996 0.00000000099999999996 0.00000000099999999996 0.00000000099999999996 0.00000000099999999996 
0.00000000099999999996 0.00000000099999999996 0.00000000099999999996 0.00000000099999999996 0.00000000099999999996 0.00000000099999999996 0.99999999100000003249 0.00000000099999999996 0.00000000099999999996 0.00000000099999999996 
0.00000000099999999998 0.00000000099999999998 0.00000000099999999998 0.00000000099999999998 0.00000000099999999998 0.00000000099999999998 0.99999999099999992147 0.00000000099999999998 0.00000000099999999998 0.00000000099999999998 
0.00000000099999999998 0.00000000099999999998 0.00000000099999999998 0.00000000099999999998 0.00000000099999999998 0.00000000099999999998 0.99999999100000003249 0.00000000099999999998 0.00000000099999999998 0.00000000099999999998 
0.00000000099999999996 0.00000000099999999996 0.00000000099999999996 0.00000000099999999996 0.00000000099999999996 0.00000000099999999996 0.00000000099999999996 0.00000000099999999996 0.00000000099999999996 0.99999999100000003249 
0.00000000099999999998 0.00000000099999999998 0.00000000099999999998 0.00000000099999999998 0.00000000099999999998 0.00000000099999999998 0.00000000099999999998 0.00000000099999999998 0.06837688352762122390 0.93162310847237883582 
0.05076149801705701070 0.02193588206643861879 0.03272596492189391165 0.02704209240343123655 0.00000000100000000000 0.11396210470520858060 0.13882765955739295727 0.04620156886996844986 0.00218572789446616926 0.56635750056414302378 
0.19957071594915526402 0.17030829118858015203 0.14735126480262702997 0.01501290248503992820 0.00000000100000000000 0.18582411999881615072 0.00000000100000000000 0.00931601958452318336 0.00000000100000000000 0.27261668299125846326 
0.17627324651824360924 0.18135390786884095227 0.10368387489561070591 0.02988425342506688398 0.04442922870810382674 0.19750661290597915087 0.00009666508939788034 0.00340305769655599357 0.00000000100000000000 0.26336915189220100331 
0.00000000099999999993 0.99999999100000025454 0.00000000099999999993 0.00000000099999999993 0.00000000099999999993 0.00000000099999999993 0.00000000099999999993 0.00000000099999999993 0.00000000099999999993 0.00000000099999999993 
0.00000000099999999993 0.99999999100000014352 0.00000000099999999993 0.00000000099999999993 0.00000000099999999993 0.00000000099999999993 0.00000000099999999993 0.00000000099999999993 0.00000000099999999993 0.00000000099999999993 
0.99999999100000014352 0.00000000099999999995 0.00000000099999999995 0.00000000099999999995 0.00000000099999999995 0.00000000099999999995 0.00000000099999999995 0.00000000099999999995 0.00000000099999999995 0.00000000099999999995 
0.99999999100000014352 0.00000000099999999994 0.00000000099999999994 0.00000000099999999994 0.00000000099999999994 0.00000000099999999994 0.00000000099999999994 0.00000000099999999994 0.00000000099999999994 0.00000000099999999994 
0.00000000099999999994 0.99999999100000025454 0.00000000099999999994 0.00000000099999999994 0.00000000099999999994 0.00000000099999999994 0.00000000099999999994 0.00000000099999999994 0.00000000099999999994 0.00000000099999999994 
0.99999999100000025454 0.00000000099999999994 0.00000000099999999994 0.00000000099999999994 0.00000000099999999994 0.00000000099999999994 0.00000000099999999994 0.00000000099999999994 0.00000000099999999994 0.00000000099999999994 
0.39691842888624545571 0.29411492830014041022 0.00000000100000000000 0.00000000100000000000 0.02612508409588772465 0.18846380301088555553 0.00000000100000000000 0.00000000100000000000 0.07188978078333470301 0.02248797092350631605 
0.00000000099999999994 0.99999999100000014352 0.00000000099999999994 0.00000000099999999994 0.00000000099999999994 0.00000000099999999994 0.00000000099999999994 0.00000000099999999994 0.00000000099999999994 0.00000000099999999994 
0.18677308252963703561 0.14924050241016037499 0.09740219847458066182 0.05010145121270306867 0.02466767573263668051 0.25587224882634646006 0.00022909534342068692 0.00745378199729584707 0.00000000100000000000 0.22825996247321905797 
0.13806758485130432579 0.22964428426523514348 0.07460166891409555912 0.00755548359768838228 0.00885389598416034922 0.21868257234368004838 0.10636968097333589223 0.00000000100000000000 0.00000000100000000000 0.21622482707050025286 
0.00000000099999999994 0.99999999100000025454 0.00000000099999999994 0.00000000099999999994 0.00000000099999999994 0.00000000099999999994 0.00000000099999999994 0.00000000099999999994 0.00000000099999999994 0.00000000099999999994 
0.71492360909234664579 0.09738132237737942565 0.00000000099999999999 0.02377888730008911877 0.00000000099999999999 0.16391614554220459987 0.00000003068798039229 0.00000000099999999999 0.00000000099999999999 0.00000000099999999999 
0.99999999100000025454 0.00000000099999999992 0.00000000099999999992 0.00000000099999999992 0.00000000099999999992 0.00000000099999999992 0.00000000099999999992 0.00000000099999999992 0.00000000099999999992 0.00000000099999999992 
0.89333769837542276182 0.00000000099999999995 0.00000000099999999995 0.00000000099999999995 0.00000000099999999995 0.00000000099999999995 0.00000000099999999995 0.00000000099999999995 0.10666229362457753382 0.00000000099999999995 
0.47207690007643193786 0.21099335195009183419 0.05467005104357415546 0.02419302214102672308 0.00000000100000000000 0.16353039016121573290 0.01260334162288825714 0.00001680806464568250 0.00000000100000000000 0.06191613294012573987 
0.99999999100000014352 0.00000000099999999991 0.00000000099999999991 0.00000000099999999991 0.00000000099999999991 0.00000000099999999991 0.00000000099999999991 0.00000000099999999991 0.00000000099999999991 0.00000000099999999991 
0.43970718150337922969 0.28524400039158076536 0.00000000100000000000 0.00000000100000000000 0.00329673296887234447 0.19061905123891020875 0.02531919769350659405 0.00000000100000000000 0.00000000100000000000 0.05581383220375082249 
0.00000000099999999995 0.99999999100000014352 0.00000000099999999995 0.00000000099999999995 0.00000000099999999995 0.00000000099999999995 0.00000000099999999995 0.00000000099999999995 0.00000000099999999995 0.00000000099999999995 
0.14050506241443019850 0.19420153805786033452 0.10195827412481839325 0.02751360645256393025 0.02959431456927375664 0.25705840970101900833 0.01296066014163262808 0.01881016370970708604 0.00000000100000000000 0.21739796982869463715 
0.16448314608245107049 0.14320923231834969958 0.06894509047188292217 0.00000000100000000000 0.00000055642597166222 0.21412395202071962674 0.05608695373400441470 0.01649434409527492443 0.00000000100000000000 0.33665672285134556896 
0.20726560079181652330 0.16540180510872298791 0.00000000100000000000 0.00000000100000000000 0.00000000100000000000 0.47450402155778387270 0.01018542315395604136 0.00000000100000000000 0.05689745877396917145 0.08574568661375138456 
0.99999999100000025454 0.00000000099999999991 0.00000000099999999991 0.00000000099999999991 0.00000000099999999991 0.00000000099999999991 0.00000000099999999991 0.00000000099999999991 0.00000000099999999991 0.00000000099999999991 
0.43573940712407760456 0.23734028836053946976 0.02530720678291297279 0.00000000100000000000 0.00000000100000000000 0.21657193474348029882 0.04626513449009952289 0.00405038946519117437 0.00699957886087176299 0.02772605817282711507 
0.00000000099999999996 0.99999999100000014352 0.00000000099999999996 0.00000000099999999996 0.00000000099999999996 0.00000000099999999996 0.00000000099999999996 0.00000000099999999996 0.00000000099999999996 0.00000000099999999996 
0.00000000099999999993 0.99999999100000014352 0.00000000099999999993 0.00000000099999999993 0.00000000099999999993 0.00000000099999999993 0.00000000099999999993 0.00000000099999999993 0.00000000099999999993 0.00000000099999999993 
0.99999999100000025454 0.00000000099999999994 0.00000000099999999994 0.00000000099999999994 0.00000000099999999994 0.00000000099999999994 0.00000000099999999994 0.00000000099999999994 0.00000000099999999994 0.00000000099999999994 
0.99999999100000025454 0.00000000099999999990 0.00000000099999999990 0.00000000099999999990 0.00000000099999999990 0.00000000099999999990 0.00000000099999999990 0.00000000099999999990 0.00000000099999999990 0.00000000099999999990 
0.47298016691683258950 0.32996133683243455970 0.04465687769151483605 0.00005389620631495887 0.00000000100000000000 0.11310128784499932919 0.00560681673895654237 0.00000000100000000000 0.00000000100000000000 0.03363961476894723746 
0.00000000099999999993 0.99999999100000025454 0.00000000099999999993 0.00000000099999999993 0.00000000099999999993 0.00000000099999999993 0.00000000099999999993 0.00000000099999999993 0.00000000099999999993 0.00000000099999999993 
0.18751602388422711210 0.21585420473503424965 0.07331912920209553153 0.00000000100000000000 0.04240200497583031247 0.21130584717213066193 0.00000000100000000000 0.01253844601004389450 0.01350839135794025883 0.24355595066269794535 
0.12909062323472883516 0.18541332629620380090 0.10206382231740199207 0.02548047033742562376 0.02214466518420011437 0.19174185042826760728 0.00000000113115169800 0.00000000100000000000 0.00000000100000000000 0.34406523907062031009 
0.00000000099999999993 0.99999999100000014352 0.00000000099999999993 0.00000000099999999993 0.00000000099999999993 0.00000000099999999993 0.00000000099999999993 0.00000000099999999993 0.00000000099999999993 0.00000000099999999993 
0.62536870961090063048 0.10182105669980877349 0.00000000100000000000 0.00000000100000000000 0.00000000100000000000 0.19014753188115476878 0.00000000100000000000 0.00000000100000000000 0.08158945704058662152 0.00107323976754936188 
0.99999999100000014352 0.00000000099999999992 0.00000000099999999992 0.00000000099999999992 0.00000000099999999992 0.00000000099999999992 0.00000000099999999992 0.00000000099999999992 0.00000000099999999992 0.00000000099999999992 
0.99999999100000014352 0.00000000099999999989 0.00000000099999999989 0.00000000099999999989 0.00000000099999999989 0.00000000099999999989 0.00000000099999999989 0.00000000099999999989 0.00000000099999999989 0.00000000099999999989 
0.46896532783172184544 0.19512764362198362078 0.00000000100000000000 0.00000021558110208832 0.03124040529361766030 0.18115164864235533404 0.00000000100000000000 0.00249284753755405928 0.00871469111950170551 0.11230721837216371684 
0.00000000099999999994 0.99999999100000025454 0.00000000099999999994 0.00000000099999999994 0.00000000099999999994 0.00000000099999999994 0.00000000099999999994 0.00000000099999999994 0.00000000099999999994 0.00000000099999999994 
0.99999999100000025454 0.00000000099999999993 0.00000000099999999993 0.00000000099999999993 0.00000000099999999993 0.00000000099999999993 0.00000000099999999993 0.00000000099999999993 0.00000000099999999993 0.00000000099999999993 
0.18293521831917775033 0.17212274420142611997 0.00000000897624112715 0.01165757525766290652 0.08978631957069688196 0.25195437690360505956 0.03258528846591974421 0.00001311873414565620 0.00000000100000000000 0.25894534857112472270 
0.19464762631132570547 0.13527689874054538155 0.10374292703044560304 0.00000000099999999999 0.00465910792726572862 0.23091050903174079045 0.06358796450229120545 0.00000000099999999999 0.00000000099999999999 0.26717496345638563904 
0.00000000099999999995 0.99999999100000025454 0.00000000099999999995 0.00000000099999999995 0.00000000099999999995 0.00000000099999999995 0.00000000099999999995 0.00000000099999999995 0.00000000099999999995 0.00000000099999999995 
0.00000000099999999995 0.99999999100000014352 0.00000000099999999995 0.00000000099999999995 0.00000000099999999995 0.00000000099999999995 0.00000000099999999995 0.00000000099999999995 0.00000000099999999995 0.00000000099999999995 
0.67044152096351494752 0.07338692057945596370 0.03286833344117959937 0.00062380042100352760 0.00000000099999999999 0.15265940840708133730 0.00000000099999999999 0.00000000099999999999 0.00000000099999999999 0.07002001218776479630 
0.00000000099999999992 0.99999999100000025454 0.00000000099999999992 0.00000000099999999992 0.00000000099999999992 0.00000000099999999992 0.00000000099999999992 0.00000000099999999992 0.00000000099999999992 0.00000000099999999992 
0.15382709369583219550 0.20644394870722962421 0.09312507222564712916 0.00000000100000000000 0.00000000100000000000 0.21100157892809992544 0.07336180323074407983 0.01008027295909100403 0.00000000100000000000 0.25216022725335607291 
0.15560765694827458083 0.27180323221150781698 0.08320728577070383991 0.01669196186587528635 0.00000000100000000000 0.20615348611352996011 0.00000689835444540167 0.00000511664956082301 0.00000000100000000000 0.26652436008610208562 
0.18566320749181750016 0.17473309440511639035 0.00000000099999999999 0.00000000099999999999 0.05080431008348794408 0.24937491370805983659 0.00000129523273675630 0.00000000099999999999 0.00000000099999999999 0.33942317507878150273 
0.61097494529582963008 0.11624004529955378473 0.00000000099999999999 0.00000000099999999999 0.00000000099999999999 0.19311991964403882327 0.00511875896464215191 0.00000000099999999999 0.00000000099999999999 0.07454632579593584163 
0.72569603286350936600 0.15732054446871246434 0.00000000099999999999 0.00000000099999999999 0.00000000099999999999 0.11698341566777835376 0.00000000099999999999 0.00000000099999999999 0.00000000099999999999 0.00000000099999999999 
0.99999999100000014352 0.00000000099999999992 0.00000000099999999992 0.00000000099999999992 0.00000000099999999992 0.00000000099999999992 0.00000000099999999992 0.00000000099999999992 0.00000000099999999992 0.00000000099999999992 
0.43048120526339833658 0.27517686961968512716 0.08276970247090324750 0.00000000099999999999 0.00000000099999999999 0.10499892549806523478 0.00000000099999999999 0.00000000099999999999 0.10657325605727399620 0.00000003709067413133 
0.00000000099999999991 0.99999999100000025454 0.00000000099999999991 0.00000000099999999991 0.00000000099999999991 0.00000000099999999991 0.00000000099999999991 0.00000000099999999991 0.00000000099999999991 0.00000000099999999991 
0.12126759652095381314 0.16051778536195712710 0.11711361297107251989 0.01076719135241422862 0.00945155090092076634 0.31006541168176132706 0.00002827039447785629 0.01824067550957321135 0.01284522040785610400 0.23970268489901305764 
0.00000000099999999995 0.99999999100000025454 0.00000000099999999995 0.00000000099999999995 0.00000000099999999995 0.00000000099999999995 0.00000000099999999995 0.00000000099999999995 0.00000000099999999995 0.00000000099999999995 
0.99999999100000014352 0.00000000099999999996 0.00000000099999999996 0.00000000099999999996 0.00000000099999999996 0.00000000099999999996 0.00000000099999999996 0.00000000099999999996 0.00000000099999999996 0.00000000099999999996 
0.63869910758649206528 0.14127118111509479048 0.00000000099999999999 0.00000000099999999999 0.00000000099999999999 0.16972189682481722550 0.00000000099999999999 0.00000000099999999999 0.05030780847359610924 0.00000000099999999999 
0.10602168091421824980 0.21279924454993301430 0.10392823606553715232 0.03521642715136411722 0.00000481989555683590 0.21443590599245845874 0.00000000100000000000 0.01679551995140039777 0.00000000100000000000 0.31079816347953181932 
0.43602555033041467958 0.23211533342162957161 0.00000000100000000000 0.02721535302965672268 0.00000000100000000000 0.13672621846918708854 0.00000000100000000000 0.00701409046967601136 0.03894061067707814405 0.12196284060235781932 
0.17277313193255541823 0.16157419837902703419 0.09691420046588350434 0.00000000100000000000 0.00000000100000000000 0.18530330965710462010 0.04152354385431400452 0.00446486320774553292 0.00000000100000000000 0.33744674950336994712 
0.14233781108390164416 0.17825633651583291939 0.09552879537877194405 0.00000000100000000000 0.01530411515343661766 0.24932675163801021334 0.08417035147294862907 0.02944816760191562924 0.00000000100000000000 0.20562766915518229660 
0.13807946904189130621 0.17943418669127597642 0.08850313614508706350 0.00000000100000000000 0.00838021184920600785 0.28084187583931946586 0.06244400772344369660 0.01708944940267523999 0.00000000100000000000 0.22522766130710134003 
0.00000000099999999994 0.99999999100000014352 0.00000000099999999994 0.00000000099999999994 0.00000000099999999994 0.00000000099999999994 0.00000000099999999994 0.00000000099999999994 0.00000000099999999994 0.00000000099999999994 
0.99999999100000025454 0.00000000099999999995 0.00000000099999999995 0.00000000099999999995 0.00000000099999999995 0.00000000099999999995 0.00000000099999999995 0.00000000099999999995 0.00000000099999999995 0.00000000099999999995 
0.99999999100000025454 0.00000000099999999992 0.00000000099999999992 0.00000000099999999992 0.00000000099999999992 0.00000000099999999992 0.00000000099999999992 0.00000000099999999992 0.00000000099999999992 0.00000000099999999992 
0.52587178457883643201 0.21915746203759367550 0.02452018661862046672 0.00000000100000000000 0.00000000100000000000 0.09272935644791176213 0.00000000100000000000 0.00927766769516583101 0.12167045741947919713 0.00677308220239288428 
0.42696704263932039325 0.24586434378888280539 0.00000000100000000000 0.00000000100000000000 0.04935570257141692202 0.17040818288136522218 0.00000000100000000000 0.00000000100000000000 0.06264563086712143791 0.04475909325189317972 
0.16907785843101089118 0.38722929978153153296 0.00000000099999999999 0.00000000099999999999 0.01069191864316532473 0.03487066565671591983 0.00000000099999999999 0.00000000099999999999 0.33296654817782816993 0.06516370530974821551 
0.12124506404838836238 0.18564854157500573772 0.12610436128238780573 0.03345252401177092882 0.00000000099999999999 0.20933764784960703920 0.05642569311666090215 0.00000000099999999999 0.00000000099999999999 0.26778616511617908680 
0.99999999100000014352 0.00000000099999999993 0.00000000099999999993 0.00000000099999999993 0.00000000099999999993 0.00000000099999999993 0.00000000099999999993 0.00000000099999999993 0.00000000099999999993 0.00000000099999999993 
0.00000000099999999993 0.99999999100000014352 0.00000000099999999993 0.00000000099999999993 0.00000000099999999993 0.00000000099999999993 0.00000000099999999993 0.00000000099999999993 0.00000000099999999993 0.00000000099999999993 
0.18123682769245560986 0.16786887872724817750 0.07638247079748908264 0.00000000099999999999 0.06020161986208346500 0.21124988433141719812 0.00000000099999999999 0.00000000099999999999 0.00000000099999999999 0.30306031458930660083 
0.00000000099999999994 0.99999999100000025454 0.00000000099999999994 0.00000000099999999994 0.00000000099999999994 0.00000000099999999994 0.00000000099999999994 0.00000000099999999994 0.00000000099999999994 0.00000000099999999994 
0.18443137531823045050 0.19443003729259855650 0.00000005254029958409 0.00000000100000000000 0.04899396745889574717 0.18702714427889555182 0.00000000100000000000 0.02455745962279031608 0.03849139237011714454 0.32206856911817266509 
0.60189702629755237329 0.06815258950664403181 0.05203326873160122462 0.00000000100000000000 0.00000000100000000000 0.24153399239839118406 0.03425375279639979870 0.00201074908561444353 0.00000000100000000000 0.00011861818379712983 
0.99999999100000014352 0.00000000099999999989 0.00000000099999999989 0.00000000099999999989 0.00000000099999999989 0.00000000099999999989 0.00000000099999999989 0.00000000099999999989 0.00000000099999999989 0.00000000099999999989 
