0.00000000099999999995 0.00000000099999999995 0.00000000099999999995 0.00000000099999999995 0.00000000099999999995 0.60784617598772405778 0.00000000099999999995 0.39215381601227600195 0.00000000099999999995 0.00000000099999999995 
0.00000000099999999997 0.00000000099999999997 0.00000000099999999997 0.00000000099999999997 0.00000000099999999997 0.00000000099999999997 0.99999999099999992147 0.00000000099999999997 0.00000000099999999997 0.00000000099999999997 
0.99998468715886512648 0.00000000099999999998 0.00000000099999999998 0.00001530484113508876 0.00000000099999999998 0.00000000099999999998 0.00000000099999999998 0.00000000099999999998 0.00000000099999999998 0.00000000099999999998 
0.00000000099999999986 0.00000000099999999986 0.00000000099999999986 0.00000000099999999986 0.00000000099999999986 0.99999999100000003249 0.00000000099999999986 0.00000000099999999986 0.00000000099999999986 0.00000000099999999986 
0.00000000099999999987 0.00000000099999999987 0.00000000099999999987 0.00000000099999999987 0.00000000099999999987 0.00000000099999999987 0.00000000099999999987 0.99999999100000003249 0.00000000099999999987 0.00000000099999999987 
0.00000000099999999989 0.00000000099999999989 0.00000000099999999989 0.00000000099999999989 0.00000000099999999989 0.99999999100000003249 0.00000000099999999989 0.00000000099999999989 0.00000000099999999989 0.00000000099999999989 
0.00000000099999999998 0.00000000099999999998 0.00000000099999999998 0.00000000099999999998 0.00000000099999999998 0.00000000099999999998 0.99999999099999992147 0.00000000099999999998 0.00000000099999999998 0.00000000099999999998 
0.00000000099999999998 0.00000000099999999998 0.00000000099999999998 0.00000000099999999998 0.00000000099999999998 0.00000000099999999998 0.87862675966687242557 0.12137323233312757864 0.00000000099999999998 0.00000000099999999998 
0.90046089796798745031 0.00000000099999999999 0.00000000099999999999 0.09953753118181059290 0.00000000099999999999 0.00000000099999999999 0.00000156385020204031 0.00000000099999999999 0.00000000099999999999 0.00000000099999999999 
0.00000000099999999985 0.00000000099999999985 0.00000000099999999985 0.00000000099999999985 0.00000000099999999985 0.00000000099999999985 0.00000000099999999985 0.99999999099999992147 0.00000000099999999985 0.00000000099999999985 
0.33357518670169328256 0.18556936922817438007 0.05786242988042226282 0.00000000100000000000 0.13124871732975798566 0.21464107541873533869 0.05056416175934106555 0.00002758892752221308 0.00000183011005384722 0.02650963964429974701 
0.00000000099999999990 0.00000000099999999990 0.00000000099999999990 0.00000000099999999990 0.00000000099999999990 0.99999999100000003249 0.00000000099999999990 0.00000000099999999990 0.00000000099999999990 0.00000000099999999990 
0.00000000099999999999 0.01351359258486051207 0.00000000099999999999 0.00000000099999999999 0.00000000099999999999 0.04038449630727426048 0.81719775285163365197 0.00000000099999999999 0.00000000099999999999 0.12890415225623161333 
0.00309442629648823582 0.04168089871901575760 0.03351741209659975240 0.06384249795907434577 0.00000000100000000000 0.01371518497268381723 0.51634376991672337187 0.00000000100000000000 0.03223547161377415815 0.29557033642564073395 
0.00000000099999999998 0.00000000099999999998 0.00000000099999999998 0.68137473185754793281 0.00000000099999999998 0.00000000099999999998 0.17413564138694592742 0.00000000099999999998 0.00000000099999999998 0.14448961975550617121 
0.99999999100000014352 0.00000000099999999998 0.00000000099999999998 0.00000000099999999998 0.00000000099999999998 0.00000000099999999998 0.00000000099999999998 0.00000000099999999998 0.00000000099999999998 0.00000000099999999998 
0.00000000099999999986 0.00000000099999999986 0.00000000099999999986 0.00000000099999999986 0.00000000099999999986 0.00000000099999999986 0.00000000099999999986 0.99999999100000003249 0.00000000099999999986 0.00000000099999999986 
0.00000000099999999987 0.00000000099999999987 0.00000000099999999987 0.00000000099999999987 0.00000000099999999987 0.00000000099999999987 0.00000000099999999987 0.99999999099999992147 0.00000000099999999987 0.00000000099999999987 
0.00000000099999999990 0.00000000099999999990 0.00000000099999999990 0.00000000099999999990 0.00000000099999999990 0.00000000099999999990 0.00000000099999999990 0.99999999100000003249 0.00000000099999999990 0.00000000099999999990 
0.00000000099999999996 0.00000000099999999996 0.00000000099999999996 0.00000000099999999996 0.00000000099999999996 0.00000000099999999996 0.99999999099999992147 0.00000000099999999996 0.00000000099999999996 0.00000000099999999996 
0.00000000099999999997 0.00000000099999999997 0.00000000099999999997 0.00000000099999999997 0.00000000099999999997 0.00000000099999999997 0.99999999099999992147 0.00000000099999999997 0.00000000099999999997 0.00000000099999999997 
0.00000000099999999996 0.00000000099999999996 0.00000000099999999996 0.00000000099999999996 0.00000000099999999996 0.00000000099999999996 0.99999999100000003249 0.00000000099999999996 0.00000000099999999996 0.00000000099999999996 
0.00000000099999999994 0.00000000099999999994 0.00000000099999999994 0.00000000099999999994 0.00000000099999999994 0.61026529617933367167 0.00000000099999999994 0.38973469582066644357 0.00000000099999999994 0.00000000099999999994 
0.00000000099999999985 0.00000000099999999985 0.00000000099999999985 0.00000000099999999985 0.00000000099999999985 0.00000000099999999985 0.00000000099999999985 0.99999999100000003249 0.00000000099999999985 0.00000000099999999985 
0.00000000099999999987 0.00000000099999999987 0.00000000099999999987 0.00000000099999999987 0.00000000099999999987 0.00000000099999999987 0.00000000099999999987 0.99999999099999992147 0.00000000099999999987 0.00000000099999999987 
0.00000000099999999997 0.00000000099999999997 0.00000000099999999997 0.00000000099999999997 0.00000000099999999997 0.00000000099999999997 0.99999999099999992147 0.00000000099999999997 0.00000000099999999997 0.00000000099999999997 
0.00000000099999999994 0.00000000099999999994 0.00000000099999999994 0.00000000099999999994 0.00000000099999999994 0.00000000099999999994 0.99999999099999992147 0.00000000099999999994 0.00000000099999999994 0.00000000099999999994 
0.00000000099999999989 0.00000000099999999989 0.00000000099999999989 0.00000000099999999989 0.00000000099999999989 0.00000000099999999989 0.00000000099999999989 0.99999999099999992147 0.00000000099999999989 0.00000000099999999989 
0.00000000099999999995 0.00000000099999999995 0.00000000099999999995 0.00000000099999999995 0.00000000099999999995 0.64693779177853516504 0.00000000099999999995 0.35306220022146483917 0.00000000099999999995 0.00000000099999999995 
0.00000000099999999986 0.00000000099999999986 0.00000000099999999986 0.00000000099999999986 0.00000000099999999986 0.00000000099999999986 0.00000000099999999986 0.99999999100000003249 0.00000000099999999986 0.00000000099999999986 
0.00000000099999999997 0.00000000099999999997 0.00000000099999999997 0.00000000099999999997 0.00000000099999999997 0.00000000099999999997 0.99999999100000003249 0.00000000099999999997 0.00000000099999999997 0.00000000099999999997 
0.80314344232264334167 0.00215436382471051761 0.05957219145478392930 0.00000000100000000000 0.00001324736164263580 0.00013141440661215101 0.05621504646577851760 0.05306915039700609710 0.00000000100000000000 0.02570114176682303589 
0.00000000099999999986 0.00000000099999999986 0.00000000099999999986 0.00000000099999999986 0.00000000099999999986 0.99999999100000003249 0.00000000099999999986 0.00000000099999999986 0.00000000099999999986 0.00000000099999999986 
0.00000000099999999989 0.00000000099999999989 0.00000000099999999989 0.00000000099999999989 0.00000000099999999989 0.99999999100000014352 0.00000000099999999989 0.00000000099999999989 0.00000000099999999989 0.00000000099999999989 
0.00000000099999999986 0.00000000099999999986 0.00000000099999999986 0.00000000099999999986 0.00000000099999999986 0.99999999100000014352 0.00000000099999999986 0.00000000099999999986 0.00000000099999999986 0.00000000099999999986 
0.00000000099999999998 0.00000000099999999998 0.00000000099999999998 0.00000000099999999998 0.00000000099999999998 0.00000000099999999998 0.99999999100000003249 0.00000000099999999998 0.00000000099999999998 0.00000000099999999998 
0.00000000099999999999 0.00000000099999999999 0.00000000099999999999 0.00000000099999999999 0.00000000099999999999 0.00000000099999999999 0.83054478217604321699 0.00000000099999999999 0.00004803321806695699 0.16940717760588985819 
0.99999999100000025454 0.00000000099999999997 0.00000000099999999997 0.00000000099999999997 0.00000000099999999997 0.00000000099999999997 0.00000000099999999997 0.00000000099999999997 0.00000000099999999997 0.00000000099999999997 
0.85757501823538417884 0.00000000099999999998 0.00000000099999999998 0.14242497376461604741 0.00000000099999999998 0.00000000099999999998 0.00000000099999999998 0.00000000099999999998 0.00000000099999999998 0.00000000099999999998 
0.00000000099999999990 0.00000000099999999990 0.00000000099999999990 0.00000000099999999990 0.00000000099999999990 0.99999999100000014352 0.00000000099999999990 0.00000000099999999990 0.00000000099999999990 0.00000000099999999990 
0.00000000099999999988 0.00000000099999999988 0.00000000099999999988 0.00000000099999999988 0.00000000099999999988 0.00000000099999999988 0.00000000099999999988 0.99999999099999992147 0.00000000099999999988 0.00000000099999999988 
0.00000000099999999989 0.00000000099999999989 0.00000000099999999989 0.00000000099999999989 0.00000000099999999989 0.00000000099999999989 0.00000000099999999989 0.99999999100000003249 0.00000000099999999989 0.00000000099999999989 
0.00000000100000000000 0.00000000100000000000 0.00000000100000000000 0.00000000100000000000 0.00001055195817047877 0.02930709043646974668 0.75599382685444860286 0.00000000203596179363 0.00000000100000000000 0.21468852371494925868 
0.03157011380908516379 0.00000000100000000000 0.02850453411798102923 0.00000000100000000000 0.00000000100000000000 0.00000002613683067758 0.72856744063441292170 0.00125370304053148670 0.02841998257401663966 0.18168419668714222426 
0.99999999100000014352 0.00000000099999999997 0.00000000099999999997 0.00000000099999999997 0.00000000099999999997 0.00000000099999999997 0.00000000099999999997 0.00000000099999999997 0.00000000099999999997 0.00000000099999999997 
0.99999999100000014352 0.00000000099999999997 0.00000000099999999997 0.00000000099999999997 0.00000000099999999997 0.00000000099999999997 0.00000000099999999997 0.00000000099999999997 0.00000000099999999997 0.00000000099999999997 
0.00000000099999999990 0.00000000099999999990 0.00000000099999999990 0.00000000099999999990 0.00000000099999999990 0.99999999100000003249 0.00000000099999999990 0.00000000099999999990 0.00000000099999999990 0.00000000099999999990 
0.29444607610899264927 0.18203432338232930499 0.10684119894218629954 0.00000000100000000000 0.07709186110307685025 0.19749064097947319207 0.02853738554600868116 0.08803094910765239811 0.00000000100000000000 0.02552756283028048342 
0.00000000099999999998 0.00000000099999999998 0.00000000099999999998 0.00000000099999999998 0.00000000099999999998 0.00000000099999999998 0.82402497709841604490 0.00000000099999999998 0.00000000099999999998 0.17597501490158390380 
0.00000000099999999997 0.00000000099999999997 0.00000000099999999997 0.00000000099999999997 0.00000000099999999997 0.00000000099999999997 0.99999999099999992147 0.00000000099999999997 0.00000000099999999997 0.00000000099999999997 
0.00000000099999999995 0.00000000099999999995 0.00000000099999999995 0.00000000099999999995 0.00000000099999999995 0.00000000099999999995 0.99999999100000003249 0.00000000099999999995 0.00000000099999999995 0.00000000099999999995 
0.99999999100000025454 0.00000000099999999995 0.00000000099999999995 0.00000000099999999995 0.00000000099999999995 0.00000000099999999995 0.00000000099999999995 0.00000000099999999995 0.00000000099999999995 0.00000000099999999995 
0.73362503478553009462 0.00000000099999999999 0.00000000099999999999 0.20165894506982803835 0.05269043709893349303 0.00000000289479494525 0.00000000099999999999 0.00003546289089718458 0.01199011326001613552 0.00000000099999999999 
0.00000000099999999990 0.00000000099999999990 0.00000000099999999990 0.00000000099999999990 0.00000000099999999990 0.99999999100000003249 0.00000000099999999990 0.00000000099999999990 0.00000000099999999990 0.00000000099999999990 
0.00000000099999999994 0.00000000099999999994 0.00000000099999999994 0.00000000099999999994 0.00000000099999999994 0.67458534388594715292 0.00000000099999999994 0.32541464811405307334 0.00000000099999999994 0.00000000099999999994 
0.00000000099999999998 0.00000000099999999998 0.00000000099999999998 0.00000000099999999998 0.00000000099999999998 0.00000000099999999998 0.99996104362635107599 0.00000000099999999998 0.00003894837364898138 0.00000000099999999998 
0.00000000099999999999 0.00000000099999999999 0.00000000099999999999 0.00000000099999999999 0.00000000099999999999 0.00000000099999999999 0.87369581593315071011 0.00000046905052552760 0.00000000099999999999 0.12630370801632384570 
0.00000000099999999997 0.00000000099999999997 0.00000000099999999997 0.00000000099999999997 0.00000000099999999997 0.00000000099999999997 0.99999999099999992147 0.00000000099999999997 0.00000000099999999997 0.00000000099999999997 
0.99999999100000025454 0.00000000099999999994 0.00000000099999999994 0.00000000099999999994 0.00000000099999999994 0.00000000099999999994 0.00000000099999999994 0.00000000099999999994 0.00000000099999999994 0.00000000099999999994 
0.99999999100000025454 0.00000000099999999996 0.00000000099999999996 0.00000000099999999996 0.00000000099999999996 0.00000000099999999996 0.00000000099999999996 0.00000000099999999996 0.00000000099999999996 0.00000000099999999996 
0.00000000099999999990 0.00000000099999999990 0.00000000099999999990 0.00000000099999999990 0.00000000099999999990 0.00000000099999999990 0.00000000099999999990 0.99999999100000003249 0.00000000099999999990 0.00000000099999999990 
0.00000000099999999989 0.00000000099999999989 0.00000000099999999989 0.00000000099999999989 0.00000000099999999989 0.99999999100000003249 0.00000000099999999989 0.00000000099999999989 0.00000000099999999989 0.00000000099999999989 
0.01766499153497338992 0.00000000099999999999 0.00000000099999999999 0.00000000099999999999 0.00000000099999999999 0.00225358146715914963 0.81136657863601502338 0.00000000099999999999 0.00000000099999999999 0.16871484236185244066 
0.00000000099999999997 0.00000000099999999997 0.00000000099999999997 0.00000000099999999997 0.00000000099999999997 0.00000000099999999997 0.99999999100000003249 0.00000000099999999997 0.00000000099999999997 0.00000000099999999997 
0.00000000099999999996 0.00000000099999999996 0.00000000099999999996 0.00000000099999999996 0.00000000099999999996 0.00000000099999999996 0.99999999099999992147 0.00000000099999999996 0.00000000099999999996 0.00000000099999999996 
0.00000000099999999995 0.00000000099999999995 0.00000000099999999995 0.00000000099999999995 0.00000000099999999995 0.57489251148624298526 0.00000000099999999995 0.42510748051375701895 0.00000000099999999995 0.00000000099999999995 
0.00000000099999999987 0.00000000099999999987 0.00000000099999999987 0.00000000099999999987 0.00000000099999999987 0.00000000099999999987 0.00000000099999999987 0.99999999100000003249 0.00000000099999999987 0.00000000099999999987 
0.00000000099999999995 0.00000000099999999995 0.00000000099999999995 0.00000000099999999995 0.00000000099999999995 0.00000000099999999995 0.99999999099999992147 0.00000000099999999995 0.00000000099999999995 0.00000000099999999995 
0.00000000099999999998 0.00000000099999999998 0.00000000099999999998 0.00000000099999999998 0.00000000099999999998 0.00000000099999999998 0.99999999100000003249 0.00000000099999999998 0.00000000099999999998 0.00000000099999999998 
0.79401980652939652128 0.00000000099999999999 0.00000000099999999999 0.00000000099999999999 0.00284218678536765331 0.08701049923146030041 0.11612743119400652236 0.00000007125976900054 0.00000000099999999999 0.00000000099999999999 
0.00000000099999999996 0.00000000099999999996 0.00000000099999999996 0.00000000099999999996 0.00000000099999999996 0.00000000099999999996 0.99999999099999992147 0.00000000099999999996 0.00000000099999999996 0.00000000099999999996 
0.99999999100000025454 0.00000000099999999997 0.00000000099999999997 0.00000000099999999997 0.00000000099999999997 0.00000000099999999997 0.00000000099999999997 0.00000000099999999997 0.00000000099999999997 0.00000000099999999997 
0.99999999100000025454 0.00000000099999999997 0.00000000099999999997 0.00000000099999999997 0.00000000099999999997 0.00000000099999999997 0.00000000099999999997 0.00000000099999999997 0.00000000099999999997 0.00000000099999999997 
0.99999999100000014352 0.00000000099999999997 0.00000000099999999997 0.00000000099999999997 0.00000000099999999997 0.00000000099999999997 0.00000000099999999997 0.00000000099999999997 0.00000000099999999997 0.00000000099999999997 
0.99978908014514689118 0.00000000099999999999 0.00000000099999999999 0.00000000099999999999 0.00000000099999999999 0.00005761909319748241 0.00000000099999999999 0.00015329277254973211 0.00000000198910607954 0.00000000099999999999 
0.05453999471057585646 0.07711103634410323981 0.02387524702261330581 0.00000000100000000000 0.00000000100000000000 0.00000000100000000000 0.43325904326945985368 0.02385940566466606197 0.09167314331535975080 0.29568212667322196774 
0.79346105395591159937 0.00000000099999999999 0.00000638462523980945 0.20653255441884868504 0.00000000099999999999 0.00000000099999999999 0.00000000099999999999 0.00000000099999999999 0.00000000099999999999 0.00000000099999999999 
0.99999999100000014352 0.00000000099999999998 0.00000000099999999998 0.00000000099999999998 0.00000000099999999998 0.00000000099999999998 0.00000000099999999998 0.00000000099999999998 0.00000000099999999998 0.00000000099999999998 
0.00000000099999999999 0.00000000099999999999 0.00000000431486350876 0.00000000099999999999 0.00000000099999999999 0.00000000099999999999 0.86735099859099262787 0.00000113505807556807 0.00000000099999999999 0.13264785603606826792 
0.78922559333763919742 0.00000000099999999999 0.00000000099999999999 0.12692520785282587759 0.00000000099999999999 0.00000000099999999999 0.00000000099999999999 0.00000000099999999999 0.08384919180953515072 0.00000000099999999999 
0.99999999100000025454 0.00000000099999999998 0.00000000099999999998 0.00000000099999999998 0.00000000099999999998 0.00000000099999999998 0.00000000099999999998 0.00000000099999999998 0.00000000099999999998 0.00000000099999999998 
0.99999999100000025454 0.00000000099999999997 0.00000000099999999997 0.00000000099999999997 0.00000000099999999997 0.00000000099999999997 0.00000000099999999997 0.00000000099999999997 0.00000000099999999997 0.00000000099999999997 
0.99999999100000025454 0.00000000099999999998 0.00000000099999999998 0.00000000099999999998 0.00000000099999999998 0.00000000099999999998 0.00000000099999999998 0.00000000099999999998 0.00000000099999999998 0.00000000099999999998 
0.99999999100000025454 0.00000000099999999998 0.00000000099999999998 0.00000000099999999998 0.00000000099999999998 0.00000000099999999998 0.00000000099999999998 0.00000000099999999998 0.00000000099999999998 0.00000000099999999998 
0.36540681664529600647 0.00000000221994998256 0.00862057838584812455 0.00000000100000000000 0.00000000100000000000 0.14080563213996849514 0.10192114618304050355 0.35743959552017734449 0.02579345149012372482 0.00001277541559573363 
0.99999999100000025454 0.00000000099999999996 0.00000000099999999996 0.00000000099999999996 0.00000000099999999996 0.00000000099999999996 0.00000000099999999996 0.00000000099999999996 0.00000000099999999996 0.00000000099999999996 
0.99999999100000025454 0.00000000099999999996 0.00000000099999999996 0.00000000099999999996 0.00000000099999999996 0.00000000099999999996 0.00000000099999999996 0.00000000099999999996 0.00000000099999999996 0.00000000099999999996 
0.64216633097190800594 0.13374602902440238528 0.00642889881269039995 0.00000000100000000000 0.01629016701851851781 0.00000000100000000000 0.00112044302889858561 0.06586890850883719839 0.00000442312682571847 0.13437479750791928024 
0.00000000099999999986 0.00000000099999999986 0.00000000099999999986 0.00000000099999999986 0.00000000099999999986 0.99999999100000014352 0.00000000099999999986 0.00000000099999999986 0.00000000099999999986 0.00000000099999999986 
0.00000000099999999989 0.00000000099999999989 0.00000000099999999989 0.00000000099999999989 0.00000000099999999989 0.99999999100000003249 0.00000000099999999989 0.00000000099999999989 0.00000000099999999989 0.00000000099999999989 
0.00000000099999999996 0.00000000099999999996 0.00000000099999999996 0.00000000099999999996 0.00000000099999999996 0.00000000099999999996 0.99999999099999992147 0.00000000099999999996 0.00000000099999999996 0.00000000099999999996 
0.00000000099999999999 0.00000000099999999999 0.00000000099999999999 0.00000000099999999999 0.00000000099999999999 0.00000000099999999999 0.81967822578797766564 0.00000000099999999999 0.00000000099999999999 0.18032176621202228306 
0.04711596846794083304 0.00000000099999999999 0.00000000099999999999 0.00000000099999999999 0.00000000099999999999 0.00000000099999999999 0.79374462698210423994 0.00000000099999999999 0.00000000801430926702 0.15913939053564574166 
0.99999999100000025454 0.00000000099999999996 0.00000000099999999996 0.00000000099999999996 0.00000000099999999996 0.00000000099999999996 0.00000000099999999996 0.00000000099999999996 0.00000000099999999996 0.00000000099999999996 
0.97074564600861379393 0.00000000099999999998 0.00000000099999999998 0.02925433610360234776 0.00000001088778390009 0.00000000099999999998 0.00000000099999999998 0.00000000099999999998 0.00000000099999999998 0.00000000099999999998 
0.55350065259352154712 0.10788353996623573083 0.01314002462794682836 0.00000000100000000000 0.05289735323222807123 0.04567805649893946773 0.06069112973568546732 0.00000000100000000000 0.03278664107903115493 0.13342260026641164505 
0.26467231758269915698 0.18860453192353993090 0.16666816988559104984 0.00024014906825995907 0.19843472768948339224 0.17006323490774921670 0.00000028412376300862 0.00000000100000000000 0.01131658281891445572 0.00000000100000000000 
0.23768353484315704605 0.19040111760756667225 0.17875263141380906551 0.00000000100000000000 0.17628527460290757678 0.18104199277600727114 0.03506824533623778550 0.00000000100000000000 0.00059648111070484085 0.00017072030960988332 
0.00000000099999999993 0.00000000099999999993 0.99999999100000003249 0.00000000099999999993 0.00000000099999999993 0.00000000099999999993 0.00000000099999999993 0.00000000099999999993 0.00000000099999999993 0.00000000099999999993 
0.00000000099999999993 0.00000000099999999993 0.99999999100000003249 0.00000000099999999993 0.00000000099999999993 0.00000000099999999993 0.00000000099999999993 0.00000000099999999993 0.00000000099999999993 0.00000000099999999993 
0.00000000099999999995 0.00000000099999999995 0.00000000099999999995 0.00000000099999999995 0.99999999100000014352 0.00000000099999999995 0.00000000099999999995 0.00000000099999999995 0.00000000099999999995 0.00000000099999999995 
0.00000000099999999993 0.00000000099999999993 0.00000000099999999993 0.00000000099999999993 0.99999999100000014352 0.00000000099999999993 0.00000000099999999993 0.00000000099999999993 0.00000000099999999993 0.00000000099999999993 
0.00000000099999999994 0.00000000099999999994 0.99999999100000014352 0.00000000099999999994 0.00000000099999999994 0.00000000099999999994 0.00000000099999999994 0.00000000099999999994 0.00000000099999999994 0.00000000099999999994 
0.00000000099999999994 0.00000000099999999994 0.00000000099999999994 0.00000000099999999994 0.99999999100000003249 0.00000000099999999994 0.00000000099999999994 0.00000000099999999994 0.00000000099999999994 0.00000000099999999994 
0.03400987143045561267 0.19130626967896424695 0.29705450536149213825 0.03530527403177050050 0.40961829921822517919 0.03269869325748919059 0.00000263284792073600 0.00000445217368231144 0.00000000100000000000 0.00000000100000000000 
0.00000000099999999993 0.00000000099999999993 0.99999999100000003249 0.00000000099999999993 0.00000000099999999993 0.00000000099999999993 0.00000000099999999993 0.00000000099999999993 0.00000000099999999993 0.00000000099999999993 
0.21647801443807954125 0.25526007293795410780 0.13933178571739893159 0.01250392002001548229 0.18622286246511374208 0.14371904162762863533 0.00982154448014230415 0.00000004711517820546 0.00515342976563625509 0.03150928143285277455 
0.19672584155174677178 0.21854882911359690967 0.21856634780467987245 0.00000000100000000000 0.13024327932518334205 0.10696528867295140852 0.12895040953184169763 0.00000000100000000000 0.00000000100000000000 0.00000000100000000000 
0.00000000099999999994 0.00000000099999999994 0.99999999100000003249 0.00000000099999999994 0.00000000099999999994 0.00000000099999999994 0.00000000099999999994 0.00000000099999999994 0.00000000099999999994 0.00000000099999999994 
0.00000000099999999999 0.16683265242237291237 0.09975059511709734317 0.00000000099999999999 0.71316785291721496165 0.00000000099999999999 0.01571351859598823716 0.00453537594732644159 0.00000000099999999999 0.00000000099999999999 
0.00000000099999999992 0.00000000099999999992 0.00000000099999999992 0.00000000099999999992 0.99999999100000014352 0.00000000099999999992 0.00000000099999999992 0.00000000099999999992 0.00000000099999999992 0.00000000099999999992 
0.00000000099999999994 0.00000000099999999994 0.00000000099999999994 0.00000000099999999994 0.99999999100000003249 0.00000000099999999994 0.00000000099999999994 0.00000000099999999994 0.00000000099999999994 0.00000000099999999994 
0.06042274149351814505 0.16166686525969051202 0.20918868601356613302 0.00000000100000000000 0.47172404650649701896 0.02936497887021138897 0.00029487544841026107 0.02660774958650293301 0.00000007215531404729 0.04072998366628939604 
0.00000000099999999992 0.00000000099999999992 0.00000000099999999992 0.00000000099999999992 0.99999999100000003249 0.00000000099999999992 0.00000000099999999992 0.00000000099999999992 0.00000000099999999992 0.00000000099999999992 
0.05076054506908205671 0.19098439709477066373 0.28330143748046016094 0.00000000100000000000 0.44297349708385391764 0.00000000100000000000 0.00000371496071109927 0.00059159422133124606 0.00000000100000000000 0.03138481108979099266 
0.00000000099999999995 0.00000000099999999995 0.99999999100000014352 0.00000000099999999995 0.00000000099999999995 0.00000000099999999995 0.00000000099999999995 0.00000000099999999995 0.00000000099999999995 0.00000000099999999995 
0.19206047318248054001 0.25312758752112213267 0.18620394045349775158 0.00000000100000000000 0.14032566157467224466 0.16049237206387151344 0.00053986298519782165 0.00000000100000000000 0.01134275761955942478 0.05590734259959850849 
0.32163260119288744621 0.21391548121914311098 0.13850365385800622597 0.00000000100000000000 0.15963785339327704604 0.08348030719224712459 0.07179224821435803428 0.00000000100000000000 0.01103785193008102912 0.00000000100000000000 
0.08699769919094016424 0.47898973518735554755 0.16851101900136319922 0.05075108084011240722 0.21027389534922497072 0.00000000825921395045 0.00446437347328771696 0.00000000100000000000 0.00000000100000000000 0.00001218669850219575 
0.00000000099999999991 0.00000000099999999991 0.00000000099999999991 0.00000000099999999991 0.99999999100000014352 0.00000000099999999991 0.00000000099999999991 0.00000000099999999991 0.00000000099999999991 0.00000000099999999991 
0.00555253270463006588 0.21580447805658498073 0.23356981075625565802 0.00000000100000000000 0.43572307802735082971 0.04997536518427580371 0.05908357515715687708 0.00000000100000000000 0.00029115711374582857 0.00000000100000000000 
0.00000000099999999995 0.00000000099999999995 0.99999999100000014352 0.00000000099999999995 0.00000000099999999995 0.00000000099999999995 0.00000000099999999995 0.00000000099999999995 0.00000000099999999995 0.00000000099999999995 
0.00000000099999999993 0.00000000099999999993 0.99999999100000014352 0.00000000099999999993 0.00000000099999999993 0.00000000099999999993 0.00000000099999999993 0.00000000099999999993 0.00000000099999999993 0.00000000099999999993 
0.00000000099999999994 0.00000000099999999994 0.00000000099999999994 0.00000000099999999994 0.99999999100000003249 0.00000000099999999994 0.00000000099999999994 0.00000000099999999994 0.00000000099999999994 0.00000000099999999994 
0.00000000099999999990 0.00000000099999999990 0.00000000099999999990 0.00000000099999999990 0.99999999100000003249 0.00000000099999999990 0.00000000099999999990 0.00000000099999999990 0.00000000099999999990 0.00000000099999999990 
0.02174452221559959597 0.11102921513127778086 0.32911604894290691359 0.00000000100000000000 0.47201326086020295447 0.04519198040971562219 0.02090465423434472586 0.00000031520595243468 0.00000000100000000000 0.00000000100000000000 
0.00000000099999999993 0.00000000099999999993 0.99999999100000014352 0.00000000099999999993 0.00000000099999999993 0.00000000099999999993 0.00000000099999999993 0.00000000099999999993 0.00000000099999999993 0.00000000099999999993 
0.24499128578371570653 0.20950881577535701572 0.21759556533102505926 0.00005380906885556560 0.18431301732357965872 0.13650631046917610645 0.00000143017485937800 0.00000321997684720910 0.00702654509658409438 0.00000000100000000000 
0.32361443288630747928 0.18823666015142914709 0.17633630645827252925 0.00000000100000000000 0.12707224309732986778 0.15294628067576804265 0.00000457785961584598 0.00000000100000000000 0.00000000100000000000 0.03178949587127713472 
0.00000000099999999993 0.00000000099999999993 0.99999999100000014352 0.00000000099999999993 0.00000000099999999993 0.00000000099999999993 0.00000000099999999993 0.00000000099999999993 0.00000000099999999993 0.00000000099999999993 
0.00965605449922623225 0.18646278576662891902 0.10458309644999184973 0.07391830642032723442 0.62537914401564564937 0.00000000099999999999 0.00000000099999999999 0.00000060884818026609 0.00000000099999999999 0.00000000099999999999 
0.00000000099999999992 0.00000000099999999992 0.00000000099999999992 0.00000000099999999992 0.99999999100000014352 0.00000000099999999992 0.00000000099999999992 0.00000000099999999992 0.00000000099999999992 0.00000000099999999992 
0.00000000099999999989 0.00000000099999999989 0.00000000099999999989 0.00000000099999999989 0.99999999100000014352 0.00000000099999999989 0.00000000099999999989 0.00000000099999999989 0.00000000099999999989 0.00000000099999999989 
0.10994143794373496814 0.18352592601676662176 0.19515041655385842456 0.01200214734463694345 0.46759858778382629163 0.00003462094289940134 0.00000008587457383142 0.02961668331122734726 0.00213009322847609569 0.00000000100000000000 
0.00000000099999999994 0.00000000099999999994 0.99999999100000014352 0.00000000099999999994 0.00000000099999999994 0.00000000099999999994 0.00000000099999999994 0.00000000099999999994 0.00000000099999999994 0.00000000099999999994 
0.00000000099999999993 0.00000000099999999993 0.00000000099999999993 0.00000000099999999993 0.99999999100000003249 0.00000000099999999993 0.00000000099999999993 0.00000000099999999993 0.00000000099999999993 0.00000000099999999993 
0.23018704992532174058 0.24440150642098820710 0.16350077493961037711 0.00000000100000000000 0.17662544227700854860 0.12330161152227385457 0.00001387999548166808 0.00015935411255250571 0.00000000100000000000 0.06181037880676311380 
0.24904299561207091096 0.22914074800368353091 0.13081375920066412588 0.00000000099999999999 0.19539974765616591190 0.14032734416648065534 0.05455671191584140350 0.00000000099999999999 0.00000000099999999999 0.00071869044509360674 
0.00000000099999999995 0.00000000099999999995 0.99999999100000003249 0.00000000099999999995 0.00000000099999999995 0.00000000099999999995 0.00000000099999999995 0.00000000099999999995 0.00000000099999999995 0.00000000099999999995 
0.00000000099999999995 0.00000000099999999995 0.99999999100000014352 0.00000000099999999995 0.00000000099999999995 0.00000000099999999995 0.00000000099999999995 0.00000000099999999995 0.00000000099999999995 0.00000000099999999995 
0.02404506886677270847 0.15041645016966748161 0.06728497245473530342 0.00000000099999999999 0.66374003717348584175 0.04178242788027249077 0.00000000099999999999 0.00000000099999999999 0.00000000099999999999 0.05273103945506617957 
0.00000000099999999992 0.00000000099999999992 0.99999999100000003249 0.00000000099999999992 0.00000000099999999992 0.00000000099999999992 0.00000000099999999992 0.00000000099999999992 0.00000000099999999992 0.00000000099999999992 
0.23449523613561196189 0.21026196286444606698 0.20178042917355701324 0.00000000100000000000 0.14601794844795382144 0.11896657467719996826 0.07081202094674141079 0.00000000100000000000 0.00163422730605418723 0.01603159844843564386 
0.23424443129070116054 0.20216202234990118813 0.26190415130978350611 0.00000000100000000000 0.15301734504805400428 0.12066816772129645985 0.00001480892812561437 0.00000000100000000000 0.00000000100000000000 0.02798907035213812206 
0.31514213860142897827 0.24766824855174093822 0.16868610557567825792 0.00000000099999999999 0.17864515184895557454 0.06943220129885671610 0.02042613772993393320 0.00000001339340569833 0.00000000099999999999 0.00000000099999999999 
0.06384629542185661644 0.19744931792501474455 0.11832456348509000355 0.00000000100000000000 0.60959492507982404597 0.00000012119711930539 0.01078410764733654659 0.00000000100000000000 0.00000000100000000000 0.00000066624375877196 
0.00000000099999999999 0.12265094896462604146 0.15497226628388610647 0.00000000099999999999 0.72237677775148778636 0.00000000099999999999 0.00000000099999999999 0.00000000099999999999 0.00000000099999999999 0.00000000099999999999 
0.00000000099999999992 0.00000000099999999992 0.00000000099999999992 0.00000000099999999992 0.99999999100000003249 0.00000000099999999992 0.00000000099999999992 0.00000000099999999992 0.00000000099999999992 0.00000000099999999992 
0.01041352165281563685 0.11495188259503572037 0.27427471890121984943 0.07003123963006151198 0.45281207001334516926 0.07654129773914392088 0.00000000100000000000 0.00097526646837834405 0.00000000100000000000 0.00000000100000000000 
0.00000000099999999992 0.00000000099999999992 0.99999999100000003249 0.00000000099999999992 0.00000000099999999992 0.00000000099999999992 0.00000000099999999992 0.00000000099999999992 0.00000000099999999992 0.00000000099999999992 
0.22574441213851353938 0.30817575431928362351 0.15943118418911705891 0.00000000100000000000 0.11690234935253866755 0.14317511383536069003 0.00034740984375751462 0.00000306219495427722 0.01303326939219182773 0.03318744373428284683 
0.00000000099999999995 0.00000000099999999995 0.99999999100000014352 0.00000000099999999995 0.00000000099999999995 0.00000000099999999995 0.00000000099999999995 0.00000000099999999995 0.00000000099999999995 0.00000000099999999995 
0.00000000099999999996 0.00000000099999999996 0.00000000099999999996 0.00000000099999999996 0.99999999100000003249 0.00000000099999999996 0.00000000099999999996 0.00000000099999999996 0.00000000099999999996 0.00000000099999999996 
0.00000000354614268016 0.17533129870833982777 0.15023221036135087081 0.01890698609165950700 0.65552237460134932245 0.00000000285697648843 0.00000000100000000000 0.00000000100000000000 0.00000712083418127818 0.00000000100000000000 
0.30330122509339352277 0.21731871851604417367 0.21180408913557013939 0.00154356881488461892 0.10645481527480002426 0.11933358249682363139 0.00000000100000000000 0.00000606074317720513 0.01766472305442137736 0.02257321587088537834 
0.12016554657144305762 0.13833628166038264284 0.23323209646993375843 0.06460015620990379459 0.43814368437252815269 0.00000000100000000000 0.00000000100000000000 0.00000000100000000000 0.00552223071580878588 0.00000000100000000000 
0.31811186983883976698 0.18593688163477661845 0.15529695652336869549 0.00000000100000000000 0.17013258229447900116 0.12719764479018319525 0.04260843771612855824 0.00000000100000000000 0.00070793497626331229 0.00000769022596087330 
0.17673410280488383028 0.25021629437368086979 0.17385593034947999236 0.00000000100000000000 0.13912183935882832531 0.13710073333233796511 0.09739538912618106448 0.00000000100000000000 0.02554253973832700322 0.00003316891628103988 
0.20474732702014344921 0.27966601802123181031 0.17462041351456986105 0.00000000100000000000 0.13291027258375009978 0.12131033084538012101 0.07709867861949121215 0.00000000236844685326 0.00964695360984438831 0.00000000241714213722 
0.00000000099999999994 0.00000000099999999994 0.99999999100000003249 0.00000000099999999994 0.00000000099999999994 0.00000000099999999994 0.00000000099999999994 0.00000000099999999994 0.00000000099999999994 0.00000000099999999994 
0.00000000099999999995 0.00000000099999999995 0.00000000099999999995 0.00000000099999999995 0.99999999100000014352 0.00000000099999999995 0.00000000099999999995 0.00000000099999999995 0.00000000099999999995 0.00000000099999999995 
0.00000000099999999992 0.00000000099999999992 0.00000000099999999992 0.00000000099999999992 0.99999999100000014352 0.00000000099999999992 0.00000000099999999992 0.00000000099999999992 0.00000000099999999992 0.00000000099999999992 
0.01737677534381396396 0.08955637320642603760 0.21758874243528023018 0.08523195489349484621 0.53287432670007373048 0.03606311669106489204 0.00000000182755464129 0.00000000100000000000 0.02130864039912765129 0.00000006750316412683 
0.03866047207616896131 0.16904774682056983304 0.24349681769731928993 0.07565684080987471194 0.42304724745889932258 0.00000000100000000000 0.00000000100000000000 0.05009068999995935911 0.00000018213720856250 0.00000000100000000000 
0.05939999928967755471 0.03902007770106951517 0.38023632193171180704 0.33043870235506961341 0.18888410448480194570 0.00196987387147641840 0.00000000099999999999 0.00001032114694507558 0.00004059721924809366 0.00000000099999999999 
0.26025119400420221316 0.20843234289062115283 0.18171974607801583135 0.00000000948189647061 0.12049968957764486954 0.14462367886658430982 0.03535907869166726031 0.00000000100000000000 0.00000000100000000000 0.04911425840936816528 
0.00000000099999999993 0.00000000099999999993 0.00000000099999999993 0.00000000099999999993 0.99999999100000003249 0.00000000099999999993 0.00000000099999999993 0.00000000099999999993 0.00000000099999999993 0.00000000099999999993 
0.00000000099999999993 0.00000000099999999993 0.99999999100000014352 0.00000000099999999993 0.00000000099999999993 0.00000000099999999993 0.00000000099999999993 0.00000000099999999993 0.00000000099999999993 0.00000000099999999993 
0.28654897710728166604 0.21028304438610745386 0.16403683543397667988 0.00000000099999999999 0.18285089762142830994 0.14748318470596114005 0.00000000099999999999 0.00865081173191407059 0.00000000099999999999 0.00014624601333079314 
0.00000000099999999994 0.00000000099999999994 0.99999999100000003249 0.00000000099999999994 0.00000000099999999994 0.00000000099999999994 0.00000000099999999994 0.00000000099999999994 0.00000000099999999994 0.00000000099999999994 
0.29593112210715055710 0.18135253969528300488 0.18824001773085147216 0.04046207857227660659 0.17862166096156598116 0.09515396426176044031 0.00000000100000000000 0.00000000100000000000 0.02023858517501605017 0.00000002949609611830 
0.00001619677384615372 0.24256409307150025856 0.06578585077574618245 0.00000000100000000000 0.59651176725277477164 0.06283776488279378680 0.03176069110901566517 0.00000000100000000000 0.00026663756930381136 0.00025699656501920807 
0.00000000099999999990 0.00000000099999999990 0.00000000099999999990 0.00000000099999999990 0.99999999100000014352 0.00000000099999999990 0.00000000099999999990 0.00000000099999999990 0.00000000099999999990 0.00000000099999999990 
