0.00000000099999999995 0.57865945602855883845 0.00000000099999999995 0.00000000099999999995 0.00000000099999999995 0.00000000099999999995 0.00000000099999999995 0.00000000099999999995 0.42134053597144144332 0.00000000099999999995 
0.00000682393947062127 0.00000692816774825762 0.00000000100000000000 0.00000000100000000000 0.03492320556089927724 0.11393242444381822265 0.03340868164486189562 0.00000000100000000000 0.00005211177257686170 0.81766982147062494679 
0.00000000099999999999 0.04252881480370282463 0.00000000099999999999 0.06950225312088707808 0.00000000099999999999 0.88796892507541003159 0.00000000099999999999 0.00000000099999999999 0.00000000099999999999 0.00000000099999999999 
0.00000000099999999985 0.99999999100000014352 0.00000000099999999985 0.00000000099999999985 0.00000000099999999985 0.00000000099999999985 0.00000000099999999985 0.00000000099999999985 0.00000000099999999985 0.00000000099999999985 
0.00000000099999999988 0.00000000099999999988 0.00000000099999999988 0.00000000099999999988 0.00000000099999999988 0.00000000099999999988 0.00000000099999999988 0.00000000099999999988 0.99999999099999992147 0.00000000099999999988 
0.00000000099999999988 0.99999999100000014352 0.00000000099999999988 0.00000000099999999988 0.00000000099999999988 0.00000000099999999988 0.00000000099999999988 0.00000000099999999988 0.00000000099999999988 0.00000000099999999988 
0.00000000099999999999 0.02154278742673183117 0.00000000099999999999 0.00000000099999999999 0.00000000099999999999 0.19619365917069431227 0.00000000687827628661 0.00000000099999999999 0.00132934112208375819 0.78093420040221395162 
0.00000000624242719343 0.15007944604844764003 0.01324607493271717784 0.00000000100000000000 0.01748730224306137976 0.08276095240513847706 0.00000000100000000000 0.00000000100000000000 0.00000000100000000000 0.73642621412820796767 
0.00000000099999999998 0.00000000099999999998 0.00000000099999999998 0.10215207595277731034 0.00000000099999999998 0.89784791604722280489 0.00000000099999999998 0.00000000099999999998 0.00000000099999999998 0.00000000099999999998 
0.00000000099999999986 0.00000000099999999986 0.00000000099999999986 0.00000000099999999986 0.00000000099999999986 0.00000000099999999986 0.00000000099999999986 0.00000000099999999986 0.99999999099999992147 0.00000000099999999986 
0.00000001388207315692 0.18575430156352090716 0.00000000100000000000 0.00000000100000000000 0.07885196577382588834 0.35800728344425447602 0.00129262869253069998 0.32342489345243369270 0.00517878378649614095 0.04749012740486494716 
0.00000000099999999988 0.99999999100000014352 0.00000000099999999988 0.00000000099999999988 0.00000000099999999988 0.00000000099999999988 0.00000000099999999988 0.00000000099999999988 0.00000000099999999988 0.00000000099999999988 
0.00000000100000000000 0.07291330443655819060 0.02394118688087156291 0.00000000100000000000 0.04297297511282624494 0.04438896759488157595 0.00707145699634787947 0.00011982454607505328 0.00000000100000000000 0.80859228143243944142 
0.02944867924411833510 0.01574884181656747636 0.00000000099999999999 0.00000000099999999999 0.04634676232605082491 0.10960711295942915378 0.04484192384085607802 0.00000000099999999999 0.00000000099999999999 0.75400667581297819986 
0.00000000099999999998 0.00000000099999999998 0.00000000099999999998 0.08403460116485989007 0.00000000099999999998 0.00000000099999999998 0.00000000099999999998 0.00000000099999999998 0.00000000099999999998 0.91596539083514016966 
0.00000000099999999998 0.00000000099999999998 0.00000000099999999998 0.00000000099999999998 0.00000000099999999998 0.99999999100000014352 0.00000000099999999998 0.00000000099999999998 0.00000000099999999998 0.00000000099999999998 
0.00000000099999999988 0.00000000099999999988 0.00000000099999999988 0.00000000099999999988 0.00000000099999999988 0.00000000099999999988 0.00000000099999999988 0.00000000099999999988 0.99999999100000003249 0.00000000099999999988 
0.00000000099999999988 0.00000000099999999988 0.00000000099999999988 0.00000000099999999988 0.00000000099999999988 0.00000000099999999988 0.00000000099999999988 0.00000000099999999988 0.99999999099999992147 0.00000000099999999988 
0.00000000099999999995 0.28107771724922103740 0.00000000099999999995 0.00000000099999999995 0.00000000099999999995 0.00000000099999999995 0.00000000099999999995 0.00000000099999999995 0.71892227475077863375 0.00000000099999999995 
0.00000000099999999999 0.00000000099999999999 0.00000000099999999999 0.00000000099999999999 0.00000000099999999999 0.13358278795830944019 0.00545320961434791595 0.00000000099999999999 0.02332308533848291565 0.83764091108885985193 
0.00000000099999999999 0.00000000099999999999 0.00000000099999999999 0.00000000099999999999 0.00000000099999999999 0.17029413558111655691 0.02789727333551048072 0.00000000099999999999 0.00000000099999999999 0.80180858408337285503 
0.00000000099999999999 0.00000000099999999999 0.00000000099999999999 0.00000000099999999999 0.00000000099999999999 0.20791533156142899541 0.00000000099999999999 0.00000000099999999999 0.00000000099999999999 0.79208466043857106431 
0.00000000099999999994 0.55769545538791320816 0.00000000099999999994 0.00000000099999999994 0.00000000099999999994 0.00000000099999999994 0.00000000099999999994 0.00000000099999999994 0.44230453661208707361 0.00000000099999999994 
0.00000000099999999986 0.00000000099999999986 0.00000000099999999986 0.00000000099999999986 0.00000000099999999986 0.00000000099999999986 0.00000000099999999986 0.00000000099999999986 0.99999999100000003249 0.00000000099999999986 
0.00000000099999999988 0.00000000099999999988 0.00000000099999999988 0.00000000099999999988 0.00000000099999999988 0.00000000099999999988 0.00000000099999999988 0.00000000099999999988 0.99999999099999992147 0.00000000099999999988 
0.00000000099999999999 0.00000005391708727881 0.00000000099999999999 0.00000000099999999999 0.00000000099999999999 0.16206233371793399289 0.00000000099999999999 0.00000000099999999999 0.01772960666110529049 0.82020799970387336941 
0.00000000099999999999 0.00000000099999999999 0.00000000099999999999 0.00000000099999999999 0.03509249635280232288 0.08475651649025857381 0.00000000099999999999 0.00000000099999999999 0.00658346927621565343 0.87356751188072356840 
0.00000000099999999990 0.00000000099999999990 0.00000000099999999990 0.00000000099999999990 0.00000000099999999990 0.00000000099999999990 0.00000000099999999990 0.00000000099999999990 0.99999999100000003249 0.00000000099999999990 
0.00000000099999999991 0.00000000099999999991 0.00000000099999999991 0.00000000099999999991 0.00000000099999999991 0.00000000099999999991 0.00000000099999999991 0.00000000099999999991 0.99999999100000003249 0.00000000099999999991 
0.00000000099999999987 0.00000000099999999987 0.00000000099999999987 0.00000000099999999987 0.00000000099999999987 0.00000000099999999987 0.00000000099999999987 0.00000000099999999987 0.99999999099999992147 0.00000000099999999987 
0.00990804771499791820 0.00000000099999999999 0.00000000099999999999 0.00000000099999999999 0.00000000099999999999 0.17505832598760173724 0.00000000099999999999 0.00000000099999999999 0.01957896560445451795 0.79545465469294585059 
0.00354707316473849670 0.07378596485539017091 0.00000000100000000000 0.00000000100000000000 0.00000001146664563344 0.77243388332417728392 0.00000000100000000000 0.09089022946818954563 0.00000000100000000000 0.05934283372085880082 
0.00000000099999999985 0.99999999100000025454 0.00000000099999999985 0.00000000099999999985 0.00000000099999999985 0.00000000099999999985 0.00000000099999999985 0.00000000099999999985 0.00000000099999999985 0.00000000099999999985 
0.00000000099999999988 0.99999999100000025454 0.00000000099999999988 0.00000000099999999988 0.00000000099999999988 0.00000000099999999988 0.00000000099999999988 0.00000000099999999988 0.00000000099999999988 0.00000000099999999988 
0.00000000099999999985 0.99999999100000014352 0.00000000099999999985 0.00000000099999999985 0.00000000099999999985 0.00000000099999999985 0.00000000099999999985 0.00000000099999999985 0.00000000099999999985 0.00000000099999999985 
0.00000000100000000000 0.02363448957789407792 0.00000000100000000000 0.00000000100000000000 0.05616589872164273051 0.12643678131581218005 0.00086704339664349676 0.00000013037937508285 0.00000552693582302999 0.79289012667280933666 
0.00000000099999999999 0.02015077971767433376 0.00000000099999999999 0.00000000099999999999 0.01825641636926817260 0.13821299243060417017 0.01860781974078771356 0.00000000099999999999 0.00006417413715260683 0.80470781360451304476 
0.00000000099999999997 0.00000000099999999997 0.00000000099999999997 0.00000000099999999997 0.00000000099999999997 0.99999999100000014352 0.00000000099999999997 0.00000000099999999997 0.00000000099999999997 0.00000000099999999997 
0.00000000099999999997 0.00000000099999999997 0.00000000099999999997 0.17854021120286808766 0.00000000099999999997 0.82145978079713188880 0.00000000099999999997 0.00000000099999999997 0.00000000099999999997 0.00000000099999999997 
0.00000000099999999996 0.58385537968207668058 0.00000000099999999996 0.00000000099999999996 0.00000000099999999996 0.00000000099999999996 0.00000000099999999996 0.00000000099999999996 0.41614461231792349016 0.00000000099999999996 
0.00000000099999999989 0.00000000099999999989 0.00000000099999999989 0.00000000099999999989 0.00000000099999999989 0.00000000099999999989 0.00000000099999999989 0.00000000099999999989 0.99999999099999992147 0.00000000099999999989 
0.00000000099999999990 0.00000000099999999990 0.00000000099999999990 0.00000000099999999990 0.00000000099999999990 0.00000000099999999990 0.00000000099999999990 0.00000000099999999990 0.99999999099999992147 0.00000000099999999990 
0.00708237839742176592 0.04301592681258587653 0.00000000099999999999 0.00000000099999999999 0.00000000099999999999 0.11102857546537757416 0.00000084115783200664 0.00000000099999999999 0.00000000099999999999 0.83887227316678292244 
0.04120941478723581103 0.00000000100000000000 0.00000000100000000000 0.00000000100000000000 0.00000000100000000000 0.16405367044357904716 0.04320275016518793781 0.00000000426600247039 0.01632415524240975885 0.73521000109558498625 
0.00000000099999999997 0.00000000099999999997 0.00000000099999999997 0.00000000099999999997 0.00000000099999999997 0.99999999100000003249 0.00000000099999999997 0.00000000099999999997 0.00000000099999999997 0.00000000099999999997 
0.00000000099999999996 0.00000000099999999996 0.00000000099999999996 0.00000000099999999996 0.00000000099999999996 0.99999999100000003249 0.00000000099999999996 0.00000000099999999996 0.00000000099999999996 0.00000000099999999996 
0.00000000099999999988 0.99999999100000014352 0.00000000099999999988 0.00000000099999999988 0.00000000099999999988 0.00000000099999999988 0.00000000099999999988 0.00000000099999999988 0.00000000099999999988 0.00000000099999999988 
0.05105203762093878800 0.16682297484067870608 0.00000000100000000000 0.00000000100000000000 0.13662009993373605554 0.31179388326437795786 0.00000000100000000000 0.20590579167599432076 0.10497997640602135805 0.02282523325825297836 
0.01960156581857218014 0.00000000099999999999 0.00000000099999999999 0.00000000099999999999 0.00000000099999999999 0.12301016685041088472 0.01512271684505639077 0.00000000099999999999 0.00000000099999999999 0.84226554448596058222 
0.00433639999574965060 0.00007571568243848585 0.00000000099999999999 0.00000000099999999999 0.00000000099999999999 0.13933302536287431317 0.00000000099999999999 0.00000041231981721751 0.00000117594036234360 0.85625326669875789776 
0.00000000099999999998 0.00000000099999999998 0.00000000099999999998 0.00000000099999999998 0.00000000099999999998 0.00989826591169959066 0.00000000099999999998 0.00000000099999999998 0.00000000099999999998 0.99010172608830038232 
0.00000000099999999996 0.00000000099999999996 0.00000000099999999996 0.00000000099999999996 0.00000000099999999996 0.99999999100000014352 0.00000000099999999996 0.00000000099999999996 0.00000000099999999996 0.00000000099999999996 
0.00000000099999999999 0.00000040820491328552 0.07347682125111242024 0.19857165724977587917 0.00000000099999999999 0.72795110729419842954 0.00000000099999999999 0.00000000099999999999 0.00000000099999999999 0.00000000099999999999 
0.00000000099999999989 0.99999999100000025454 0.00000000099999999989 0.00000000099999999989 0.00000000099999999989 0.00000000099999999989 0.00000000099999999989 0.00000000099999999989 0.00000000099999999989 0.00000000099999999989 
0.00000000099999999987 0.99999999100000025454 0.00000000099999999987 0.00000000099999999987 0.00000000099999999987 0.00000000099999999987 0.00000000099999999987 0.00000000099999999987 0.00000000099999999987 0.00000000099999999987 
0.03885881162866204608 0.01050138339978384794 0.00000000100000000000 0.00000000100000000000 0.00000000100000000000 0.17529107593088472106 0.04591820899880767054 0.00001843266863234405 0.00000000100000000000 0.72941208337322938071 
0.00017005932565013128 0.06325517460565660555 0.00000000099999999999 0.00000000099999999999 0.00000000099999999999 0.11723624985001106225 0.00000000099999999999 0.00000000099999999999 0.00000000099999999999 0.81933851021868220332 
0.00000000099999999999 0.00000000099999999999 0.00000000099999999999 0.00000000099999999999 0.00000000099999999999 0.17318064755791368059 0.00000000099999999999 0.00000000099999999999 0.00000000099999999999 0.82681934444208626811 
0.00000000099999999994 0.00000000099999999994 0.00000000099999999994 0.00000000099999999994 0.00000000099999999994 0.99999999100000014352 0.00000000099999999994 0.00000000099999999994 0.00000000099999999994 0.00000000099999999994 
0.00000000099999999996 0.00000000099999999996 0.00000000099999999996 0.00000000099999999996 0.00000000099999999996 0.99999999100000014352 0.00000000099999999996 0.00000000099999999996 0.00000000099999999996 0.00000000099999999996 
0.00000000099999999990 0.00000000099999999990 0.00000000099999999990 0.00000000099999999990 0.00000000099999999990 0.00000000099999999990 0.00000000099999999990 0.00000000099999999990 0.99999999099999992147 0.00000000099999999990 
0.00000000099999999988 0.99999999100000025454 0.00000000099999999988 0.00000000099999999988 0.00000000099999999988 0.00000000099999999988 0.00000000099999999988 0.00000000099999999988 0.00000000099999999988 0.00000000099999999988 
0.00000000099999999999 0.00003084229075515383 0.00000000099999999999 0.00000000099999999999 0.00000000099999999999 0.19888173732677233430 0.00000000099999999999 0.00000000099999999999 0.00000015718816087869 0.80108725719431161938 
0.00000001892011119945 0.00220962782475442755 0.00000000100000000000 0.00000000100000000000 0.02269189155703629779 0.16474943151997328838 0.00011879417046618772 0.00817179287038783189 0.00000034326318923072 0.80205809787408166578 
0.00000015157792701559 0.02432528137274289973 0.00000000099999999999 0.00000000099999999999 0.02193433534390412318 0.13171398735763117926 0.00000000099999999999 0.00000000099999999999 0.00000000099999999999 0.82202623934779484038 
0.00000000099999999995 0.53142992110126530125 0.00000000099999999995 0.00000000099999999995 0.00000000099999999995 0.00000000099999999995 0.00000000099999999995 0.00000000099999999995 0.46857007089873498051 0.00000000099999999995 
0.00000000099999999988 0.00000000099999999988 0.00000000099999999988 0.00000000099999999988 0.00000000099999999988 0.00000000099999999988 0.00000000099999999988 0.00000000099999999988 0.99999999100000003249 0.00000000099999999988 
0.00000000099999999999 0.00658553563732218808 0.00000000099999999999 0.00000000099999999999 0.00000000099999999999 0.11914776645405091016 0.00000000099999999999 0.00000005394071035022 0.01028148999604127332 0.86398514897187528305 
0.03676949706714021521 0.00000000099999999999 0.00000000099999999999 0.00000000099999999999 0.00000000413831941430 0.11779503505185015544 0.00000000216277244668 0.00000004034806918567 0.03408439178690498422 0.81135102644494350166 
0.00000000099999999998 0.00000000099999999998 0.00000000099999999998 0.00000000099999999998 0.00000000099999999998 0.99999999100000003249 0.00000000099999999998 0.00000000099999999998 0.00000000099999999998 0.00000000099999999998 
0.00000000099999999999 0.00000000099999999999 0.00000000099999999999 0.00000000099999999999 0.00000000099999999999 0.15477922493970583395 0.00000512222764811202 0.00000000099999999999 0.00000000099999999999 0.84521564583264607862 
0.00000000099999999997 0.00000000099999999997 0.00000000099999999997 0.00000000099999999997 0.00000000099999999997 0.99999999100000014352 0.00000000099999999997 0.00000000099999999997 0.00000000099999999997 0.00000000099999999997 
0.00000000099999999997 0.00000000099999999997 0.00000000099999999997 0.00000000099999999997 0.00000000099999999997 0.99999999100000014352 0.00000000099999999997 0.00000000099999999997 0.00000000099999999997 0.00000000099999999997 
0.00000000099999999997 0.00000000099999999997 0.00000000099999999997 0.00000000099999999997 0.00000000099999999997 0.99999999100000014352 0.00000000099999999997 0.00000000099999999997 0.00000000099999999997 0.00000000099999999997 
0.00000000099999999999 0.00000700692977997709 0.00000001683612615032 0.00000000099999999999 0.00000000099999999999 0.99999285690666073201 0.00000000099999999999 0.00000000099999999999 0.00000011332743305771 0.00000000099999999999 
0.03368583194489911670 0.00000000100000000000 0.00000000100000000000 0.00000000100000000000 0.08581166604252214725 0.15968668668738744687 0.10564544755162649792 0.00000000634501686354 0.01904435877443707431 0.59612599965411083858 
0.00000000099999999998 0.00000000099999999998 0.00000000099999999998 0.21945870349064031113 0.00000000099999999998 0.78054128850935977635 0.00000000099999999998 0.00000000099999999998 0.00000000099999999998 0.00000000099999999998 
0.00000000099999999997 0.00000000099999999997 0.00000000099999999997 0.00000000099999999997 0.00000000099999999997 0.99999999100000014352 0.00000000099999999997 0.00000000099999999997 0.00000000099999999997 0.00000000099999999997 
0.00768535431906961896 0.00000000099999999999 0.00000000099999999999 0.00000000099999999999 0.01174109010452194755 0.15916386563906853580 0.00000000966824389387 0.02757349509429008264 0.02700448599933046728 0.76683169617547553010 
0.00000000099999999999 0.00000000099999999999 0.00000000099999999999 0.14154785011421869290 0.00000000099999999999 0.78648556153910831323 0.07196658134667288653 0.00000000099999999999 0.00000000099999999999 0.00000000099999999999 
0.00000000099999999998 0.00000000099999999998 0.00000000099999999998 0.00000000099999999998 0.00000000099999999998 0.99999999100000014352 0.00000000099999999998 0.00000000099999999998 0.00000000099999999998 0.00000000099999999998 
0.00000000099999999997 0.00000000099999999997 0.00000000099999999997 0.00000000099999999997 0.00000000099999999997 0.99999999100000014352 0.00000000099999999997 0.00000000099999999997 0.00000000099999999997 0.00000000099999999997 
0.00000000099999999998 0.00000000099999999998 0.00000000099999999998 0.00000000099999999998 0.00000000099999999998 0.99999999100000014352 0.00000000099999999998 0.00000000099999999998 0.00000000099999999998 0.00000000099999999998 
0.00000000099999999999 0.08918156554395774427 0.00000000099999999999 0.00000000099999999999 0.00000000099999999999 0.91081842645604227382 0.00000000099999999999 0.00000000099999999999 0.00000000099999999999 0.00000000099999999999 
0.00161079983279469800 0.13842298752501314141 0.00000000100000000000 0.00000000100000000000 0.00000016046492971469 0.37230302042403551344 0.03065983668725882211 0.00597709939835928093 0.36871073534759818413 0.08231535832001046771 
0.00000000099999999996 0.00000000099999999996 0.00000000099999999996 0.00000000099999999996 0.00000000099999999996 0.99999999100000003249 0.00000000099999999996 0.00000000099999999996 0.00000000099999999996 0.00000000099999999996 
0.00000000099999999996 0.00000000099999999996 0.00000000099999999996 0.00000000099999999996 0.00000000099999999996 0.99999999100000003249 0.00000000099999999996 0.00000000099999999996 0.00000000099999999996 0.00000000099999999996 
0.00000024733763598886 0.00000000100000000000 0.00000000100000000000 0.00000000100000000000 0.09846745630407988115 0.63405926903116538451 0.00846562396742072364 0.08681501506573321980 0.06724744235438445683 0.10494494293958035736 
0.00000000099999999984 0.99999999100000014352 0.00000000099999999984 0.00000000099999999984 0.00000000099999999984 0.00000000099999999984 0.00000000099999999984 0.00000000099999999984 0.00000000099999999984 0.00000000099999999984 
0.00000000099999999993 0.00000000099999999993 0.00000000099999999993 0.00000000099999999993 0.00000000099999999993 0.00000000099999999993 0.00000000099999999993 0.00000000099999999993 0.99999999099999992147 0.00000000099999999993 
0.00000000099999999999 0.03572516317955543030 0.00000000099999999999 0.00000000099999999999 0.00000000099999999999 0.19990114111453080592 0.01572488475305917552 0.00000000099999999999 0.00000000099999999999 0.74864880495285446305 
0.02097889828451398112 0.00000000100000000000 0.02048151178887881382 0.00000000100000000000 0.00000000100000000000 0.13994428270471370723 0.00156527558074358872 0.00000000100000000000 0.00993011372259442957 0.80709991391855551157 
0.00002339726840750211 0.00001533794303738272 0.00000000100000000000 0.00000000100000000000 0.00000000100000000000 0.23468748824952762044 0.00321550132592490073 0.00000000100000000000 0.00713760661659142842 0.75492066459651130383 
0.00000000099999999996 0.00000000099999999996 0.00000000099999999996 0.00000000099999999996 0.00000000099999999996 0.99999999100000003249 0.00000000099999999996 0.00000000099999999996 0.00000000099999999996 0.00000000099999999996 
0.00000000099999999998 0.00000000099999999998 0.03085715594621760496 0.06619792615254886659 0.00000000099999999998 0.90294491090123374377 0.00000000099999999998 0.00000000099999999998 0.00000000099999999998 0.00000000099999999998 
0.00000434083716285856 0.03779376062061971103 0.02930038657181758752 0.00055488523846528167 0.07786699738591990050 0.57748615156690785710 0.04460444195760239483 0.08928996629097382676 0.00000000100000000000 0.14309906853053067088 
0.06480036964964742963 0.13496288454772648047 0.01493056906866758668 0.00000000100000000000 0.10962377291363109566 0.25904087149534088530 0.01798988388330589189 0.39865107460681931117 0.00000000100000000000 0.00000057183486128868 
0.00000540126459641851 0.17132021605650371576 0.00000000099999999999 0.00000000099999999999 0.00000002790064389646 0.26778415446887310347 0.00000000099999999999 0.56089006797567131368 0.00000000099999999999 0.00000012833371154704 
0.99999999100000014352 0.00000000099999999993 0.00000000099999999993 0.00000000099999999993 0.00000000099999999993 0.00000000099999999993 0.00000000099999999993 0.00000000099999999993 0.00000000099999999993 0.00000000099999999993 
0.99999999100000025454 0.00000000099999999993 0.00000000099999999993 0.00000000099999999993 0.00000000099999999993 0.00000000099999999993 0.00000000099999999993 0.00000000099999999993 0.00000000099999999993 0.00000000099999999993 
0.00000000099999999996 0.00000000099999999996 0.54632058169767838685 0.00000000099999999996 0.00000000099999999996 0.00000000099999999996 0.00000000099999999996 0.45367941030232167288 0.00000000099999999996 0.00000000099999999996 
0.00000000099999999989 0.00000000099999999989 0.99999999100000014352 0.00000000099999999989 0.00000000099999999989 0.00000000099999999989 0.00000000099999999989 0.00000000099999999989 0.00000000099999999989 0.00000000099999999989 
0.99999999100000025454 0.00000000099999999994 0.00000000099999999994 0.00000000099999999994 0.00000000099999999994 0.00000000099999999994 0.00000000099999999994 0.00000000099999999994 0.00000000099999999994 0.00000000099999999994 
0.00000000099999999990 0.00000000099999999990 0.99999999100000003249 0.00000000099999999990 0.00000000099999999990 0.00000000099999999990 0.00000000099999999990 0.00000000099999999990 0.00000000099999999990 0.00000000099999999990 
0.00000000099999999996 0.00000000099999999996 0.00000000099999999996 0.00000000099999999996 0.00000000099999999996 0.00000000099999999996 0.00000000099999999996 0.99999999099999992147 0.00000000099999999996 0.00000000099999999996 
0.99999999100000025454 0.00000000099999999994 0.00000000099999999994 0.00000000099999999994 0.00000000099999999994 0.00000000099999999994 0.00000000099999999994 0.00000000099999999994 0.00000000099999999994 0.00000000099999999994 
0.00208714793694757565 0.11733185294513524821 0.00000000100000000000 0.00000068294391182187 0.18049776799045599840 0.23503735598653674455 0.00284854046591753859 0.41132615965935248603 0.00070043924309665432 0.05017005182864604090 
0.09939032413907901431 0.06926134525269113384 0.00000000100000000000 0.00000000100000000000 0.13578491830491101755 0.21837647350378183719 0.00000000100000000000 0.38023596466546277783 0.01749909055142350942 0.07945188058265087450 
0.99999999100000025454 0.00000000099999999995 0.00000000099999999995 0.00000000099999999995 0.00000000099999999995 0.00000000099999999995 0.00000000099999999995 0.00000000099999999995 0.00000000099999999995 0.00000000099999999995 
0.00000000099999999998 0.00000000099999999998 0.41939062038459229420 0.00000000099999999998 0.00000000099999999998 0.00000000099999999998 0.00000000099999999998 0.58060937161540771001 0.00000000099999999998 0.00000000099999999998 
0.00000000099999999986 0.00000000099999999986 0.99999999100000003249 0.00000000099999999986 0.00000000099999999986 0.00000000099999999986 0.00000000099999999986 0.00000000099999999986 0.00000000099999999986 0.00000000099999999986 
0.00000000099999999991 0.00000000099999999991 0.99999999100000003249 0.00000000099999999991 0.00000000099999999991 0.00000000099999999991 0.00000000099999999991 0.00000000099999999991 0.00000000099999999991 0.00000000099999999991 
0.00000000099999999996 0.00000000099999999996 0.00000000099999999996 0.00000000099999999996 0.00000000099999999996 0.00000000099999999996 0.00000000099999999996 0.99999999099999992147 0.00000000099999999996 0.00000000099999999996 
0.00000000099999999990 0.00000000099999999990 0.00000000099999999990 0.00000000099999999990 0.00000000099999999990 0.00000000099999999990 0.00000000099999999990 0.99999999099999992147 0.00000000099999999990 0.00000000099999999990 
0.00000000099999999996 0.00000000099999999996 0.00000000099999999996 0.00000000099999999996 0.00000000099999999996 0.00000000099999999996 0.00000000099999999996 0.99999999099999992147 0.00000000099999999996 0.00000000099999999996 
0.99999999100000014352 0.00000000099999999995 0.00000000099999999995 0.00000000099999999995 0.00000000099999999995 0.00000000099999999995 0.00000000099999999995 0.00000000099999999995 0.00000000099999999995 0.00000000099999999995 
0.00000002466999963949 0.00000148898768493871 0.00000000099999999999 0.00000000099999999999 0.11903277137044217249 0.24172571562865011185 0.02475053883144119615 0.51502124987089148433 0.09945163666139668346 0.00001657197949379168 
0.00000010134562681346 0.06639977299288364609 0.00000000100000000000 0.00000000100000000000 0.13663511462643240790 0.36096934384394868678 0.01354688665190342638 0.42244871342823253624 0.00000000100000000000 0.00000006411097256031 
0.09742330052727078693 0.00000000100000000000 0.05672357805772772210 0.04903884182802771552 0.42997879876039063474 0.07809947072807942037 0.00000000100000000000 0.28873600609850380572 0.00000000100000000000 0.00000000100000000000 
0.00000000099999999986 0.00000000099999999986 0.99999999100000014352 0.00000000099999999986 0.00000000099999999986 0.00000000099999999986 0.00000000099999999986 0.00000000099999999986 0.00000000099999999986 0.00000000099999999986 
0.00000000099999999996 0.00000000099999999996 0.00000000099999999996 0.00000000099999999996 0.00000000099999999996 0.00000000099999999996 0.00000000099999999996 0.99999999100000003249 0.00000000099999999996 0.00000000099999999996 
0.99999999100000025454 0.00000000099999999996 0.00000000099999999996 0.00000000099999999996 0.00000000099999999996 0.00000000099999999996 0.00000000099999999996 0.00000000099999999996 0.00000000099999999996 0.00000000099999999996 
0.99999999100000014352 0.00000000099999999993 0.00000000099999999993 0.00000000099999999993 0.00000000099999999993 0.00000000099999999993 0.00000000099999999993 0.00000000099999999993 0.00000000099999999993 0.00000000099999999993 
0.00000000099999999991 0.00000000099999999991 0.99999999100000014352 0.00000000099999999991 0.00000000099999999991 0.00000000099999999991 0.00000000099999999991 0.00000000099999999991 0.00000000099999999991 0.00000000099999999991 
0.00000000099999999985 0.00000000099999999985 0.99999999100000003249 0.00000000099999999985 0.00000000099999999985 0.00000000099999999985 0.00000000099999999985 0.00000000099999999985 0.00000000099999999985 0.00000000099999999985 
0.18554146529062859328 0.00000000099999999999 0.12663867940292972136 0.00000000099999999999 0.00000000099999999999 0.00000000099999999999 0.00000000099999999999 0.68781984830644160578 0.00000000099999999999 0.00000000099999999999 
0.99999999100000025454 0.00000000099999999992 0.00000000099999999992 0.00000000099999999992 0.00000000099999999992 0.00000000099999999992 0.00000000099999999992 0.00000000099999999992 0.00000000099999999992 0.00000000099999999992 
0.12601624739307873413 0.12849260818197502654 0.00000000100000000000 0.02192911861896302411 0.13033727771814418439 0.21602992307720025877 0.00427672385150070725 0.37291809815913812276 0.00000000100000000000 0.00000000100000000000 
0.05202681507575988157 0.14117941925573734840 0.00000000099999999999 0.00000000099999999999 0.05668396786577296204 0.33023525402983527899 0.00000000099999999999 0.41987453695515369878 0.00000000099999999999 0.00000000281774087611 
0.99999999100000025454 0.00000000099999999993 0.00000000099999999993 0.00000000099999999993 0.00000000099999999993 0.00000000099999999993 0.00000000099999999993 0.00000000099999999993 0.00000000099999999993 0.00000000099999999993 
0.00000000099999999998 0.00000000099999999998 0.24719366248555332821 0.05572962056100578404 0.00000000099999999998 0.00000000099999999998 0.00000000099999999998 0.69707670995344095388 0.00000000099999999998 0.00000000099999999998 
0.00000000099999999987 0.00000000099999999987 0.99999999100000003249 0.00000000099999999987 0.00000000099999999987 0.00000000099999999987 0.00000000099999999987 0.00000000099999999987 0.00000000099999999987 0.00000000099999999987 
0.00000000099999999983 0.00000000099999999983 0.99999999100000014352 0.00000000099999999983 0.00000000099999999983 0.00000000099999999983 0.00000000099999999983 0.00000000099999999983 0.00000000099999999983 0.00000000099999999983 
0.00000000099999999996 0.00000000099999999996 0.00000000099999999996 0.00000000099999999996 0.00000000099999999996 0.00000000099999999996 0.00000000099999999996 0.99999999100000003249 0.00000000099999999996 0.00000000099999999996 
0.99999999100000014352 0.00000000099999999994 0.00000000099999999994 0.00000000099999999994 0.00000000099999999994 0.00000000099999999994 0.00000000099999999994 0.00000000099999999994 0.00000000099999999994 0.00000000099999999994 
0.00000000099999999989 0.00000000099999999989 0.99999999100000014352 0.00000000099999999989 0.00000000099999999989 0.00000000099999999989 0.00000000099999999989 0.00000000099999999989 0.00000000099999999989 0.00000000099999999989 
0.05065692383708807894 0.06400740499507995285 0.00000000100000000000 0.00000000100000000000 0.14775449735168802445 0.23071877011850555617 0.00000000100000000000 0.44349325353650992376 0.04261074432792288230 0.02075840283320567678 
0.00000000099999999999 0.10076628082576362389 0.00000000099999999999 0.00000000099999999999 0.12933062324894467610 0.28967037924377375679 0.00000000099999999999 0.47995523465949563313 0.00022222297187147205 0.00005525505015087427 
0.99999999100000014352 0.00000000099999999994 0.00000000099999999994 0.00000000099999999994 0.00000000099999999994 0.00000000099999999994 0.00000000099999999994 0.00000000099999999994 0.00000000099999999994 0.00000000099999999994 
0.99999999100000014352 0.00000000099999999995 0.00000000099999999995 0.00000000099999999995 0.00000000099999999995 0.00000000099999999995 0.00000000099999999995 0.00000000099999999995 0.00000000099999999995 0.00000000099999999995 
0.00000000099999999999 0.00000000099999999999 0.32782882442244826171 0.00000000099999999999 0.00000000099999999999 0.00000000099999999999 0.00000000099999999999 0.67217116757755168699 0.00000000099999999999 0.00000000099999999999 
0.99999999100000014352 0.00000000099999999992 0.00000000099999999992 0.00000000099999999992 0.00000000099999999992 0.00000000099999999992 0.00000000099999999992 0.00000000099999999992 0.00000000099999999992 0.00000000099999999992 
0.09944766484953819485 0.10043240890417118316 0.00000000100000000000 0.00000000100000000000 0.14773667966027681508 0.26956944842296393094 0.01143980319682052528 0.35400500160103465230 0.00000000100000000000 0.01736899036519457679 
0.12762424200775945859 0.10381590346569163907 0.00000000099999999999 0.00000000099999999999 0.09727371386476053872 0.22994941834779938916 0.00000000099999999999 0.44133671731398899096 0.00000000099999999999 0.00000000099999999999 
0.00000001002133259972 0.00000003067416494669 0.00000000099999999999 0.00000000099999999999 0.00012564982580283066 0.37070909016331143881 0.00000000099999999999 0.62913425618501084280 0.00003095913037716834 0.00000000099999999999 
0.00000000099999999999 0.00000000099999999999 0.38499550084141032080 0.00000000099999999999 0.00000000211094596008 0.00000000099999999999 0.00000000099999999999 0.61500449004764357053 0.00000000099999999999 0.00000000099999999999 
0.00046101669018203080 0.00000000099999999998 0.48303087442841852184 0.00000000099999999998 0.00000000099999999998 0.00000000099999999998 0.00000000099999999998 0.51650810188139928414 0.00000000099999999998 0.00000000099999999998 
0.00000000099999999992 0.00000000099999999992 0.00000000099999999992 0.00000000099999999992 0.00000000099999999992 0.00000000099999999992 0.00000000099999999992 0.99999999099999992147 0.00000000099999999992 0.00000000099999999992 
0.03880242504315101204 0.01958610216963658709 0.00302807756029981881 0.06926355024603517152 0.00000000099999999998 0.00000000099999999998 0.00000000099999999998 0.86931983998087736243 0.00000000099999999998 0.00000000099999999998 
0.99999999100000014352 0.00000000099999999991 0.00000000099999999991 0.00000000099999999991 0.00000000099999999991 0.00000000099999999991 0.00000000099999999991 0.00000000099999999991 0.00000000099999999991 0.00000000099999999991 
0.05797038025448093823 0.10286871432737589027 0.00000000100000000000 0.00000006781961868018 0.22184646365406107682 0.22408973922993719041 0.01945537909708758631 0.35933158170903062301 0.01443690928930605952 0.00000076361910184238 
0.99999999100000014352 0.00000000099999999995 0.00000000099999999995 0.00000000099999999995 0.00000000099999999995 0.00000000099999999995 0.00000000099999999995 0.00000000099999999995 0.00000000099999999995 0.00000000099999999995 
0.00000000099999999993 0.00000000099999999993 0.00000000099999999993 0.00000000099999999993 0.00000000099999999993 0.00000000099999999993 0.00000000099999999993 0.99999999100000003249 0.00000000099999999993 0.00000000099999999993 
0.00012063754994993163 0.00000000099999999999 0.44804603598653447438 0.00016102950670508252 0.00000000099999999999 0.00000000099999999999 0.00000000099999999999 0.55167229095681047379 0.00000000099999999999 0.00000000099999999999 
0.13926063021216697480 0.07764696015440096521 0.00000000100000000000 0.00000000100000000000 0.11672464143619616650 0.30380381516325211111 0.01611827260535588641 0.31999115824185114798 0.02606477627119555690 0.00038974391558108736 
0.00000000099999999996 0.00000000099999999996 0.00000000099999999996 0.00000000099999999996 0.00000000099999999996 0.00000000099999999996 0.00000000099999999996 0.99999999100000003249 0.00000000099999999996 0.00000000099999999996 
0.04518925244465778202 0.09403933598141069050 0.00000000100000000000 0.00000000100000000000 0.08390113990524598886 0.34173763940374030090 0.00681203097506695703 0.42832059728987847969 0.00000000100000000000 0.00000000100000000000 
0.06891180200528239375 0.09122237668293797785 0.00000000100000000000 0.00000000100000000000 0.13876087930949618232 0.22280125536974729195 0.02636325569905330693 0.41984343476787600036 0.00662098715124063205 0.02547600701436605192 
0.07646949505808657566 0.10143206399640271320 0.00000000100000000000 0.00000000100000000000 0.17853840786125113604 0.21984777452468837189 0.01963447453456002717 0.38172394231062950487 0.00000089632465016536 0.02235294338973141046 
0.99999999100000014352 0.00000000099999999994 0.00000000099999999994 0.00000000099999999994 0.00000000099999999994 0.00000000099999999994 0.00000000099999999994 0.00000000099999999994 0.00000000099999999994 0.00000000099999999994 
0.00000000099999999991 0.00000000099999999991 0.99999999100000003249 0.00000000099999999991 0.00000000099999999991 0.00000000099999999991 0.00000000099999999991 0.00000000099999999991 0.00000000099999999991 0.00000000099999999991 
0.00000000099999999987 0.00000000099999999987 0.99999999100000003249 0.00000000099999999987 0.00000000099999999987 0.00000000099999999987 0.00000000099999999987 0.00000000099999999987 0.00000000099999999987 0.00000000099999999987 
0.00000000099999999995 0.00000000099999999995 0.00000000099999999995 0.00000001741133369765 0.00000000099999999995 0.00000000099999999995 0.00000000099999999995 0.99999997458866640709 0.00000000099999999995 0.00000000099999999995 
0.00000000099999999996 0.00000000099999999996 0.00000000099999999996 0.00000000099999999996 0.00000000099999999996 0.00000000099999999996 0.00000000099999999996 0.99999999099999992147 0.00000000099999999996 0.00000000099999999996 
0.36311645546480147972 0.01945399432865544884 0.09435691950497836211 0.32828963637897634609 0.00969067193578190128 0.04567681141489947361 0.00000000099999999999 0.13941550797190707667 0.00000000099999999999 0.00000000099999999999 
0.07716471575181758913 0.11518571015751954967 0.00000000099999999999 0.00000000099999999999 0.11400349164340603525 0.26684330526877536593 0.00000000099999999999 0.36146977612390179813 0.00000312976774487851 0.06532986828683488845 
0.00000000099999999991 0.00000000099999999991 0.00000000099999999991 0.00000000099999999991 0.00000000099999999991 0.00000000099999999991 0.00000000099999999991 0.99999999100000003249 0.00000000099999999991 0.00000000099999999991 
0.99999999100000014352 0.00000000099999999993 0.00000000099999999993 0.00000000099999999993 0.00000000099999999993 0.00000000099999999993 0.00000000099999999993 0.00000000099999999993 0.00000000099999999993 0.00000000099999999993 
0.06855946497105319670 0.00000003661883914300 0.00000000099999999999 0.00000000099999999999 0.14850677171240103669 0.27944933904820390413 0.00000000099999999999 0.38476479241587924207 0.11871959123362352262 0.00000000099999999999 
0.99999999100000014352 0.00000000099999999994 0.00000000099999999994 0.00000000099999999994 0.00000000099999999994 0.00000000099999999994 0.00000000099999999994 0.00000000099999999994 0.00000000099999999994 0.00000000099999999994 
0.09436422664872926025 0.06782414627580554689 0.00000000100000000000 0.03765300732027770242 0.11125132881624755221 0.28628305140344317836 0.01807524879042212221 0.38439462048910733039 0.00015436825596726238 0.00000000100000000000 
0.00000000099999999999 0.00000000120291491870 0.30535937790622752486 0.00000000099999999999 0.13522722376011864220 0.00000000099999999999 0.00000000099999999999 0.55941339113073873524 0.00000000099999999999 0.00000000099999999999 
0.00000000099999999990 0.00000000099999999990 0.00000000099999999990 0.00000000099999999990 0.00000000099999999990 0.00000000099999999990 0.00000000099999999990 0.99999999099999992147 0.00000000099999999990 0.00000000099999999990 
