0.00004406952455080560 0.30513431000635293788 0.58053160483846744100 0.05800124653614931181 0.04952148183236108892 0.00000000100000000000 0.00000071468517264142 0.00676657157694577661 
0.00000000099999999963 0.00000000099999999963 0.00000000099999999963 0.00000000099999999963 0.00000000099999999963 0.00000000099999999963 0.00000000099999999963 0.99999999299999997593 
0.00000000099999999998 0.99999999300000019797 0.00000000099999999998 0.00000000099999999998 0.00000000099999999998 0.00000000099999999998 0.00000000099999999998 0.00000000099999999998 
0.00000000099999999998 0.99999999300000008695 0.00000000099999999998 0.00000000099999999998 0.00000000099999999998 0.00000000099999999998 0.00000000099999999998 0.00000000099999999998 
0.00000000099999999999 0.00000000099999999999 0.88479932149657325446 0.00000000099999999999 0.00000000099999999999 0.01868165130049858139 0.00000000099999999999 0.09651902220292825352 
0.00000000099999999999 0.57773761444993576575 0.32443095464609433831 0.00000000099999999999 0.09783142590397009286 0.00000000099999999999 0.00000000099999999999 0.00000000099999999999 
0.16822909773592395477 0.22470906971369594696 0.58227948531137496690 0.00000000162140514309 0.00000000100000000000 0.00000000100000000000 0.02083610941237174982 0.00394623420522822402 
0.00267970193716459207 0.44880315095697792538 0.50237101924396554420 0.00661635994515275688 0.00000000100000000000 0.00085460447198275878 0.00120294527994204868 0.03747221716481435871 
0.00000000100000000000 0.31984112821550614303 0.56835024996353578075 0.03364859264018920521 0.00000000100000000000 0.00000000100000000000 0.05819290755968652140 0.01996711862108246915 
0.00000003201160445800 0.28383713629158285885 0.57491118710774513634 0.05876868570868731823 0.04409248608384776225 0.00107313866522034469 0.00000000100000000000 0.03731733313131206653 
0.00000000099999999999 0.00000000099999999999 0.99999999300000008695 0.00000000099999999999 0.00000000099999999999 0.00000000099999999999 0.00000000099999999999 0.00000000099999999999 
0.00000000100000000000 0.35899248628975743980 0.60145621936043591749 0.02170334213946325391 0.00000000100000000000 0.00000000100000000000 0.01731390998069798695 0.00053403922964551131 
0.00003379078987661710 0.39035576846459735245 0.60961040536565858083 0.00000000100000000000 0.00000000100000000000 0.00000002899754709702 0.00000000100000000000 0.00000000338232034532 
0.00000000099999999998 0.99999999300000008695 0.00000000099999999998 0.00000000099999999998 0.00000000099999999998 0.00000000099999999998 0.00000000099999999998 0.00000000099999999998 
0.05141546628039765643 0.53348765913345996825 0.35436187951679765096 0.04443109433022860572 0.00000000100000000000 0.00000000100000000000 0.00125978526922729413 0.01504411346988892770 
0.01794758890022332687 0.27709394275741722202 0.54879754073757092137 0.00000000100000000000 0.00000143753888410829 0.02148690106498067978 0.08617708659817598094 0.04849550140274777599 
0.00000000100000000000 0.28861180497480970475 0.63469990396013353795 0.03048887879569241177 0.00000000100000000000 0.00151776069608124597 0.02400943964289047050 0.02067220993039246488 
0.00000000100000000000 0.27673316306643508389 0.57613417241474773611 0.00003269410054892544 0.05886044402235215273 0.00000000100000000000 0.07425887403031888878 0.01398065036559719213 
0.00000000099999999999 0.00000000099999999999 0.99999999300000008695 0.00000000099999999999 0.00000000099999999999 0.00000000099999999999 0.00000000099999999999 0.00000000099999999999 
0.00000000100000000000 0.23809925786046171048 0.59408520900151007282 0.03917406722510603789 0.00000000100000000000 0.00000008418485847512 0.10300003164076451667 0.02564134808729908940 
0.01605194665561714140 0.34004069947833587273 0.62500149243960834156 0.00000046646403866979 0.00000000100000000000 0.01884540522236380702 0.00000000100000000000 0.00005998774003630033 
0.00000000099999999998 0.00000000099999999998 0.99999999299999997593 0.00000000099999999998 0.00000000099999999998 0.00000000099999999998 0.00000000099999999998 0.00000000099999999998 
0.02111825286143689806 0.33404905191337419534 0.53365089779643659629 0.02796339350200427801 0.00000000100000000000 0.00000254479976531703 0.05100153266155105225 0.03221432546543163272 
0.00000000099999999997 0.00000000099999999997 0.99999999299999997593 0.00000000099999999997 0.00000000099999999997 0.00000000099999999997 0.00000000099999999997 0.00000000099999999997 
0.02110154365655829423 0.34666640339343302024 0.53444257945454842762 0.00000000100000000000 0.01629780985539257959 0.00288812789889562275 0.07116819515376740513 0.00743533958740452174 
0.00217092111205745677 0.36616529689929000480 0.54440487321196406878 0.01783845124310185978 0.00000000100000000000 0.00000000100000000000 0.05949028740871620952 0.00993016812487041399 
0.04603431190211562662 0.00000000099999999999 0.95396568209788434878 0.00000000099999999999 0.00000000099999999999 0.00000000099999999999 0.00000000099999999999 0.00000000099999999999 
0.00000000102710748460 0.25304545231788561077 0.66036613464421844988 0.05415346634425511479 0.00662018627294381524 0.01030034011364670994 0.00000000477520882996 0.01551441450473413364 
0.00000000099999999999 0.00000000099999999999 0.99999997829451414688 0.00000000099999999999 0.00000000099999999999 0.00000000099999999999 0.00000000099999999999 0.00000001570548583787 
0.00000000099999999999 0.00000000099999999999 0.99999999109350956594 0.00000000099999999999 0.00000000099999999999 0.00000000099999999999 0.00000000099999999999 0.00000000290649038241 
0.00026880285943160938 0.37019997650087915764 0.58470326413645234975 0.01285954662340842679 0.00000000100000000000 0.03180414375782415065 0.00016426412200423065 0.00000000100000000000 
0.00000000099999999999 0.41726864600375113135 0.41272313807440336175 0.00000000099999999999 0.08608556369444331224 0.00000000099999999999 0.08392264822740215513 0.00000000099999999999 
0.00000432388805999675 0.18326702599066471699 0.67111398377646469537 0.00179787743773184212 0.00000000100000000000 0.05052802294211041628 0.09328876396496843526 0.00000000100000000000 
0.00000000099999999981 0.00000000099999999981 0.00000000099999999981 0.00000000099999999981 0.00000000099999999981 0.00000000099999999981 0.00000000099999999981 0.99999999300000008695 
0.00000033914456671462 0.61693761415483072685 0.31639771427034996121 0.03620569239240448850 0.00000991758122312465 0.00000011165589324299 0.01043926828155214599 0.02000934251917944190 
0.00000001202724126629 0.24150765583202987719 0.58054129496615258788 0.08216294949271639447 0.02628841636371245100 0.02800621628904373384 0.00000000352592449490 0.04149345150317925585 
0.00000000099999999966 0.00000000099999999966 0.00000000099999999966 0.00000000099999999966 0.00000000099999999966 0.00000000099999999966 0.00000000099999999966 0.99999999299999997593 
0.00000180870025240683 0.40423011708569406286 0.49879942316435160743 0.04434670889568370633 0.00000000100000000000 0.02551039575356152389 0.00000000100000000000 0.02711154440045674199 
0.00000000099999999997 0.00000000099999999997 0.99999999299999997593 0.00000000099999999997 0.00000000099999999997 0.00000000099999999997 0.00000000099999999997 0.00000000099999999997 
0.00000000099999999998 0.00000000099999999998 0.99999999299999997593 0.00000000099999999998 0.00000000099999999998 0.00000000099999999998 0.00000000099999999998 0.00000000099999999998 
0.00000000099999999998 0.00000000099999999998 0.99999999299999997593 0.00000000099999999998 0.00000000099999999998 0.00000000099999999998 0.00000000099999999998 0.00000000099999999998 
0.00000000100000000000 0.26319756603125499250 0.47697523760770788037 0.00000000100000000000 0.11101819311780539157 0.00000000100000000000 0.11208579826653215783 0.03672320197669966257 
0.00000000100000000000 0.42246861046835232356 0.50099455941904158518 0.04700763690571615333 0.00000000100000000000 0.00000000100000000000 0.00000000100000000000 0.02952918920688995044 
0.02093013156463892355 0.41112185166260450941 0.51429931886311652800 0.04813188719678076349 0.00011110741226259242 0.00150469587713855115 0.00390100642345806662 0.00000000100000000000 
0.04609851296220147249 0.29599823213914006059 0.62100851477571572534 0.00051761474421525985 0.00000000100000000000 0.00000000100000000000 0.03637712237872748472 0.00000000100000000000 
0.00000000099999999998 0.00000000099999999998 0.99999999299999997593 0.00000000099999999998 0.00000000099999999998 0.00000000099999999998 0.00000000099999999998 0.00000000099999999998 
0.00000000100000000000 0.32719305185126706936 0.52646936674375810483 0.00174125390435946482 0.06574175098557197283 0.00000000100000000000 0.07885457351504336632 0.00000000100000000000 
0.03325383972641635100 0.25924574533173888602 0.56149083063626537005 0.03406866814932624221 0.00000000349536852860 0.01256761314256355129 0.06253028196357703072 0.03684301755474398560 
0.10375030673990646990 0.26007569649544071133 0.54617280808494539368 0.04400766630470699659 0.00000000100000000000 0.00000000100000000000 0.02153147555069974753 0.02446204482430079652 
0.00000000099999999998 0.99999999300000019797 0.00000000099999999998 0.00000000099999999998 0.00000000099999999998 0.00000000099999999998 0.00000000099999999998 0.00000000099999999998 
0.00117836321111844432 0.24534802834755228829 0.58644910308947206801 0.00004893506461428069 0.01778300099448262145 0.02845517172756700103 0.07755409595562695602 0.04318330160956630054 
0.04387547810790665137 0.19737765178079563766 0.64082069905399485776 0.11543364224897159631 0.00000000100000000000 0.00000000100000000000 0.00249252580833123809 0.00000000100000000000 
0.00003888900754908031 0.41620227465352993557 0.51054547006287098743 0.03738816229681844044 0.00000000100000000000 0.00821004854606918050 0.00000000100000000000 0.02761515343316245027 
0.00000020887619983746 0.00000000099999999999 0.99999978188423288561 0.00000000099999999999 0.00000000228051873570 0.00000000099999999999 0.00000000099999999999 0.00000000295904863091 
0.00000000099999999999 0.99999999300000019797 0.00000000099999999999 0.00000000099999999999 0.00000000099999999999 0.00000000099999999999 0.00000000099999999999 0.00000000099999999999 
0.00000000099999999999 0.00000000099999999999 0.94567949825813435449 0.00000000099999999999 0.00000000099999999999 0.05065955932938171619 0.00000000099999999999 0.00366093741248397619 
0.00000000099999999998 0.00000000099999999998 0.69584654100454490511 0.30415345299545515356 0.00000000099999999998 0.00000000099999999998 0.00000000099999999998 0.00000000099999999998 
0.00000480991971337278 0.41481751304796510293 0.47008626708621348289 0.00024786318084770066 0.04114412450133038412 0.02844138737544538512 0.02790758190886898429 0.01735045297961554725 
0.00000000100000000000 0.34629788645022802074 0.50134659731545683226 0.00411375264844433385 0.02752350156782025839 0.00003464955430522788 0.07714305086319715732 0.04354056060054810329 
0.00000612352250402578 0.25732953978000977502 0.47296252664716287306 0.13428894921322323541 0.00000000100000000000 0.06137315051837139573 0.05015649489833214764 0.02388321442039677278 
0.00141228694979188859 0.00000000099999999999 0.99858769246318246360 0.00000000099999999999 0.00000000099999999999 0.00000000099999999999 0.00000001558702572109 0.00000000099999999999 
0.01171307074331331792 0.29966218938385341675 0.64840046499339409891 0.00000000100000000000 0.02631563542707852921 0.01390862910932103708 0.00000000834303974639 0.00000000100000000000 
0.00000000100000000000 0.00000005659664578869 0.81479110793340481234 0.00003980969034239188 0.18516902177960697928 0.00000000100000000000 0.00000000100000000000 0.00000000100000000000 
0.00000000100000000000 0.23200225087296882931 0.64359949634144431041 0.02372274513771584908 0.00000000100000000000 0.00000000100000000000 0.08283100447958137436 0.01784450016828957944 
0.07802753249437661964 0.50872176778967848065 0.34760782319687666408 0.01074733113696015908 0.00000000100000000000 0.00000010201542077020 0.05416297920421993956 0.00073246316246731525 
0.00000000100000000000 0.51758594055569762116 0.42731644427359966043 0.00375227139850323622 0.00000000100000000000 0.00256507698565988001 0.00000001080216061394 0.04878025398437912247 
0.00000000099999999999 0.79221300904279023936 0.00000000099999999999 0.01348895008883290933 0.19429803470225109896 0.00000000099999999999 0.00000000216612574495 0.00000000099999999999 
0.02535144594543846386 0.25498966229812058959 0.54734094963277613033 0.02401335617996375182 0.04606823831254269752 0.00544203276626729644 0.07878450501193735855 0.01800980985295367112 
0.09638827568103425225 0.00000001021948486023 0.84456180878032505177 0.00000000100000000000 0.00000000100000000000 0.00000000100000000000 0.00000000100000000000 0.05904990131915596047 
0.00000048031313398933 0.28358997670893698606 0.62889666798677534842 0.02501260063431165817 0.06210555363210577828 0.00039471872473640979 0.00000000100000000000 0.00000000100000000000 
0.00000000100000000000 0.16304504552948934082 0.47760162514370679832 0.00000000100000000000 0.20008458812137452920 0.00000000100000000000 0.15926873720542925050 0.00000000100000000000 
0.00000000100000000000 0.50062745944855968627 0.01846185871676859699 0.39687464136774774914 0.00000000100000000000 0.00000000100000000000 0.07006181222038380951 0.01397422524654031231 
0.00000000099999999998 0.99999999300000008695 0.00000000099999999998 0.00000000099999999998 0.00000000099999999998 0.00000000099999999998 0.00000000099999999998 0.00000000099999999998 
0.00000000099999999998 0.99999999300000019797 0.00000000099999999998 0.00000000099999999998 0.00000000099999999998 0.00000000099999999998 0.00000000099999999998 0.00000000099999999998 
0.00000000099999999999 0.00000000099999999999 0.99999999299999997593 0.00000000099999999999 0.00000000099999999999 0.00000000099999999999 0.00000000099999999999 0.00000000099999999999 
0.00000000100000000000 0.26991164518374344272 0.59053477081836802665 0.00000000100000000000 0.03613663784986274191 0.01427256056682354307 0.07662396550067740453 0.01252041808052492891 
0.00000000100000000000 0.34160465073309731476 0.49311993964102079913 0.07062927784587887114 0.08022220075272709638 0.00000000100000000000 0.00001811435977588275 0.01440581466749997139 
0.09112330374834115565 0.60825027364210204617 0.23991078436765414517 0.00000000099999999999 0.06071561688047961286 0.00000001836142302884 0.00000000099999999999 0.00000000099999999999 
0.00000000099999999998 0.00000000099999999998 0.99999999299999997593 0.00000000099999999998 0.00000000099999999998 0.00000000099999999998 0.00000000099999999998 0.00000000099999999998 
0.00000000100000000000 0.29483875822350646967 0.60311216858611715885 0.04393457175968996237 0.00000004345808297463 0.00411969873094328309 0.02397956488168002942 0.03001519335998015583 
0.00000000099999999998 0.00000000099999999998 0.60062922057707246459 0.29171044881093355361 0.00000000099999999998 0.00000000099999999998 0.10766032561199395667 0.00000000099999999998 
0.00000000099999999999 0.00000000099999999999 0.82229636814226403363 0.03005713163685629422 0.14764648958508738708 0.00000000099999999999 0.00000000663579208365 0.00000000099999999999 
0.00000000100000000000 0.43395454305290098729 0.44267206038265244361 0.03105484914569431668 0.09195639529024156322 0.00000000100000000000 0.00036214912851075242 0.00000000100000000000 
0.00000000099999999999 0.00000000099999999999 0.99999999299999997593 0.00000000099999999999 0.00000000099999999999 0.00000000099999999999 0.00000000099999999999 0.00000000099999999999 
0.00000050262240315838 0.29028485218579608285 0.48131652986727774257 0.03896224255735750847 0.11640172300753774681 0.00000000100000000000 0.06166661095191729863 0.01136753780771044761 
0.00000000100000000000 0.49682798514312304095 0.40723242188095915006 0.02453278187787932829 0.07117609340488842418 0.00000000100000000000 0.00000000100000000000 0.00023071469315010375 
0.00000000099999999998 0.99999999300000019797 0.00000000099999999998 0.00000000099999999998 0.00000000099999999998 0.00000000099999999998 0.00000000099999999998 0.00000000099999999998 
0.03470603032584618219 0.19179129913858175560 0.63743233605089411054 0.05472159136521882739 0.00044301455427888867 0.00000000100000000000 0.08090572656518021932 0.00000000100000000000 
0.00000000100000000000 0.49020381538623902795 0.37676685719751207282 0.00004690362315106502 0.06701925904864690364 0.00000000100000000000 0.03335918458406009895 0.03260397816039069946 
0.00010181684024885936 0.29648702867645465586 0.52265774687504196194 0.02721147750240366855 0.02227967419935078866 0.01896786213118728526 0.11191088123344471172 0.00038351254186807447 
0.03087221526427320548 0.51723637911793407529 0.41026657917539716136 0.00000018894756333684 0.00038079975777247619 0.00254541799139104252 0.03869831407208956797 0.00000010567357902392 
0.00000000099999999998 0.99999999300000008695 0.00000000099999999998 0.00000000099999999998 0.00000000099999999998 0.00000000099999999998 0.00000000099999999998 0.00000000099999999998 
0.07962144046003938325 0.34336314064256651113 0.47274986433607596448 0.07144165656226879324 0.00000000100000000000 0.00000000100000000000 0.03282334015636838992 0.00000055584268106330 
0.00000000099999999998 0.99999983196944108865 0.00000000099999999998 0.00000000099999999998 0.00000000099999999998 0.00000000099999999998 0.00000000099999999998 0.00000016203055916268 
0.00000006165386411367 0.22702251657957173148 0.62990704845447675897 0.03587850393721790654 0.03341241916346864710 0.00002001544697068297 0.03361862373544639154 0.04014081102898370973 
0.10180420347269310277 0.25582021180364428181 0.56966575680881670340 0.06817809820341759475 0.00000000100000000000 0.00007367853474209503 0.00000000100000000000 0.00445804917668636558 
0.00000000974192667764 0.00000000100000000000 0.22883715480305930057 0.07823759770176667849 0.00000000100000000000 0.00000000100000000000 0.68362845963450913356 0.00929677511873825899 
0.00000000099999999999 0.00000000099999999999 0.00000000099999999999 0.00000000099999999999 0.00000000099999999999 0.00000000099999999999 0.99999999299999997593 0.00000000099999999999 
0.00000000100000000000 0.00000000100000000000 0.15771886210436275588 0.11133242945818243308 0.00000000100000000000 0.00000000100000000000 0.69187577762285223937 0.03907292681460241418 
0.00000000099999999997 0.00000000099999999997 0.00000000099999999997 0.00000000099999999997 0.00000000099999999997 0.00000000099999999997 0.99999999299999986491 0.00000000099999999997 
0.01123306320032222208 0.00000000100000000000 0.17353583335390501685 0.12416201132091124471 0.00000000100000000000 0.01375376582948167371 0.67731532329537968984 0.00000000100000000000 
0.00000000099999999998 0.00000000099999999998 0.00000000099999999998 0.00000000099999999998 0.00000000099999999998 0.00000000099999999998 0.99999999299999997593 0.00000000099999999998 
0.00000000099999999999 0.00000000099999999999 0.00000000099999999999 0.00000000099999999999 0.00000000099999999999 0.00000000099999999999 0.99999999299999997593 0.00000000099999999999 
0.00000000099999999998 0.00000000099999999998 0.00000000099999999998 0.00000000099999999998 0.00000000099999999998 0.00000000099999999998 0.99999999299999997593 0.00000000099999999998 
0.00000000099999999999 0.00000000099999999999 0.00000000099999999999 0.00000000099999999999 0.00000000099999999999 0.00000000099999999999 0.99999999299999997593 0.00000000099999999999 
0.00000000099999999998 0.00000000099999999998 0.00000000099999999998 0.00000000099999999998 0.00000000099999999998 0.00000000099999999998 0.99999999299999997593 0.00000000099999999998 
0.00000000099999999999 0.00000000099999999999 0.00000000099999999999 0.00000000099999999999 0.00000000099999999999 0.00000000099999999999 0.99999999299999997593 0.00000000099999999999 
0.00000000099999999999 0.00000000099999999999 0.00000000099999999999 0.00000000099999999999 0.00000000099999999999 0.00000000099999999999 0.99999999299999997593 0.00000000099999999999 
0.00000000099999999998 0.00000000099999999998 0.00000000099999999998 0.00000000099999999998 0.00000000099999999998 0.00000000099999999998 0.99999999299999997593 0.00000000099999999998 
0.00000000099999999999 0.00000000099999999999 0.00000000099999999999 0.13567922063088844187 0.06161490408151869963 0.00000000099999999999 0.80252530119005116571 0.00018057009754160263 
0.00000000099999999998 0.00000000099999999998 0.00000000099999999998 0.00000000099999999998 0.00000000099999999998 0.00000000099999999998 0.99999999299999997593 0.00000000099999999998 
0.00000000099999999998 0.00000000099999999998 0.00000000099999999998 0.00000000099999999998 0.00000000099999999998 0.00000000099999999998 0.99999999299999997593 0.00000000099999999998 
0.00025258931199485048 0.00000000100000000000 0.13787141415585552062 0.10357357502410724504 0.01478542370880360848 0.00000255805070756255 0.74351443774853120949 0.00000000100000000000 
0.00000000099999999998 0.00000000099999999998 0.00000000099999999998 0.00000000099999999998 0.00000000099999999998 0.00000000099999999998 0.99999999299999997593 0.00000000099999999998 
0.00000000099999999998 0.00000000099999999998 0.00000000099999999998 0.00000000099999999998 0.00000000099999999998 0.00000000099999999998 0.99999999299999997593 0.00000000099999999998 
0.03148240291347088882 0.20080011489693883053 0.09626234776025802131 0.10735836484207775254 0.12669325759832711364 0.01715533802568756580 0.41373632226034268156 0.00651185170289710763 
0.00000000099999999999 0.00000000099999999999 0.00000000099999999999 0.00000000099999999999 0.00000000099999999999 0.00000000099999999999 0.99999999299999997593 0.00000000099999999999 
0.00000000099999999997 0.00000000099999999997 0.00000000099999999997 0.00000000099999999997 0.00000000099999999997 0.00000000099999999997 0.99999999299999997593 0.00000000099999999997 
0.00000000099999999999 0.00000000099999999999 0.00000000099999999999 0.00000000099999999999 0.00000000099999999999 0.00000000099999999999 0.99999999299999986491 0.00000000099999999999 
0.00000000099999999999 0.00000000099999999999 0.00000000099999999999 0.00000000099999999999 0.00000000099999999999 0.02055534297478799760 0.97944465102521205413 0.00000000099999999999 
0.00000000099999999998 0.00000000099999999998 0.00000000099999999998 0.00000000099999999998 0.00000000099999999998 0.00000000099999999998 0.99999999299999997593 0.00000000099999999998 
0.00000000099999999998 0.00000000099999999998 0.00000000099999999998 0.00000000099999999998 0.00000000099999999998 0.00000000099999999998 0.99999999299999986491 0.00000000099999999998 
0.00000000099999999998 0.00000000099999999998 0.00000000099999999998 0.00000000099999999998 0.00000000099999999998 0.00000000099999999998 0.99999999299999997593 0.00000000099999999998 
0.00000003562180965096 0.00000000099999999999 0.00000000099999999999 0.00000000099999999999 0.00000000099999999999 0.00000000099999999999 0.99999995837819022348 0.00000000099999999999 
0.00000000099999999997 0.00000000099999999997 0.00000000099999999997 0.00000000099999999997 0.00000000099999999997 0.00000000099999999997 0.99999999299999986491 0.00000000099999999997 
0.00000000100000000000 0.04882434747799800634 0.12571589643957054028 0.10694882788602952384 0.04463638634149599133 0.00000000100000000000 0.67387453885490589123 0.00000000100000000000 
0.00000000099999999998 0.00000000099999999998 0.00000000099999999998 0.00000000099999999998 0.00000000099999999998 0.00000000099999999998 0.99999999299999997593 0.00000000099999999998 
0.00000000099999999997 0.00000000099999999997 0.00000000099999999997 0.81756043415419743514 0.00000000099999999997 0.00000000099999999997 0.18243955984580248475 0.00000000099999999997 
0.00000000099999999998 0.00000000099999999998 0.00000000099999999998 0.99999999299999997593 0.00000000099999999998 0.00000000099999999998 0.00000000099999999998 0.00000000099999999998 
0.00000000099999999998 0.00000000099999999998 0.00000000099999999998 0.99999999300000008695 0.00000000099999999998 0.00000000099999999998 0.00000000099999999998 0.00000000099999999998 
0.00000000099999999999 0.00000000099999999999 0.00000000099999999999 0.99999999299999997593 0.00000000099999999999 0.00000000099999999999 0.00000000099999999999 0.00000000099999999999 
0.00000000099999999998 0.00000000099999999998 0.00000000099999999998 0.99999999300000008695 0.00000000099999999998 0.00000000099999999998 0.00000000099999999998 0.00000000099999999998 
0.00000000099999999998 0.00000000099999999998 0.00000000099999999998 0.99999999300000008695 0.00000000099999999998 0.00000000099999999998 0.00000000099999999998 0.00000000099999999998 
0.00000000099999999998 0.00000000099999999998 0.00000000099999999998 0.99999999299999997593 0.00000000099999999998 0.00000000099999999998 0.00000000099999999998 0.00000000099999999998 
0.00000000099999999999 0.00000000099999999999 0.00000000099999999999 0.99993521920184569307 0.00000000099999999999 0.00000000099999999999 0.00006477479815429681 0.00000000099999999999 
0.00000000099999999998 0.00000000099999999998 0.00000000099999999998 0.99999999300000008695 0.00000000099999999998 0.00000000099999999998 0.00000000099999999998 0.00000000099999999998 
0.00000000099999999997 0.00000000099999999997 0.00000000099999999997 0.99999999299999997593 0.00000000099999999997 0.00000000099999999997 0.00000000099999999997 0.00000000099999999997 
0.00000000099999999997 0.00000000099999999997 0.00000000099999999997 0.99999999299999997593 0.00000000099999999997 0.00000000099999999997 0.00000000099999999997 0.00000000099999999997 
0.00000000099999999998 0.00000000099999999998 0.00000000099999999998 0.99999999300000008695 0.00000000099999999998 0.00000000099999999998 0.00000000099999999998 0.00000000099999999998 
0.00000000099999999999 0.00000000099999999999 0.00000000099999999999 0.99999999300000008695 0.00000000099999999999 0.00000000099999999999 0.00000000099999999999 0.00000000099999999999 
0.00000000099999999998 0.00000000099999999998 0.00000000099999999998 0.99999999299999997593 0.00000000099999999998 0.00000000099999999998 0.00000000099999999998 0.00000000099999999998 
0.00000000099999999998 0.00000000099999999998 0.00000000099999999998 0.99999999300000008695 0.00000000099999999998 0.00000000099999999998 0.00000000099999999998 0.00000000099999999998 
0.00000000099999999998 0.00000000099999999998 0.00000000099999999998 0.99999999300000008695 0.00000000099999999998 0.00000000099999999998 0.00000000099999999998 0.00000000099999999998 
0.03167106608064450962 0.00000000099999999999 0.00000000099999999999 0.96832892791935554211 0.00000000099999999999 0.00000000099999999999 0.00000000099999999999 0.00000000099999999999 
0.00000000099999999998 0.00000000099999999998 0.00000000099999999998 0.99999999299999997593 0.00000000099999999998 0.00000000099999999998 0.00000000099999999998 0.00000000099999999998 
0.00000000099999999997 0.00000000099999999997 0.00000000099999999997 0.99999999299999997593 0.00000000099999999997 0.00000000099999999997 0.00000000099999999997 0.00000000099999999997 
0.00000000099999999998 0.00000000099999999998 0.00000000099999999998 0.99999999300000008695 0.00000000099999999998 0.00000000099999999998 0.00000000099999999998 0.00000000099999999998 
0.00000000099999999999 0.00000000099999999999 0.00000000099999999999 0.99999999300000008695 0.00000000099999999999 0.00000000099999999999 0.00000000099999999999 0.00000000099999999999 
0.00000000099999999998 0.00000000099999999998 0.00000000099999999998 0.99999999300000008695 0.00000000099999999998 0.00000000099999999998 0.00000000099999999998 0.00000000099999999998 
0.00000000099999999998 0.00000000099999999998 0.00000000099999999998 0.99999999300000008695 0.00000000099999999998 0.00000000099999999998 0.00000000099999999998 0.00000000099999999998 
0.00000000099999999998 0.00000000099999999998 0.00000000099999999998 0.99999999300000008695 0.00000000099999999998 0.00000000099999999998 0.00000000099999999998 0.00000000099999999998 
0.00000000099999999999 0.00000000099999999999 0.00000000099999999999 0.96142576647106314791 0.00000000099999999999 0.00000000099999999999 0.03857422752893682749 0.00000000099999999999 
0.00000000099999999997 0.00000000099999999997 0.00000000099999999997 0.99999999300000008695 0.00000000099999999997 0.00000000099999999997 0.00000000099999999997 0.00000000099999999997 
0.21426841341512226080 0.00000000100000000000 0.04476095915603066355 0.00000000100000000000 0.00000000100000000000 0.70979413441515759597 0.01513413450125455570 0.01604235551243485269 
0.71779610321702325137 0.00000000099999999999 0.00000000099999999999 0.00000000099999999999 0.28220389078297680729 0.00000000099999999999 0.00000000099999999999 0.00000000099999999999 
0.72982840255075565050 0.00000000099999999999 0.00000000099999999999 0.00000000099999999999 0.27017158347418734898 0.00000000897505714350 0.00000000099999999999 0.00000000099999999999 
0.16537000008243457616 0.02834395229805897892 0.00000000100000000000 0.00000000100000000000 0.00000000100000000000 0.80628604261950642673 0.00000000100000000000 0.00000000100000000000 
0.96083009387932638568 0.00000000099999999999 0.00000000099999999999 0.00000000099999999999 0.00000000099999999999 0.00000000099999999999 0.00000000099999999999 0.03916990012067390892 
0.99999999300000008695 0.00000000099999999999 0.00000000099999999999 0.00000000099999999999 0.00000000099999999999 0.00000000099999999999 0.00000000099999999999 0.00000000099999999999 
0.70671470703863004115 0.00000000099999999999 0.00000000099999999999 0.00000000099999999999 0.29328528696137007303 0.00000000099999999999 0.00000000099999999999 0.00000000099999999999 
0.68895272213023972530 0.05959724368052015525 0.00000000099999999999 0.00000000099999999999 0.20707824746377789804 0.04437178272546240393 0.00000000099999999999 0.00000000099999999999 
0.99999999300000008695 0.00000000099999999998 0.00000000099999999998 0.00000000099999999998 0.00000000099999999998 0.00000000099999999998 0.00000000099999999998 0.00000000099999999998 
0.99999999300000008695 0.00000000099999999999 0.00000000099999999999 0.00000000099999999999 0.00000000099999999999 0.00000000099999999999 0.00000000099999999999 0.00000000099999999999 
0.99999999300000019797 0.00000000099999999999 0.00000000099999999999 0.00000000099999999999 0.00000000099999999999 0.00000000099999999999 0.00000000099999999999 0.00000000099999999999 
0.99999999300000019797 0.00000000099999999999 0.00000000099999999999 0.00000000099999999999 0.00000000099999999999 0.00000000099999999999 0.00000000099999999999 0.00000000099999999999 
0.29075003025837481418 0.07074522559536075561 0.01491960518261698475 0.00000000100000000000 0.11461970484001425541 0.47293291758147576465 0.00678034975653780264 0.02925216578561964237 
0.57337789295168306580 0.35719630711912109255 0.00000000100000000000 0.00000000100000000000 0.00000000100000000000 0.02964948909200523439 0.03977630683719058508 0.00000000100000000000 
0.99999999300000008695 0.00000000099999999998 0.00000000099999999998 0.00000000099999999998 0.00000000099999999998 0.00000000099999999998 0.00000000099999999998 0.00000000099999999998 
0.70848867648771163275 0.00000000099999999999 0.00000000099999999999 0.00000000099999999999 0.26554726038263126719 0.02596405812965722065 0.00000000099999999999 0.00000000099999999999 
0.99999999300000008695 0.00000000099999999999 0.00000000099999999999 0.00000000099999999999 0.00000000099999999999 0.00000000099999999999 0.00000000099999999999 0.00000000099999999999 
0.99999999300000008695 0.00000000099999999999 0.00000000099999999999 0.00000000099999999999 0.00000000099999999999 0.00000000099999999999 0.00000000099999999999 0.00000000099999999999 
0.00000000099999999995 0.00000000099999999995 0.00000000099999999995 0.00000000099999999995 0.00000000099999999995 0.99999999300000008695 0.00000000099999999995 0.00000000099999999995 
0.96200846978588849812 0.00000000099999999999 0.00000000099999999999 0.00000000099999999999 0.00000000099999999999 0.03799152421411150504 0.00000000099999999999 0.00000000099999999999 
0.15686416435034306049 0.00000000100000000000 0.06165317429640930491 0.01051296490597802835 0.00000000100000000000 0.75794284607254769348 0.00000000100000000000 0.01302684737472199761 
0.17627529741894809590 0.08844019222951143844 0.00013641280434926838 0.00000000100000000000 0.00000000100000000000 0.69881469396776974001 0.01442098984388199417 0.02191241173553948665 
0.99999999300000008695 0.00000000099999999998 0.00000000099999999998 0.00000000099999999998 0.00000000099999999998 0.00000000099999999998 0.00000000099999999998 0.00000000099999999998 
0.99999999300000008695 0.00000000099999999998 0.00000000099999999998 0.00000000099999999998 0.00000000099999999998 0.00000000099999999998 0.00000000099999999998 0.00000000099999999998 
0.19667735137154251923 0.05389433778060362390 0.00000017416207434808 0.00000003231414199492 0.00000000100000000000 0.71316578642318217973 0.02640825656155061998 0.00985406038690470575 
0.79892535833391575828 0.00000000099999999999 0.00000000099999999999 0.00000000099999999999 0.19388182318563346174 0.00677384762101762919 0.00000000099999999999 0.00041896685943335798 
0.99999999300000008695 0.00000000099999999999 0.00000000099999999999 0.00000000099999999999 0.00000000099999999999 0.00000000099999999999 0.00000000099999999999 0.00000000099999999999 
0.15332342290037764831 0.04823622495978435731 0.00000000100000000000 0.00000000100000000000 0.00000000100000000000 0.78051669581647697971 0.00000000100000000000 0.01792365232336123881 
0.99999999300000019797 0.00000000099999999998 0.00000000099999999998 0.00000000099999999998 0.00000000099999999998 0.00000000099999999998 0.00000000099999999998 0.00000000099999999998 
0.99999999300000019797 0.00000000099999999997 0.00000000099999999997 0.00000000099999999997 0.00000000099999999997 0.00000000099999999997 0.00000000099999999997 0.00000000099999999997 
0.00000014876271441587 0.00000000100000000000 0.06358779631468873539 0.00000921676347062748 0.18742069015790066566 0.73769255092357088888 0.01128959507765473110 0.00000000100000000000 
0.74242928583485845451 0.04214020018600950213 0.00000000099999999999 0.00000000099999999999 0.21015605352161545460 0.00157693399663773001 0.00000000099999999999 0.00369752346087903663 
0.16283821636542544775 0.00000000100000000000 0.01527499245847992876 0.00000000100000000000 0.05588036691136312462 0.75297496113191519918 0.00000000100000000000 0.01303146013281626311 
0.17968582435157656740 0.00000000100000000000 0.03894173184377338476 0.00000000100000000000 0.00000000100000000000 0.78137243880465001578 0.00000000100000000000 0.00000000100000000000 
0.19192886260484903760 0.00691145560169830094 0.03994371383349896998 0.00000000100000000000 0.00000000100000000000 0.76121596395995372308 0.00000000100000000000 0.00000000100000000000 
0.11541520832550716813 0.07335849311882151891 0.00000000610632452205 0.00000000100000000000 0.00000000100000000000 0.81122628844934685510 0.00000000100000000000 0.00000000100000000000 
0.99999999300000019797 0.00000000099999999998 0.00000000099999999998 0.00000000099999999998 0.00000000099999999998 0.00000000099999999998 0.00000000099999999998 0.00000000099999999998 
0.74799184332164503353 0.00000000099999999999 0.00000000099999999999 0.00000000099999999999 0.22392641236317162301 0.00000000099999999999 0.00000000099999999999 0.02808173931518355426 
0.72990919929027997526 0.00000000100000000000 0.01748226764523864649 0.00000000100000000000 0.17900644512336422176 0.06649952294380162554 0.00000000100000000000 0.00710256199731545447 
0.59591216376557498702 0.06247349544762507978 0.00000001880106828193 0.00000000100000000000 0.27957297086441190714 0.04862090707895163483 0.00000000100000000000 0.01342044204236816397 
0.97178472402621562942 0.00000000099999999999 0.00000000099999999999 0.00000000099999999999 0.00000000099999999999 0.02821526997378437374 0.00000000099999999999 0.00000000099999999999 
0.12895432358323527522 0.00000000100000000000 0.06313904413557283601 0.01087403052536876392 0.14235582733296026081 0.62086745335544579749 0.03277348231196811068 0.00103583775544899563 
0.00000000099999999993 0.00000000099999999993 0.00000000099999999993 0.00000000099999999993 0.99999999299999997593 0.00000000099999999993 0.00000000099999999993 0.00000000099999999993 
0.74378203855423963287 0.00000000099999999999 0.00000000099999999999 0.00000000099999999999 0.19817682301001318668 0.05804113343574730799 0.00000000099999999999 0.00000000099999999999 
0.77452794909195699091 0.00000000099999999999 0.00000000099999999999 0.00000000099999999999 0.22547204490804312327 0.00000000099999999999 0.00000000099999999999 0.00000000099999999999 
0.40175109944100134696 0.03472321193926472538 0.00000000100000000000 0.00000000100000000000 0.17460481644458986095 0.37245876069963379518 0.01646210847551029741 0.00000000100000000000 
0.27977072262895685828 0.00000000100000000000 0.01526099981149040344 0.01934617185019712679 0.18004165015188908217 0.50558045255746664193 0.00000000100000000000 0.00000000100000000000 
0.73017179060072268104 0.00000000099999999999 0.00000000099999999999 0.00000000099999999999 0.24339080719070360637 0.02643739720857374298 0.00000000099999999999 0.00000000099999999999 
0.00000000099999999993 0.00000000099999999993 0.00000000099999999993 0.00000000099999999993 0.99999999300000008695 0.00000000099999999993 0.00000000099999999993 0.00000000099999999993 
0.17738587086968662931 0.00000000099999999999 0.00000000099999999999 0.00000000099999999999 0.20511714970015157422 0.60257016727359824504 0.00000000099999999999 0.01492680815656353965 
0.02149105938191082921 0.03845136041646533831 0.00000000100000000000 0.01978961623774093057 0.20543566630867238221 0.67626148960376586405 0.00215864275013702336 0.03641216430130755910 
0.12162518024472672440 0.06217007274977816994 0.00000048856948374048 0.00000000100000000000 0.21993507523578867402 0.58393847206049787069 0.00000000206294216047 0.01233070807678277037 
0.00000000099999999995 0.00000000099999999995 0.00000000099999999995 0.00000000099999999995 0.99999999300000008695 0.00000000099999999995 0.00000000099999999995 0.00000000099999999995 
0.73670924265443538115 0.00000000099999999999 0.00000000099999999999 0.00000000099999999999 0.21672364195077004068 0.04656711039479475428 0.00000000099999999999 0.00000000099999999999 
0.00000000099999999995 0.00000000099999999995 0.00000000099999999995 0.00000000099999999995 0.99999999299999997593 0.00000000099999999995 0.00000000099999999995 0.00000000099999999995 
0.00000000100000000000 0.00000000100000000000 0.00000000100000000000 0.00000000100000000000 0.24844421676417838274 0.71881700887430044489 0.00000000100000000000 0.03273876936152125133 
0.00296286191472250890 0.00000000100000000000 0.00000000100000000000 0.00000063608109291505 0.25467060457406343055 0.71809036320503705220 0.00000000100000000000 0.02427553122508420771 
0.68773132780554058208 0.00000000099999999999 0.00000000099999999999 0.00000000099999999999 0.31226866619445942108 0.00000000099999999999 0.00000000099999999999 0.00000000099999999999 
0.78211020707062695045 0.00000000099999999999 0.00000000099999999999 0.00000000099999999999 0.21788978692937321924 0.00000000099999999999 0.00000000099999999999 0.00000000099999999999 
0.99999999300000008695 0.00000000099999999998 0.00000000099999999998 0.00000000099999999998 0.00000000099999999998 0.00000000099999999998 0.00000000099999999998 0.00000000099999999998 
0.99999999300000008695 0.00000000099999999998 0.00000000099999999998 0.00000000099999999998 0.00000000099999999998 0.00000000099999999998 0.00000000099999999998 0.00000000099999999998 
0.99999994647645717993 0.00000000099999999998 0.00000000099999999998 0.00000000099999999998 0.00000000099999999998 0.00000004752354303328 0.00000000099999999998 0.00000000099999999998 
0.78139923567944580274 0.02876162137276470215 0.00159263259821023143 0.00000000100000000000 0.14472817460750037055 0.04351807853162173445 0.00000003892100316131 0.00000021728945406171 
