0.02754989868732786798 0.58603247908707323255 0.03729781995917311188 0.00000417802256486452 0.31086064231080717812 0.02388694300968285944 0.01436803792337078972 0.00000000100000000000 
0.00000000099999999971 0.00000000099999999971 0.00000000099999999971 0.00000000099999999971 0.00000000099999999971 0.00000000099999999971 0.99999999299999986491 0.00000000099999999971 
0.00000000099999999997 0.00000000099999999997 0.00000000099999999997 0.00000000099999999997 0.99999999300000008695 0.00000000099999999997 0.00000000099999999997 0.00000000099999999997 
0.00000000099999999998 0.00000000099999999998 0.00000000099999999998 0.00000000099999999998 0.99999999299999997593 0.00000000099999999998 0.00000000099999999998 0.00000000099999999998 
0.01228972028939192065 0.69910777618359076779 0.00923472130062925368 0.00457129943038474956 0.15684338315221466043 0.00005990357966394553 0.07175687589963190838 0.04613632016449298323 
0.00000000099999999999 0.40321771195441458158 0.00000000099999999999 0.00000000099999999999 0.57692082958667478820 0.01986006029271214848 0.00000000099999999999 0.00000139416619842526 
0.00343285688836470534 0.62074340629496460586 0.00000000100000000000 0.01878685506275537889 0.22050764057519312011 0.13652923817872233969 0.00000000100000000000 0.00000000100000000000 
0.00854518211651554213 0.50358177487256217120 0.00001436055249302047 0.00000000100000000000 0.43248978548876548800 0.00000000100000000000 0.05536481308586241323 0.00000408188380160453 
0.04921537004280138183 0.57268746980796514379 0.00000811806234911439 0.05185828589714560483 0.32623075318973876469 0.00000000100000000000 0.00000000100000000000 0.00000000100000000000 
0.04957773356220223498 0.60072600621402083565 0.00772934138492826269 0.00000000100000000000 0.28055000629746262852 0.00330280621680690677 0.04264392446700124295 0.01547018085757804681 
0.00000000596144668383 0.99999998803855350005 0.00000000099999999999 0.00000000099999999999 0.00000000099999999999 0.00000000099999999999 0.00000000099999999999 0.00000000099999999999 
0.00507102418296140507 0.59055899765818231639 0.03186753757384044872 0.00135800598653963147 0.32413773004707641112 0.00000000100000000000 0.04700670255139975662 0.00000000100000000000 
0.00000000100000000000 0.62658706142359610336 0.00000000100000000000 0.00000000100000000000 0.34712743604078455384 0.00000000100000000000 0.02628549753561935931 0.00000000100000000000 
0.00000000099999999997 0.00000000099999999997 0.00000000099999999997 0.00000000099999999997 0.99999999299999997593 0.00000000099999999997 0.00000000099999999997 0.00000000099999999997 
0.00062563659452666070 0.41009102678545072962 0.04519220160286370469 0.00000084891747922926 0.51456780375862620769 0.02952248034105336635 0.00000000100000000000 0.00000000100000000000 
0.00000000100000000000 0.56644893450524669287 0.00000000100000000000 0.08473578202203463361 0.29018965050785477944 0.00005596874270315552 0.03473707128606864925 0.02383259093609211426 
0.04270030605390446460 0.66406492581697273980 0.00000001569236284657 0.00393238144877482154 0.26327413362060159141 0.00000000100000000000 0.02602817378662973524 0.00000006258075376499 
0.00000000100000000000 0.58123245494431541314 0.02407343486856577605 0.04370354312679281678 0.28286181051640457706 0.01034802337878224301 0.05778071579058104840 0.00000001637455824048 
0.00000000100000000000 0.63559307326657210613 0.08545555378286755210 0.00447871935724598533 0.27012387100760693048 0.00000000100000000000 0.00303006521230114127 0.00131871537340650258 
0.00024652257558868229 0.64863382572622385602 0.04237905605712799506 0.09746883305872901249 0.20577724349742373966 0.00000000100000000000 0.00549451350359722590 0.00000000458130937405 
0.00000000100000000000 0.62736739718656708842 0.03378122678958895425 0.00000000100000000000 0.27080419028930102776 0.00000692174282859427 0.03972285636243169660 0.02831740562928261595 
0.00000000100000000000 0.74298198347319943657 0.03783737976246812074 0.00000000100000000000 0.18547862548991647658 0.00000000100000000000 0.02851449191425683635 0.00518751636015927359 
0.00063664401541819440 0.58310354295767419242 0.02506229213031732628 0.05595829221907461237 0.33523900786693389131 0.00000000483506778532 0.00000000100000000000 0.00000021497551385015 
0.00000000099999999997 0.99999999300000019797 0.00000000099999999997 0.00000000099999999997 0.00000000099999999997 0.00000000099999999997 0.00000000099999999997 0.00000000099999999997 
0.00000000100000000000 0.53978457888329611780 0.00994997402724235973 0.05309726676765189751 0.32719139225910076618 0.01439669196733000048 0.05087996410564485372 0.00470013098973415516 
0.00000000099999999999 0.99999999300000019797 0.00000000099999999999 0.00000000099999999999 0.00000000099999999999 0.00000000099999999999 0.00000000099999999999 0.00000000099999999999 
0.00000000099999999998 0.99999999300000019797 0.00000000099999999998 0.00000000099999999998 0.00000000099999999998 0.00000000099999999998 0.00000000099999999998 0.00000000099999999998 
0.03319857923716850595 0.66360644237158195047 0.03018042529134366478 0.00000002801672758194 0.25470141682911701109 0.00000000100000000000 0.00792628490926306807 0.01038682234479829103 
0.00000000100000000000 0.64333532430997675267 0.05900975654432748935 0.00000779635449752245 0.27930761062184761290 0.00000000100000000000 0.00107748535504326192 0.01726202481430737928 
0.00000000099999999998 0.99999999300000008695 0.00000000099999999998 0.00000000099999999998 0.00000000099999999998 0.00000000099999999998 0.00000000099999999998 0.00000000099999999998 
0.00000497424890061398 0.58100389347803105267 0.02580423095451254284 0.00000524689468203874 0.37195036837601552770 0.00000000100000000000 0.00000000100000000000 0.02123128404785819268 
0.00000000100000000000 0.49077667450274520267 0.00000000100000000000 0.03973486803546903007 0.38394375325404667132 0.00000630909696505603 0.08553839211077396421 0.00000000100000000000 
0.00249455310987909719 0.67483521150458825044 0.01508092117463467885 0.08360248511761263213 0.17601796797751451118 0.00000000100000000000 0.00000000100000000000 0.04796885911577092321 
0.00000000099999999986 0.00000000099999999986 0.00000000099999999986 0.00000000099999999986 0.00000000099999999986 0.00000000099999999986 0.99999999299999986491 0.00000000099999999986 
0.03315401459713292892 0.32402363464821787309 0.00147961501506703040 0.00696816063943471019 0.58583404621151657921 0.00000000100000000000 0.04854052688863096793 0.00000000100000000000 
0.00000001537003588150 0.99999997862996414799 0.00000000099999999999 0.00000000099999999999 0.00000000099999999999 0.00000000099999999999 0.00000000099999999999 0.00000000099999999999 
0.00000000099999999972 0.00000000099999999972 0.00000000099999999972 0.00000000099999999972 0.00000000099999999972 0.00000000099999999972 0.99999999299999997593 0.00000000099999999972 
0.01198022582426822545 0.50798229560914065495 0.03652847667987439706 0.00000000501642896156 0.39295031258669865792 0.00000002124494353170 0.02574013374512810690 0.02481852929351748352 
0.00000000099999999996 0.99999999300000008695 0.00000000099999999996 0.00000000099999999996 0.00000000099999999996 0.00000000099999999996 0.00000000099999999996 0.00000000099999999996 
0.00000000099999999998 0.99999999300000008695 0.00000000099999999998 0.00000000099999999998 0.00000000099999999998 0.00000000099999999998 0.00000000099999999998 0.00000000099999999998 
0.00000069151713263754 0.72397207472703217768 0.03805644214455801422 0.00002813723804423494 0.21262662254984107668 0.00000000100000000000 0.02531602982339165725 0.00000000100000000000 
0.00107168226364843014 0.49728102724366607390 0.00005068291584978556 0.08459327585558293339 0.29299308427870174310 0.00000000100000000000 0.11328981941594842842 0.01072042702660254421 
0.00000000099999999999 0.99917594590135683230 0.00000000099999999999 0.00000000099999999999 0.00082404809864339073 0.00000000099999999999 0.00000000099999999999 0.00000000099999999999 
0.00000000099999999999 0.95610145251121803067 0.00000000099999999999 0.00000000099999999999 0.00000007288404925915 0.04389846960473292592 0.00000000099999999999 0.00000000099999999999 
0.00804226636250092962 0.64809365061921420104 0.00086054140936882816 0.01760283350623206150 0.29294119382744016056 0.01530273920462190372 0.01715677407062198012 0.00000000100000000000 
0.00000000099999999998 0.99999999300000008695 0.00000000099999999998 0.00000000099999999998 0.00000000099999999998 0.00000000099999999998 0.00000000099999999998 0.00000000099999999998 
0.00000000100000000000 0.53851307863540065490 0.04327520483827388548 0.02941982349893636564 0.31368663510308675280 0.01877628013970725901 0.05632897578459507282 0.00000000100000000000 
0.00662502444145572373 0.89735341830636872196 0.00000000100000000000 0.00000000100000000000 0.00000000100000000000 0.02297171026351313428 0.07271795406195669109 0.00033188992670587635 
0.00000000100000000000 0.57858310245848731945 0.05470829673689400069 0.01299071913911783310 0.22972322810669279503 0.10391156859505951138 0.02008308296374857610 0.00000000100000000000 
0.00000000099999999999 0.23821705292410744192 0.00000000099999999999 0.00000000099999999999 0.67539077175438178013 0.08639217032151069731 0.00000000099999999999 0.00000000099999999999 
0.00267769486243612988 0.58573560047085615476 0.01002312035937414324 0.05986452572999608618 0.23747273246460434692 0.01082483739770850883 0.06482853383095886490 0.02857295488406581124 
0.03921371310873710686 0.67966356713377384935 0.08012398934188132149 0.00030235674938046777 0.17788785454676234177 0.02280851711946478913 0.00000000100000000000 0.00000000100000000000 
0.03258535765687783220 0.54408325528108403280 0.00589451308351608954 0.00000000100000000000 0.37888450308335724914 0.00000000100000000000 0.02807151936061598810 0.01048084953454873729 
0.00000000100000000000 0.69424709635439907363 0.03668379752422306489 0.04169392756500137076 0.12243432218856997729 0.06419295259182265789 0.04074790123040616940 0.00000000154557776756 
0.00000000099999999998 0.00000000099999999998 0.00000000099999999998 0.00000000099999999998 0.99999999300000008695 0.00000000099999999998 0.00000000099999999998 0.00000000099999999998 
0.02409626119641694250 0.68342092707237145355 0.04597828626550366088 0.00000001151313441852 0.13939950375824153306 0.00000000100000000000 0.02161670687628621662 0.08548830231804603608 
0.04797094235110611893 0.66940272399064582043 0.28262632865824821593 0.00000000099999999998 0.00000000099999999998 0.00000000099999999998 0.00000000099999999998 0.00000000099999999998 
0.00000000100000000000 0.48231603137652595548 0.02098270325617050333 0.00000000100000000000 0.40201096780475770176 0.00032526495714020349 0.05760171988905200824 0.03676331071635355330 
0.00000002471444297895 0.52682880578698010332 0.03510278250804699240 0.01481408286596444177 0.31207912034509222021 0.00000000100000000000 0.10160348454096031212 0.00957169823851296113 
0.03368155717840627672 0.50210225825752152762 0.10965593420934510727 0.04090485530404820713 0.23456939286768715980 0.00000000100000000000 0.01968938677438014651 0.05939661440861153385 
0.00000000099999999999 0.99999999300000008695 0.00000000099999999999 0.00000000099999999999 0.00000000099999999999 0.00000000099999999999 0.00000000099999999999 0.00000000099999999999 
0.00000000099999999998 0.99999996507703881043 0.00000000099999999998 0.00000000099999999998 0.00000000099999999998 0.00000000099999999998 0.00000000099999999998 0.00000002892296135660 
0.05039595152685028001 0.61656980673353944944 0.00000000100000000000 0.00000117770901526508 0.20002096327653465235 0.07230856038731998947 0.06070353836674021591 0.00000000100000000000 
0.01873005988942075609 0.64353597258776473744 0.01712542843765962886 0.07502608022286344491 0.24558245586229141000 0.00000000100000000000 0.00000000100000000000 0.00000000100000000000 
0.00621513029505400740 0.36122061498728491591 0.01656734504955720971 0.02849031104504683165 0.49816078910110289657 0.04340254953454064646 0.04568278016444220907 0.00026047982297124647 
0.00012385697564329886 0.46574248842839088836 0.00177015497278628004 0.00000000100000000000 0.47198580603295087199 0.00000000100000000000 0.05635494370771135936 0.00402274788251748977 
0.00000000099999999999 0.00000000099999999999 0.00000000099999999999 0.00000000099999999999 0.86343839583593429143 0.00000000099999999999 0.13656159816406557295 0.00000000099999999999 
0.01424797315127242225 0.55780341774224373452 0.01268616917077724886 0.08225096936809632442 0.26383968332178497906 0.04723251625555439231 0.01391137659233659431 0.00802789439793439794 
0.00000000131262850019 0.58026982261587078948 0.04984243034030341746 0.02527300078426467089 0.24716408828154151633 0.04535958377644181555 0.05209107188894926410 0.00000000100000000000 
0.00000000726011017167 0.62045604625967232248 0.04337719559269029995 0.00000000100000000000 0.30791691999650222522 0.02300805437652713586 0.00000000100000000000 0.00524177451449773200 
0.00000000100000000000 0.62012012541688432687 0.00000000100000000000 0.12061206397404687640 0.00001054540827768611 0.06825428962079152506 0.16068266641448306076 0.03032030716551663632 
0.05884385008126558070 0.06423211962699648669 0.34413239251356858572 0.05896066113517096224 0.47383097364299825438 0.00000000100000000000 0.00000000100000000000 0.00000000100000000000 
0.00000000099999999997 0.00000000099999999997 0.00000000099999999997 0.00000000099999999997 0.99999999299999997593 0.00000000099999999997 0.00000000099999999997 0.00000000099999999997 
0.00000000099999999999 0.30415075333805441371 0.00000000099999999999 0.00000000099999999999 0.63052269749276623756 0.04365521806278085948 0.00000000099999999999 0.02167132710639849830 
0.01921608223266699222 0.59006244869134505393 0.06970647943048177697 0.00001120791630417919 0.29690750808106841641 0.00000000100000000000 0.00000000100000000000 0.02409627164813364641 
0.01245460785877792152 0.56164195139822725711 0.00000000100000000000 0.06395995507166593597 0.29266385516885956575 0.00000000100000000000 0.05191775143101753920 0.01736187707145209549 
0.02649516973050843049 0.51388301849028927837 0.04414240475568109723 0.00000020275655814919 0.35113711421645177335 0.02251877202337941239 0.04182331702713188576 0.00000000100000000000 
0.00000000099999999999 0.27543820055388029688 0.00000000099999999999 0.00000000099999999999 0.59474858006056874338 0.12981307122184351788 0.00000000099999999999 0.00000014416370752566 
0.00000000099999999997 0.99999999300000019797 0.00000000099999999997 0.00000000099999999997 0.00000000099999999997 0.00000000099999999997 0.00000000099999999997 0.00000000099999999997 
0.00690832097915721529 0.60852723495597249581 0.04247975260651518786 0.02597989189394511039 0.28328047782233223284 0.00000000100000000000 0.02822573742119583243 0.00459858332088196667 
0.00491353994103369343 0.57085491603076221612 0.30991946403176012792 0.11071056525772011991 0.00000000099999999999 0.00000000099999999999 0.00360151173872391836 0.00000000099999999999 
0.00000000099999999999 0.99999999300000019797 0.00000000099999999999 0.00000000099999999999 0.00000000099999999999 0.00000000099999999999 0.00000000099999999999 0.00000000099999999999 
0.00000000100000000000 0.46113030264544696557 0.04191060457586116839 0.00000000466243770440 0.43539099167139994062 0.03660805519911788236 0.02496003924573628879 0.00000000100000000000 
0.00021224426433658812 0.99978774973566342243 0.00000000099999999999 0.00000000099999999999 0.00000000099999999999 0.00000000099999999999 0.00000000099999999999 0.00000000099999999999 
0.00007727799425674704 0.46299211688493752126 0.04739561394080562401 0.06302917883704656221 0.28897772923219183783 0.07556547168737878795 0.06196260915037479777 0.00000000227300825760 
0.00000003346399300642 0.46416473042606576360 0.01694818119673088472 0.00000000100000000000 0.46806627493938907092 0.00211071869558353666 0.04871005927823778003 0.00000000100000000000 
0.00000000099999999997 0.00000000099999999997 0.00000000099999999997 0.00000000099999999997 0.99999999300000008695 0.00000000099999999997 0.00000000099999999997 0.00000000099999999997 
0.00083726647360031731 0.99916272752639978538 0.00000000099999999999 0.00000000099999999999 0.00000000099999999999 0.00000000099999999999 0.00000000099999999999 0.00000000099999999999 
0.00512973053060242386 0.40389488995421785056 0.00208350308468432900 0.00001106252627780259 0.49935096476705120860 0.00000199001232534989 0.08952785812484104211 0.00000000100000000000 
0.00000000134185753938 0.52391639379243803987 0.04324384275297575575 0.09929071412410810094 0.29306271427440189203 0.00000707320518445917 0.01764894473299707944 0.02283031577603730419 
0.00000006094383980051 0.44471398729194056010 0.00000313798646945940 0.03899297265074987834 0.50055000879661581958 0.00973948575486736218 0.00016459791224087336 0.00583574866327628457 
0.00000000100000000000 0.27797977494262521292 0.00000000100000000000 0.00000000100000000000 0.70623270662617099180 0.01095371018113008507 0.00483380425007344863 0.00000000100000000000 
0.01374936401693192464 0.48920630337006365540 0.05729241660955938092 0.03341950023385328872 0.32419963840367965746 0.05282771011017557000 0.02930506625573661705 0.00000000100000000000 
0.00000000099999999999 0.00000000099999999999 0.00000000099999999999 0.00000000099999999999 0.90804003668063892896 0.00000000099999999999 0.09195995731936093542 0.00000000099999999999 
0.03755383707611553018 0.62045765578908851356 0.00537243293251926310 0.02713773123668972859 0.24669710520818632915 0.00125385063950729189 0.05294123348340037949 0.00858615363449275609 
0.05199442642408538123 0.60411360471289488050 0.01557450655426617821 0.00000000100000000000 0.24443943605707113553 0.07974897458395066585 0.00047050300319398294 0.00365854766453776493 
0.02860600079385984540 0.22796782908349796926 0.05864628045231941311 0.67787009324005176314 0.00000000100000000000 0.00000000100000000000 0.00690979343027104450 0.00000000100000000000 
0.00000000099999999999 0.00000000099999999999 0.00000000099999999999 0.99999999299999997593 0.00000000099999999999 0.00000000099999999999 0.00000000099999999999 0.00000000099999999999 
0.01017724062346069686 0.16553915899884222296 0.10584757842527267591 0.70310198596818052064 0.00000000100000000000 0.01533350802878146249 0.00000000100000000000 0.00000052595546253044 
0.00000000099999999998 0.00000000099999999998 0.00000000099999999998 0.99999999300000008695 0.00000000099999999998 0.00000000099999999998 0.00000000099999999998 0.00000000099999999998 
0.00000000099999999999 0.00000045894017697906 0.00000000099999999999 0.99999953505982308588 0.00000000099999999999 0.00000000099999999999 0.00000000099999999999 0.00000000099999999999 
0.00000000099999999998 0.00000000099999999998 0.00000000099999999998 0.99999999299999997593 0.00000000099999999998 0.00000000099999999998 0.00000000099999999998 0.00000000099999999998 
0.00000000099999999999 0.00000000099999999999 0.00000000099999999999 0.99999999299999997593 0.00000000099999999999 0.00000000099999999999 0.00000000099999999999 0.00000000099999999999 
0.00000000099999999998 0.00000000099999999998 0.00000000099999999998 0.99999999300000008695 0.00000000099999999998 0.00000000099999999998 0.00000000099999999998 0.00000000099999999998 
0.00000000099999999999 0.00000000099999999999 0.00000000099999999999 0.99999999300000008695 0.00000000099999999999 0.00000000099999999999 0.00000000099999999999 0.00000000099999999999 
0.00000000099999999999 0.00000000099999999999 0.00000000099999999999 0.99999999299999997593 0.00000000099999999999 0.00000000099999999999 0.00000000099999999999 0.00000000099999999999 
0.00000000099999999999 0.00000000099999999999 0.00000000099999999999 0.99999999300000008695 0.00000000099999999999 0.00000000099999999999 0.00000000099999999999 0.00000000099999999999 
0.00000000099999999999 0.00000000099999999999 0.00000000099999999999 0.99999999300000008695 0.00000000099999999999 0.00000000099999999999 0.00000000099999999999 0.00000000099999999999 
0.00000000099999999998 0.00000000099999999998 0.00000000099999999998 0.99999999300000008695 0.00000000099999999998 0.00000000099999999998 0.00000000099999999998 0.00000000099999999998 
0.00043613810657626656 0.00000000099999999999 0.10613958630119693649 0.83407097857987255729 0.00000000099999999999 0.00000000099999999999 0.05935329301235432037 0.00000000099999999999 
0.02205409699644719779 0.00000000099999999999 0.00000000099999999999 0.88733470211803133765 0.00000000099999999999 0.00000000099999999999 0.09061119588552145332 0.00000000099999999999 
0.00000000099999999998 0.00000000099999999998 0.00000000099999999998 0.99999999300000008695 0.00000000099999999998 0.00000000099999999998 0.00000000099999999998 0.00000000099999999998 
0.00000000099999999999 0.00000000099999999999 0.00000000099999999999 0.99999999299999997593 0.00000000099999999999 0.00000000099999999999 0.00000000099999999999 0.00000000099999999999 
0.00000000099999999998 0.00000000099999999998 0.00000000099999999998 0.99999999299999997593 0.00000000099999999998 0.00000000099999999998 0.00000000099999999998 0.00000000099999999998 
0.00172561319196425935 0.00000000099999999998 0.00000000099999999998 0.99827438080803587717 0.00000000099999999998 0.00000000099999999998 0.00000000099999999998 0.00000000099999999998 
0.00838069460431029208 0.09927486924255912726 0.10182080510076867153 0.39409319504576467708 0.08294487842413454659 0.13335944976096239523 0.15504434751935200487 0.02508176030214832875 
0.00000000099999999999 0.00000000099999999999 0.02990529146388110418 0.88976814675084248130 0.00000000099999999999 0.00000000099999999999 0.08032655678527651777 0.00000000099999999999 
0.00000000099999999996 0.00000000099999999996 0.00000000099999999996 0.99999999300000008695 0.00000000099999999996 0.00000000099999999996 0.00000000099999999996 0.00000000099999999996 
0.00000000099999999999 0.00000000099999999999 0.00000000099999999999 0.99999999300000008695 0.00000000099999999999 0.00000000099999999999 0.00000000099999999999 0.00000000099999999999 
0.00000000099999999999 0.00000000099999999999 0.00000000099999999999 0.98722745248304166754 0.00000000099999999999 0.00000000099999999999 0.00000000099999999999 0.01277254151695830613 
0.00000000099999999998 0.00000000099999999998 0.00000000099999999998 0.99999999299999997593 0.00000000099999999998 0.00000000099999999998 0.00000000099999999998 0.00000000099999999998 
0.00000000099999999999 0.00000000099999999999 0.00000000099999999999 0.99999999299999997593 0.00000000099999999999 0.00000000099999999999 0.00000000099999999999 0.00000000099999999999 
0.01069503434402476263 0.00000000099999999999 0.00000000099999999999 0.91976969655242246660 0.00000000099999999999 0.00000000099999999999 0.06953526410355279075 0.00000000099999999999 
0.00000000099999999999 0.00000000099999999999 0.00000000099999999999 0.99998992952235077336 0.00000000099999999999 0.00001006447764933593 0.00000000099999999999 0.00000000099999999999 
0.00000000099999999997 0.00000000099999999997 0.00000000099999999997 0.99999999300000008695 0.00000000099999999997 0.00000000099999999997 0.00000000099999999997 0.00000000099999999997 
0.03717948444297045768 0.13157218025159531094 0.06879814527565952798 0.68012760715010855961 0.06860031085025421194 0.00976851418874747149 0.00395375684066440886 0.00000000100000000000 
0.00000000099999999999 0.00000000099999999999 0.00000000099999999999 0.99999999299999997593 0.00000000099999999999 0.00000000099999999999 0.00000000099999999999 0.00000000099999999999 
0.90944380005132807732 0.00000000099999999996 0.00000000099999999996 0.00000000099999999996 0.00000000099999999996 0.00000000099999999996 0.09055619394867199523 0.00000000099999999996 
0.99999999300000008695 0.00000000099999999995 0.00000000099999999995 0.00000000099999999995 0.00000000099999999995 0.00000000099999999995 0.00000000099999999995 0.00000000099999999995 
0.99999999300000019797 0.00000000099999999995 0.00000000099999999995 0.00000000099999999995 0.00000000099999999995 0.00000000099999999995 0.00000000099999999995 0.00000000099999999995 
0.99999999300000019797 0.00000000099999999995 0.00000000099999999995 0.00000000099999999995 0.00000000099999999995 0.00000000099999999995 0.00000000099999999995 0.00000000099999999995 
0.99999999300000008695 0.00000000099999999994 0.00000000099999999994 0.00000000099999999994 0.00000000099999999994 0.00000000099999999994 0.00000000099999999994 0.00000000099999999994 
0.99999999300000008695 0.00000000099999999993 0.00000000099999999993 0.00000000099999999993 0.00000000099999999993 0.00000000099999999993 0.00000000099999999993 0.00000000099999999993 
0.99999999300000019797 0.00000000099999999994 0.00000000099999999994 0.00000000099999999994 0.00000000099999999994 0.00000000099999999994 0.00000000099999999994 0.00000000099999999994 
0.99999999300000019797 0.00000000099999999995 0.00000000099999999995 0.00000000099999999995 0.00000000099999999995 0.00000000099999999995 0.00000000099999999995 0.00000000099999999995 
0.99999999300000008695 0.00000000099999999993 0.00000000099999999993 0.00000000099999999993 0.00000000099999999993 0.00000000099999999993 0.00000000099999999993 0.00000000099999999993 
0.99999999300000008695 0.00000000099999999993 0.00000000099999999993 0.00000000099999999993 0.00000000099999999993 0.00000000099999999993 0.00000000099999999993 0.00000000099999999993 
0.99999999300000008695 0.00000000099999999994 0.00000000099999999994 0.00000000099999999994 0.00000000099999999994 0.00000000099999999994 0.00000000099999999994 0.00000000099999999994 
0.99999999300000019797 0.00000000099999999995 0.00000000099999999995 0.00000000099999999995 0.00000000099999999995 0.00000000099999999995 0.00000000099999999995 0.00000000099999999995 
0.37921017647020960339 0.00000000099999999999 0.62078981752979034425 0.00000000099999999999 0.00000000099999999999 0.00000000099999999999 0.00000000099999999999 0.00000000099999999999 
0.99999999300000008695 0.00000000099999999993 0.00000000099999999993 0.00000000099999999993 0.00000000099999999993 0.00000000099999999993 0.00000000099999999993 0.00000000099999999993 
0.99999999300000019797 0.00000000099999999994 0.00000000099999999994 0.00000000099999999994 0.00000000099999999994 0.00000000099999999994 0.00000000099999999994 0.00000000099999999994 
0.99999999300000008695 0.00000000099999999994 0.00000000099999999994 0.00000000099999999994 0.00000000099999999994 0.00000000099999999994 0.00000000099999999994 0.00000000099999999994 
0.99999999300000008695 0.00000000099999999996 0.00000000099999999996 0.00000000099999999996 0.00000000099999999996 0.00000000099999999996 0.00000000099999999996 0.00000000099999999996 
0.99999999300000019797 0.00000000099999999994 0.00000000099999999994 0.00000000099999999994 0.00000000099999999994 0.00000000099999999994 0.00000000099999999994 0.00000000099999999994 
0.99999999300000008695 0.00000000099999999993 0.00000000099999999993 0.00000000099999999993 0.00000000099999999993 0.00000000099999999993 0.00000000099999999993 0.00000000099999999993 
0.99999999300000008695 0.00000000099999999994 0.00000000099999999994 0.00000000099999999994 0.00000000099999999994 0.00000000099999999994 0.00000000099999999994 0.00000000099999999994 
0.54587455187173505866 0.00000000099999999999 0.45412544212826488899 0.00000000099999999999 0.00000000099999999999 0.00000000099999999999 0.00000000099999999999 0.00000000099999999999 
0.99999999300000019797 0.00000000099999999994 0.00000000099999999994 0.00000000099999999994 0.00000000099999999994 0.00000000099999999994 0.00000000099999999994 0.00000000099999999994 
0.59552363274016495431 0.00000000099999999999 0.40447636125983521538 0.00000000099999999999 0.00000000099999999999 0.00000000099999999999 0.00000000099999999999 0.00000000099999999999 
0.99999999300000008695 0.00000000099999999994 0.00000000099999999994 0.00000000099999999994 0.00000000099999999994 0.00000000099999999994 0.00000000099999999994 0.00000000099999999994 
0.99999999300000008695 0.00000000099999999995 0.00000000099999999995 0.00000000099999999995 0.00000000099999999995 0.00000000099999999995 0.00000000099999999995 0.00000000099999999995 
0.99999999300000019797 0.00000000099999999993 0.00000000099999999993 0.00000000099999999993 0.00000000099999999993 0.00000000099999999993 0.00000000099999999993 0.00000000099999999993 
0.00000000100000000000 0.05274388798155914965 0.00000000100000000000 0.02200315281252394201 0.00000000100000000000 0.20437383907068482070 0.00437275859229971971 0.71650635854293254212 
0.00000000099999999999 0.00000000099999999999 0.00000000099999999999 0.00000000099999999999 0.00000000099999999999 0.95276225351295751320 0.04723774048704248302 0.00000000099999999999 
0.00000000099999999999 0.00000000099999999999 0.00000000099999999999 0.00000000099999999999 0.00000000099999999999 0.95720477546997584373 0.03466685255080900058 0.00812836697921508200 
0.00000000099999999999 0.00000000099999999999 0.00000000099999999999 0.00000000099999999999 0.06534329624352420984 0.13185431077511908238 0.00000000099999999999 0.80280238798135672429 
0.00000000099999999999 0.00000000099999999999 0.00000000099999999999 0.00000000099999999999 0.00000000099999999999 0.94444503607580876370 0.05555495792419119783 0.00000000099999999999 
0.00000000099999999999 0.00003623135632960551 0.00000000099999999999 0.00000000099999999999 0.00000000099999999999 0.99845481785874712344 0.00000000099999999999 0.00150894578492334988 
0.00000000099999999999 0.00000000099999999999 0.00000000099999999999 0.00000000099999999999 0.00000000099999999999 0.99999999300000008695 0.00000000099999999999 0.00000000099999999999 
0.00000000099999999999 0.00000000099999999999 0.00000000099999999999 0.00000000099999999999 0.08316371265709977811 0.87161120772988143202 0.00000000099999999999 0.04522507461301886883 
0.00000000099999999999 0.00000000099999999999 0.00000000099999999999 0.00000000099999999999 0.00000000099999999999 0.99999999300000008695 0.00000000099999999999 0.00000000099999999999 
0.00000000099999999999 0.00000000099999999999 0.00221212801966481432 0.00000000099999999999 0.00000000099999999999 0.99778786598033519795 0.00000000099999999999 0.00000000099999999999 
0.00000000100000000000 0.00014309030058664115 0.00000000100000000000 0.00000000100000000000 0.00000005760005829408 0.94734730460401084251 0.00000141423545368988 0.05250813025989047728 
0.00000000100000000000 0.00000000100000000000 0.00000000100000000000 0.00000000100000000000 0.00058344659975379041 0.97107521645208594308 0.02834026732059928555 0.00000106562756094262 
0.00000000100000000000 0.00729162607649292641 0.00000000100000000000 0.01562764813114568205 0.08134112674828489209 0.38049327654774278695 0.03534580316684406143 0.47990051732948962870 
0.00000000100000000000 0.00562887618745025638 0.00000000661796482518 0.05755112740552693895 0.33785937293985068841 0.56278738545863560283 0.00006381439985956353 0.03610941599071203906 
0.00000000099999999999 0.00000000099999999999 0.00000000099999999999 0.00000000099999999999 0.00000000099999999999 0.97653983283407830296 0.00000000099999999999 0.02346016116592186673 
0.00000000099999999999 0.00000000099999999999 0.00000000099999999999 0.00000000099999999999 0.00000000099999999999 0.94682122029968029953 0.00000000099999999999 0.05317877370031975914 
0.01568777921138008249 0.00775345687062332662 0.00000000100000000000 0.00000000100000000000 0.00000000100000000000 0.95899558183877564588 0.00000000100000000000 0.01756317807922097227 
0.00000000100000000000 0.00000000100000000000 0.00000000100000000000 0.04015147048677283198 0.04384987681397142095 0.86848823923806883762 0.00128447901147150391 0.04622593144971533924 
0.00000000099999999995 0.00000000099999999995 0.00000000099999999995 0.00000000099999999995 0.00000000099999999995 0.00000000099999999995 0.00000000099999999995 0.99999999300000008695 
0.00000000099999999999 0.04559036562662490549 0.00000000099999999999 0.00000000099999999999 0.00000000099999999999 0.87983869869993269752 0.00000000099999999999 0.07457093067344242043 
0.01236663575097403205 0.07185242680381034863 0.00551438353045780646 0.00000000100000000000 0.01546624313623271886 0.12873791306394158362 0.00000000100000000000 0.76606239571458345505 
0.00423242824084689093 0.01407338213628100791 0.00000000100000000000 0.01977412122477719900 0.10448950909080446936 0.15053651888561955796 0.00000000100000000000 0.70689403842167086722 
0.00000000099999999999 0.00000000099999999999 0.00000000099999999999 0.00000000099999999999 0.00000000099999999999 0.99993348280414751095 0.00000000099999999999 0.00006651119585243900 
0.00000000099999999999 0.00000000099999999999 0.00000000099999999999 0.00000000099999999999 0.00000000099999999999 0.99975924260814119648 0.00000000099999999999 0.00024075139185891415 
0.00084661112643279060 0.00009869441888144666 0.00000000100000000000 0.03333558871745585794 0.07578347949148865614 0.16546568244607742781 0.00000689247126653029 0.72446305032839719562 
0.00000000099999999999 0.00000000099999999999 0.00000000099999999999 0.00000000099999999999 0.00000000099999999999 0.99793355344746503821 0.00000000099999999999 0.00206644055253504388 
0.00000000099999999999 0.00000000099999999999 0.01576711906483516459 0.00000000099999999999 0.00000000099999999999 0.98423287493516486979 0.00000000099999999999 0.00000000099999999999 
0.00000000100000000000 0.00001453665000473256 0.00000000100000000000 0.00000000100000000000 0.09573598485786706525 0.11817058023481590012 0.00000000100000000000 0.78607889425731236610 
0.00000000099999999999 0.00000000099999999999 0.00000000099999999999 0.00000000099999999999 0.00000000099999999999 0.99999998635359665933 0.00000000099999999999 0.00000000764640349284 
0.00000000099999999998 0.00000000099999999998 0.00000000099999999998 0.00000000099999999998 0.00000000099999999998 0.99633743501539717702 0.00000000099999999998 0.00366255898460294237 
0.00000000100000000000 0.05091470353537055210 0.02946200048738165794 0.00745652752826946215 0.00068395717294751635 0.16827118362614565394 0.00000000100000000000 0.74321162564988518806 
0.00000000099999999999 0.00000000099999999999 0.00000000099999999999 0.00000000099999999999 0.06182843290073970072 0.93663220445386785595 0.00000000099999999999 0.00153935764539254723 
0.00000000100000000000 0.00000493576548401884 0.00000000100000000000 0.00000000100000000000 0.03212136199986349860 0.17904957113380581823 0.02548254641081963354 0.76334158169002708227 
0.00000000100000000000 0.06339287557890542490 0.00000000114368972610 0.00000000100000000000 0.00000460023564995179 0.14062459608292451896 0.00000000100000000000 0.79597792395883049110 
0.00000000100000000000 0.04471887911851565173 0.00000000100000000000 0.00000000100000000000 0.04302113371142932824 0.14988582010857931515 0.00000019516636942698 0.76237396889510611331 
0.00000000648176655601 0.01019476920125782747 0.00000000100000000000 0.00000000100000000000 0.08106362866949527735 0.08811187665980964312 0.00000843511523918741 0.82062128187243155164 
0.00000000099999999998 0.00000000099999999998 0.00000000099999999998 0.00000000099999999998 0.00000000099999999998 0.99999999299999997593 0.00000000099999999998 0.00000000099999999998 
0.00000000099999999999 0.00000000099999999999 0.00000000099999999999 0.00000000099999999999 0.00000000099999999999 0.95037267403328495874 0.04962731996671494727 0.00000000099999999999 
0.00000000099999999999 0.03244592724218875457 0.00000000099999999999 0.00000000099999999999 0.00000000099999999999 0.87265837291096071127 0.01795495555888435707 0.07694074028796625553 
0.01027611270104542354 0.00051616099324885490 0.00000000100000000000 0.00000000100000000000 0.04988453012407400439 0.83713080628703806507 0.04001934351740421558 0.06217304437718947779 
0.00000000099999999999 0.00000000099999999999 0.00000000099999999999 0.00000000099999999999 0.02973471076581270245 0.88488759438602015983 0.00000000099999999999 0.08537768984816716811 
0.00000000100000000000 0.07004757659434988903 0.04149713356835670053 0.00960288781621640095 0.00000000100000000000 0.24621729777023690366 0.00000000100000000000 0.63263510125084021496 
0.00000000100000000000 0.00000000100000000000 0.00000000100000000000 0.00000000100000000000 0.00000000100000000000 0.95061099526948200644 0.04938899634684706247 0.00000000338367108118 
0.00000000099999999999 0.00000000099999999999 0.00000000099999999999 0.01510654803550760643 0.00000000099999999999 0.91629541234182421139 0.00000000099999999999 0.06859803462266821084 
0.00000000099999999998 0.00000000099999999998 0.00000000099999999998 0.00000000099999999998 0.00000000099999999998 0.99999991425027678904 0.00000000099999999998 0.00000007974972332201 
0.00000000099999999999 0.00000000099999999999 0.00000000099999999999 0.02116674391386795528 0.04027253921525204838 0.52201897750222614469 0.03699479993566512359 0.37954693643298859085 
0.00456535619690372381 0.00779776257987579904 0.02123551139070299631 0.00000000100000000000 0.00001648602059000152 0.41106758086734768165 0.03514282302566176103 0.52017447891891799294 
0.00000000099999999999 0.00910935187449458082 0.00000000099999999999 0.00000000099999999999 0.00000897162623475734 0.94858988304474867181 0.00000000099999999999 0.04229178945452208987 
0.00000004399145995099 0.00000083501410000612 0.00000000100000000000 0.00000000100000000000 0.00000000100000000000 0.99559364667188343656 0.00000000100000000000 0.00440547032255664793 
0.00000000100000000000 0.00000001484258067030 0.00000000100000000000 0.00000000100000000000 0.00000000719345756205 0.36534581490446838004 0.01181535061505358843 0.62283880944443970051 
0.00495695095459065729 0.00000000100000000000 0.01634606290912397203 0.01490480841431417527 0.05094439188979744265 0.19874193033535961228 0.03544109334834386754 0.67866476114847007484 
0.00000000100000000000 0.00004586756190158659 0.00000207637712959899 0.01186774438124029059 0.06775151531421411133 0.30450895134125399721 0.02883561894349121954 0.58698822508076919924 
0.00000000099999999999 0.00000000099999999999 0.00000000099999999999 0.00000000099999999999 0.00000015824444551001 0.97687513822334859359 0.02258443060598004995 0.00054026892622583789 
0.00000000099999999999 0.00000000099999999999 0.00000000099999999999 0.00000000099999999999 0.00000000099999999999 0.95059261129665806322 0.00000000099999999999 0.04940738270334199544 
0.00000000100000000000 0.00000000100000000000 0.00000000100000000000 0.00000000100000000000 0.05112184100524583275 0.79843943241186277060 0.06581388413946866189 0.08462483844342279238 
0.00000000100000000000 0.00000000100000000000 0.00000000100000000000 0.00000000100000000000 0.02983308577642777848 0.21427461630449901042 0.03586311965449391626 0.72002917426457924144 
0.02386483343095254298 0.00000001382246232298 0.00000000100000000000 0.00000000100000000000 0.03200508199949842619 0.23602924747891149138 0.00000009645244592016 0.70810072481572927661 
0.00000000099999999999 0.00000000099999999999 0.00000000099999999999 0.00000000099999999999 0.00000000099999999999 0.92049534198534510576 0.06608161481906098256 0.01342303819559396982 
0.00000000099999999999 0.00000000099999999999 0.00000000099999999999 0.00000000099999999999 0.00000000099999999999 0.99999999300000008695 0.00000000099999999999 0.00000000099999999999 
0.00000000099999999999 0.00000000099999999999 0.00000000099999999999 0.00000000099999999999 0.00144921689636583304 0.99855077710363415733 0.00000000099999999999 0.00000000099999999999 
0.00000000099999999999 0.00000000099999999999 0.00000000099999999999 0.00000000099999999999 0.00000000099999999999 0.94936528466176750563 0.05063470933823246978 0.00000000099999999999 
0.00000000099999999999 0.00000000099999999999 0.00000000099999999999 0.00000000099999999999 0.00373036986385323708 0.95155381181892573217 0.00000000099999999999 0.04471581331722095792 
0.00000000100000000000 0.00000000100000000000 0.00000000100000000000 0.00046859284277134147 0.08681485240231999467 0.87394908930221348875 0.00000000100000000000 0.03876746145269526628 
