0.00000036614952185395 0.00751400203044182667 0.04891039064909409595 0.00000000100000000000 0.70301025809440009784 0.07266967432587614906 0.16787677118913055252 0.00001853656153539410 
0.00000000099999999997 0.00000000099999999997 0.00000000099999999997 0.00000000099999999997 0.99999999299999997593 0.00000000099999999997 0.00000000099999999997 0.00000000099999999997 
0.00000000100000000000 0.00000000100000000000 0.00000000100000000000 0.00000000100000000000 0.77928498867158790819 0.00000000100000000000 0.12667211025840524607 0.09404289607000686224 
0.25531518382616441576 0.05172006931458833501 0.00000000100000000000 0.00000000100000000000 0.68703780248539980668 0.00441654714231197627 0.00000000100000000000 0.00151039423153541993 
0.00000000100000000000 0.04850452079186431953 0.08934571063315752126 0.00000000100000000000 0.71513911047534894916 0.02659953100353790525 0.12041112409609129597 0.00000000100000000000 
0.00000002724966020234 0.00111453221653783356 0.00000000100000000000 0.15645534245691361530 0.74115444351429571324 0.00000000100000000000 0.05933144086333366762 0.04194421169925901388 
0.09669099407211358133 0.00000000100000000000 0.09554284033229248907 0.00000000100000000000 0.63429258336105709404 0.00000006024917140418 0.17347351898536544912 0.00000000100000000000 
0.00000000100000000000 0.00000000100000000000 0.02379980216792521031 0.02653495293731086488 0.76861823973767084972 0.01736385539871140166 0.11964899328274661294 0.04403415447563500951 
0.00000000691534599436 0.00652438263912917624 0.13349449055974191292 0.00000000100000000000 0.69924196843530284085 0.03749143104160027051 0.12055882896411432292 0.00268889044476547639 
0.16475686126243527241 0.02641749979415588742 0.00000000528100727976 0.00001131185489148223 0.70602390683146643013 0.10279041297604372962 0.00000000100000000000 0.00000000100000000000 
0.00000000100000000000 0.01991525393883418482 0.14792341152055163422 0.00002657298211200730 0.67205548442344154036 0.05404301440598821560 0.05673355960773089623 0.04930270212134138519 
0.00000000100000000000 0.00000000120189988265 0.05094668725818374960 0.11386081660125466075 0.80538401966996242543 0.02980847167042827150 0.00000000159827111374 0.00000000100000000000 
0.00000000099999999999 0.00000000099999999999 0.05921637117724792149 0.00000000099999999999 0.76685773160057102427 0.00000000099999999999 0.10533734549883302933 0.06858854772334792294 
0.21928125612481169648 0.00000000099999999999 0.00000000099999999999 0.12479206675588877529 0.65592667211929966964 0.00000000099999999999 0.00000000099999999999 0.00000000099999999999 
0.00821810645368675936 0.02037591311250435203 0.00573141385042899403 0.00000000100000000000 0.73074566752264835667 0.04765965672259409036 0.18706367009746113772 0.00020557124067643190 
0.00000000100000000000 0.00000000100000000000 0.13631983866870128752 0.00000000100000000000 0.68806968483017705296 0.00000000100000000000 0.10540353708559010992 0.07020693541553162109 
0.02369482218447095667 0.00005107898510551504 0.10146791136644627007 0.00000000100000000000 0.76534353370882735046 0.03195880756799587136 0.00000018061146647515 0.07748366457568760246 
0.00000000100000000000 0.01085947743275780634 0.10291940544312686012 0.14926573025749376167 0.68640192863225146791 0.01994073292867144451 0.03061272330569872122 0.00000000100000000000 
0.00000000100000000000 0.03013448732198789962 0.08785758965713730273 0.05611478634672752847 0.69995751560716534811 0.07285116180676727560 0.05308445726021475408 0.00000000100000000000 
0.00000000100000000000 0.00000111268386497290 0.16072242564048416780 0.00000000100000000000 0.68529198194530172028 0.05056268288801810812 0.08031551360251598659 0.02310628123981488258 
0.01390113035759023806 0.04593919838963211877 0.01840179058003524326 0.05880346536956216480 0.73616844505580647517 0.05126199809365192955 0.07538831732910147854 0.00013565482462043289 
0.00000000100000000000 0.05198556083760198093 0.08103567433627402450 0.00000037922599689404 0.78540937816128575388 0.04643353733031189284 0.03493305176492807890 0.00020241734360139062 
0.00000000100000000000 0.02007756393853366711 0.09686842661983834091 0.00000000100000000000 0.71193554768746492023 0.03482174895570813722 0.13629318307304788549 0.00000352772540712190 
0.00000000100000000000 0.01190603499419340579 0.09845405610495219784 0.00000000100000000000 0.79967864715839942491 0.00000000100000000000 0.08995850034464768219 0.00000275839780732322 
0.01989854946159043750 0.01163247344050288845 0.11277893000036777471 0.15366272763902913412 0.69079197151607663052 0.00031091560249301526 0.00000010951561606940 0.01092432282432409356 
0.00000000155261015105 0.00000000100000000000 0.11927362233951104009 0.00000000100000000000 0.73047425808401156289 0.01597492954089221526 0.13427707657991361234 0.00000010990306144087 
0.00000000100000000000 0.00000745339779025301 0.14430175683306364909 0.00000000100000000000 0.67539555042767640547 0.00027181426990474297 0.18002333123098293588 0.00000009184058195875 
0.00000021272445441983 0.00000007952364743501 0.04755544149364659967 0.00000000100000000000 0.72029950566195899420 0.07658482327158305791 0.08302186058457139417 0.07253807574013802772 
0.00000000100000000000 0.00000000100000000000 0.08060242715112804490 0.00000000100000000000 0.71894720357353036899 0.04125853874684038552 0.08813896955672839706 0.07105285797177289531 
0.00000000100000000000 0.00000143128052820629 0.10939738728980985538 0.00019820739284252630 0.75385306570167809337 0.01683447621217063969 0.07678036018086503711 0.04293507094210549657 
0.00000000100000000000 0.00000000100000000000 0.07309761157364960682 0.00000000100000000000 0.70474953299923037697 0.02183883317944786129 0.10149975996184848470 0.09881425928582383833 
0.03406597555754448808 0.00061624664750517771 0.07105385625508336966 0.19896755348664604823 0.69529636505322089945 0.00000000100000000000 0.00000000100000000000 0.00000000100000000000 
0.07335137556400112002 0.02106621873445671533 0.15743675641833024259 0.00000000100000000000 0.64472453017260333841 0.02957247810663145640 0.00000000100000000000 0.07384863900397709013 
0.00000000100000000000 0.00000000100000000000 0.04047684069916685640 0.00000000100000000000 0.85438168270438952234 0.00000000100000000000 0.10514147159644361695 0.00000000100000000000 
0.15879332744623561591 0.02003934373893060533 0.01122509615217811424 0.05160357272110265014 0.71366314001826269831 0.04315739546468101012 0.00000000100000000000 0.00151812345860938779 
0.00000000149745269762 0.00413661880681863957 0.03436554606709996823 0.00001005350501301927 0.68078670432673871193 0.10572713128097482871 0.10688472794337534888 0.06808921657252672843 
0.00000000099999999997 0.00000000099999999997 0.00000000099999999997 0.00000000099999999997 0.99999999299999997593 0.00000000099999999997 0.00000000099999999997 0.00000000099999999997 
0.00000000100000000000 0.02938455203867766999 0.00002079641204295275 0.00000000100000000000 0.72911932116045186092 0.07341563020510581683 0.16201411099236465163 0.00604558719135710014 
0.14049005775195980150 0.00000000099999999999 0.03734589569743251847 0.00000000099999999999 0.81730260702282664376 0.00486143552778099588 0.00000000099999999999 0.00000000099999999999 
0.00000000100000000000 0.02547168927632126323 0.15440066965009921485 0.00000000100000000000 0.72238866355208120051 0.01444618135083260493 0.05445387047051834101 0.02883892370014751183 
0.00000000100000000000 0.01429848888188450795 0.06559178896836277695 0.00000000100000000000 0.78212608918140491543 0.04469740823678765990 0.09328621815753847246 0.00000000457402166235 
0.00000000100000000000 0.02238317973399972516 0.13259928719422534038 0.18361570761679854580 0.66095189324208536430 0.00044992921289114369 0.00000000100000000000 0.00000000100000000000 
0.05201486531178344669 0.00000005831291780452 0.00000000100000000000 0.00000000100000000000 0.75512571755835111720 0.08328081678039138402 0.10957853903655638550 0.00000000100000000000 
0.17663809415260575686 0.02836611225353935853 0.05042641641993576146 0.00042205650744009355 0.68514903297035434360 0.05899828569612480811 0.00000000100000000000 0.00000000100000000000 
0.00000002938320535250 0.00000211371517508724 0.05700411302497401106 0.05768692807689083935 0.72148000572285830856 0.03364476311855664481 0.13018204595833973714 0.00000000100000000000 
0.00000027267793453863 0.00000000100000000000 0.15055540821232438198 0.00000000100000000000 0.74193686953782955751 0.00019718832100919855 0.10731025825090219350 0.00000000100000000000 
0.10382024677155519965 0.00000000100000000000 0.10304251860846874722 0.10786082299244710569 0.65897586243267880501 0.02630054619485012665 0.00000000100000000000 0.00000000100000000000 
0.13383368183594951395 0.00096155613351671789 0.11783774955425073416 0.00000000100000000000 0.64212363752379397752 0.04928905542442686694 0.00881119674972050994 0.04714312177834151241 
0.00000000433779831237 0.00000000100000000000 0.06778033775080644086 0.00000001683034433448 0.64976816433215234259 0.05451848697845813885 0.22785986162489008100 0.00007312714555025256 
0.21345645548794558999 0.00000014802548230651 0.00000000099999999999 0.08663014230644322522 0.66495011757910649219 0.00000000099999999999 0.02476409893827945241 0.01019903566274291823 
0.00000000100000000000 0.01867331491420966619 0.13003777677183758765 0.00000000100000000000 0.68157903880401560226 0.01069425441396213046 0.12528450964364148956 0.03373110345233350932 
0.04380490235270533689 0.00000000100000000000 0.08450147799661822390 0.00000000100000000000 0.64725809100428755016 0.12339985006861353689 0.10103567557777531905 0.00000000100000000000 
0.14426510511793372293 0.03195780223011689819 0.00000009065890068266 0.00000006471888212607 0.75142080344714445861 0.07157769458836796272 0.00040507538651402572 0.00037336385214005929 
0.00000000100000000000 0.00000000100000000000 0.12074512849124691138 0.05508880356669057510 0.65753293295520021111 0.04160434605651694429 0.12194658773474431612 0.00308219919560091642 
0.29830316731594186397 0.00399764022624611321 0.00000000100000000000 0.00000000100000000000 0.69233533715647610496 0.00000000100000000000 0.00000000100000000000 0.00536385130133582716 
0.00000000100000000000 0.01424492861659832493 0.05019611981515505195 0.00000000100000000000 0.66962266467111208890 0.08161451734157051940 0.08373588035959148024 0.10058588719597247318 
0.00000000099999999999 0.00000000099999999999 0.10082537439177885474 0.00000000099999999999 0.54592669523609060889 0.35324792537213040022 0.00000000099999999999 0.00000000099999999999 
0.00000008012114653624 0.00000000100000000000 0.02636832710136836552 0.10504616309576295108 0.69263007814096844150 0.02070242117636919565 0.05791342264803086420 0.09733950671635362151 
0.00014387271402530055 0.02460701530620751365 0.08347870194885742556 0.12700870032110309071 0.71638436417711970350 0.03043393112838970946 0.00001710488902494547 0.01792630951527227762 
0.00000077317954857204 0.00000000100000000000 0.07749323146570835652 0.00000000100000000000 0.59221591610496937541 0.14570501173620559188 0.02948797020724130968 0.15509709530632681540 
0.00032528378272690954 0.00000000100000000000 0.15294016251591757705 0.05977508543542439656 0.61360750549133424858 0.03873954513482730233 0.09049521771688280591 0.04411719892288677031 
0.14874527053891789530 0.00000117563440351020 0.06879281731745411077 0.00236708357514915689 0.72668381939143378290 0.00000000100000000000 0.00427685983213517591 0.04913297271050626192 
0.17551618044472144797 0.00000000100000000000 0.07201689442054287627 0.05290632843534546353 0.64399370378332321252 0.05556688917022121338 0.00000000174584575800 0.00000000100000000000 
0.00000000100000000000 0.00000000100000000000 0.14500620307175568491 0.00000000100000000000 0.71428370838799637443 0.03492759441015493710 0.10578249013009298485 0.00000000100000000000 
0.03488344065151601642 0.00000000100000000000 0.05332325675168412410 0.06147989690965508652 0.67521004408918627870 0.01318787840088540830 0.10778256107991648904 0.05413292111715665295 
0.11419188921871382958 0.02902254692013363224 0.00482276671491371680 0.03545291433462757075 0.77338088597773502197 0.02374025576285559644 0.00009501226255594026 0.01929372880846461427 
0.00048387128014737999 0.00000007051637699432 0.00000000100000000000 0.32136633145076271001 0.67814972275271290236 0.00000000100000000000 0.00000000100000000000 0.00000000100000000000 
0.00000000100000000000 0.02820352977777605338 0.12499778653329596256 0.09417017045485705229 0.62744036005625214436 0.03934249752032613345 0.08584563193561281502 0.00000002272187994124 
0.12256439460626906979 0.00005483063794360781 0.09544584586087831446 0.04371899937369060074 0.67256112564209269422 0.04675260113795877415 0.01876183617737112522 0.00014036656379595602 
0.00000000100000000000 0.00000000100000000000 0.01793521502112972732 0.00000000100000000000 0.73290226572499661550 0.05766853911913171621 0.15505259107569627219 0.03644138605904561484 
0.00000000100000000000 0.00000013321030825180 0.16866326417116231373 0.25139710166930268054 0.57993936425295966597 0.00000008415778622700 0.00000000100000000000 0.00000005053848099275 
0.11882440645958836090 0.00000000124894139928 0.05272529545504524295 0.00000000100000000000 0.45073505409009295697 0.37771523974633219867 0.00000000100000000000 0.00000000100000000000 
0.25999847731490333125 0.03570338093743458119 0.00000000100000000000 0.00000001101157528803 0.68755254842679858207 0.00000000100000000000 0.00000000100000000000 0.01674557930928827557 
0.17397927328388781976 0.02428062073982427752 0.00000000100000000000 0.12645377906476157337 0.67505367039621055891 0.00000000100000000000 0.00000000100000000000 0.00023265351531572006 
0.09621769888673982474 0.05889354628483643717 0.05575192932308466881 0.00000000346848054751 0.68908837095909225567 0.10004758735584859397 0.00000000100000000000 0.00000086272191770013 
0.00000002066120849643 0.04345086127324386538 0.13766798830831980527 0.07341725126804554691 0.69160369702263313485 0.00000000100000000000 0.05376871680076963228 0.00009146366577964522 
0.15550828855649886928 0.00628387124503626722 0.04329816285597505587 0.05128017243492392907 0.66069840679029945285 0.08293068111890214422 0.00000038981148275344 0.00000002718688153351 
0.24363672251635831723 0.00334842154605463930 0.00000000100000000000 0.10508520346963726166 0.64300840018252936048 0.00000000100000000000 0.00000000239374367604 0.00492124789167676120 
0.15739750826794288163 0.01568694428765070314 0.00000000282034920599 0.00000000100000000000 0.82691554062405725478 0.00000000100000000000 0.00000000100000000000 0.00000000100000000000 
0.04615455146226391664 0.03498959264676037434 0.08368156243883356771 0.05809963361055153763 0.72362113055458510136 0.05344927818076299769 0.00000425010624252206 0.00000000100000000000 
0.00000000099999999999 0.00000000099999999999 0.25467554273094322737 0.00000000099999999999 0.43015306616363524483 0.31517138610542161370 0.00000000099999999999 0.00000000099999999999 
0.12325864338364043993 0.00001112036413084908 0.10423119434080271861 0.05828561728113146323 0.63356683316308337606 0.08064630887007974425 0.00000028159713135454 0.00000000100000000000 
0.09416037659544346239 0.00903358107969186482 0.01570646449444783321 0.11835648578923001206 0.68085268342816163134 0.05253125275495015845 0.02925289771414188097 0.00010625814393321937 
0.00000000100000000000 0.05791363136174098453 0.11349683467425622507 0.00000001628306895527 0.67348982728235673445 0.08344009101855390242 0.07165959738002299073 0.00000000100000000000 
0.08727199366314811191 0.00713452109867231295 0.10715787253017614034 0.12043515101741245066 0.59945798276703476937 0.05252803630134409568 0.02601444162221221851 0.00000000100000000000 
0.24137635950299790588 0.00000037947100476991 0.00000086417564843974 0.00000000100000000000 0.71431320752667493146 0.04430918632367403937 0.00000000100000000000 0.00000000100000000000 
0.23032815464429426400 0.00000061062161270189 0.00000000100000000000 0.08696589453219663590 0.68270531179805504784 0.00000002540384145256 0.00000000100000000000 0.00000000100000000000 
0.04212452311265794253 0.01733545525288154518 0.13865015571458727539 0.03301024980235285622 0.64749477157592494336 0.07444712149122502398 0.04693772205037045203 0.00000000100000000000 
0.00000000100000000000 0.00415330419855799212 0.00351077094379736001 0.15840149843446757472 0.74344556527901151100 0.01669649709803137233 0.07379236151856838344 0.00000000152756589208 
0.00000008011574098846 0.04865906587883527673 0.14808846578836565300 0.10003447670724745222 0.63286923096584057902 0.04084153807702570887 0.02950714146694421655 0.00000000100000000000 
0.13239444564503627388 0.02342584526190447450 0.06257077606118367774 0.09937725147638545864 0.67228142349224517815 0.00993236079046379457 0.00000000100000000000 0.00001789627278117653 
0.13670578769016958343 0.00000000100000000000 0.00000000100000000000 0.11759040308148287213 0.70355048545254028625 0.00000000100000000000 0.00000043040163722399 0.04215289037417002671 
0.15736571758488604456 0.01059364852262634736 0.07509138377395516151 0.00006617918491638757 0.62540727722843802994 0.08092216413512269557 0.05055362857005539501 0.00000000100000000000 
0.29081052570705367977 0.02697341887274917402 0.00000000100000000000 0.00000000100000000000 0.68221605042019717313 0.00000000100000000000 0.00000000100000000000 0.00000000100000000000 
0.00000000599537459674 0.00000002965252056687 0.08129182598961336159 0.03954974904978112576 0.69483809848577826607 0.05506319872156708456 0.08936413093815936959 0.03989296116720558033 
0.10260780855673205803 0.00000000100520526628 0.00713770947753531240 0.00000000100000000000 0.65139202431669629423 0.10603965303635821960 0.09952898227493212069 0.03329382033254071199 
0.00006620236607826314 0.00004838060498786739 0.68941310879820505431 0.00000000100000000000 0.18039473952214005181 0.10484024677292734518 0.02523352544865831160 0.00000379548700316008 
0.00000000099999999999 0.00000000099999999999 0.99999999299999997593 0.00000000099999999999 0.00000000099999999999 0.00000000099999999999 0.00000000099999999999 0.00000000099999999999 
0.00000000100000000000 0.00000000100000000000 0.69731878978528616386 0.00000000100000000000 0.10016262818691071268 0.13544222653773455023 0.06597007173687739756 0.00110628075319137826 
0.00000000099999999997 0.00000000099999999997 0.99999999299999997593 0.00000000099999999997 0.00000000099999999997 0.00000000099999999997 0.00000000099999999997 0.00000000099999999997 
0.00000000100000000000 0.00000000100000000000 0.69136699962449099655 0.00000000100000000000 0.09708769992636860635 0.13873437191134624369 0.03452650748384127055 0.03828441805395275260 
0.00000000099999999998 0.00000000099999999998 0.99999999299999997593 0.00000000099999999998 0.00000000099999999998 0.00000000099999999998 0.00000000099999999998 0.00000000099999999998 
0.00000000099999999999 0.00000000099999999999 0.99999999300000008695 0.00000000099999999999 0.00000000099999999999 0.00000000099999999999 0.00000000099999999999 0.00000000099999999999 
0.00000000099999999998 0.00000000099999999998 0.99999999299999997593 0.00000000099999999998 0.00000000099999999998 0.00000000099999999998 0.00000000099999999998 0.00000000099999999998 
0.00000000099999999999 0.00000000099999999999 0.99999999300000008695 0.00000000099999999999 0.00000000099999999999 0.00000000099999999999 0.00000000099999999999 0.00000000099999999999 
0.00000000099999999998 0.00000000099999999998 0.99999999300000008695 0.00000000099999999998 0.00000000099999999998 0.00000000099999999998 0.00000000099999999998 0.00000000099999999998 
0.00000000100000000000 0.00000000100000000000 0.75360286351094141200 0.05842818467320289033 0.06363290047752605261 0.12433595280305570485 0.00000000100000000000 0.00000009553527384411 
0.00000000099999999999 0.00000000099999999999 0.99999993162910905120 0.00000000099999999999 0.00000000099999999999 0.00000006237089098714 0.00000000099999999999 0.00000000099999999999 
0.00000000099999999998 0.00000000099999999998 0.99999999300000008695 0.00000000099999999998 0.00000000099999999998 0.00000000099999999998 0.00000000099999999998 0.00000000099999999998 
0.00000000099999999999 0.00000000099999999999 0.77440322530334004814 0.07753741275095628327 0.00000000099999999999 0.14805935694570365735 0.00000000099999999999 0.00000000099999999999 
0.00000000099999999998 0.00000000099999999998 0.79926231677199366388 0.10593745558613607005 0.00000000099999999998 0.09480022264187008829 0.00000000099999999998 0.00000000099999999998 
0.00000000099999999998 0.00000000099999999998 0.99999999299999997593 0.00000000099999999998 0.00000000099999999998 0.00000000099999999998 0.00000000099999999998 0.00000000099999999998 
0.00000000099999999999 0.00000000099999999999 0.99999999300000008695 0.00000000099999999999 0.00000000099999999999 0.00000000099999999999 0.00000000099999999999 0.00000000099999999999 
0.00000000099999999998 0.00000000099999999998 0.99999999300000008695 0.00000000099999999998 0.00000000099999999998 0.00000000099999999998 0.00000000099999999998 0.00000000099999999998 
0.00000000099999999998 0.00000000099999999998 0.99999999299999997593 0.00000000099999999998 0.00000000099999999998 0.00000000099999999998 0.00000000099999999998 0.00000000099999999998 
0.17368951324723036489 0.00000000100000000000 0.41397663594366851392 0.05168865321608242386 0.20227758745520085792 0.11498948735869225779 0.00000000100000000000 0.04337812077912565206 
0.00000000099999999999 0.00000000099999999999 0.99999998648095711484 0.00000000751904282675 0.00000000099999999999 0.00000000099999999999 0.00000000099999999999 0.00000000099999999999 
0.00000000099999999997 0.00000000099999999997 0.99999999299999997593 0.00000000099999999997 0.00000000099999999997 0.00000000099999999997 0.00000000099999999997 0.00000000099999999997 
0.00000000099999999998 0.00000000099999999998 0.99999999300000008695 0.00000000099999999998 0.00000000099999999998 0.00000000099999999998 0.00000000099999999998 0.00000000099999999998 
0.00000000099999999999 0.01229792136058124007 0.98769850435538519839 0.00000000099999999999 0.00000000099999999999 0.00000000099999999999 0.00000000099999999999 0.00000356928403371971 
0.00000000099999999998 0.00000000099999999998 0.99999999300000008695 0.00000000099999999998 0.00000000099999999998 0.00000000099999999998 0.00000000099999999998 0.00000000099999999998 
0.00000000099999999998 0.00000000099999999998 0.99999999299999997593 0.00000000099999999998 0.00000000099999999998 0.00000000099999999998 0.00000000099999999998 0.00000000099999999998 
0.00000000099999999998 0.00000000099999999998 0.99999999300000008695 0.00000000099999999998 0.00000000099999999998 0.00000000099999999998 0.00000000099999999998 0.00000000099999999998 
0.00000000099999999999 0.00000000099999999999 0.95833929546418950007 0.00000000099999999999 0.00000000099999999999 0.00000000099999999999 0.04166069853581037818 0.00000000099999999999 
0.00000000099999999997 0.00000000099999999997 0.99999999299999997593 0.00000000099999999997 0.00000000099999999997 0.00000000099999999997 0.00000000099999999997 0.00000000099999999997 
0.00000000100000000000 0.00000000100000000000 0.68607037940816251176 0.06937788661923882660 0.13771063115807363753 0.10684103450143590808 0.00000002959839651846 0.00000003671469247592 
0.00000000099999999998 0.00000000099999999998 0.99999999300000008695 0.00000000099999999998 0.00000000099999999998 0.00000000099999999998 0.00000000099999999998 0.00000000099999999998 
0.00000000099999999997 0.00000000099999999997 0.02534791939808335101 0.09492213008780438221 0.00000000099999999997 0.87972994551411221043 0.00000000099999999997 0.00000000099999999997 
0.00000000099999999998 0.00000000099999999998 0.00000000099999999998 0.00000000099999999998 0.00000000099999999998 0.99999999300000008695 0.00000000099999999998 0.00000000099999999998 
0.00000000099999999998 0.00000000099999999998 0.00000000099999999998 0.00000000099999999998 0.00000000099999999998 0.99999999300000008695 0.00000000099999999998 0.00000000099999999998 
0.00000000099999999999 0.00000000099999999999 0.00000000099999999999 0.00000000099999999999 0.00000000099999999999 0.99999999300000008695 0.00000000099999999999 0.00000000099999999999 
0.00000000099999999998 0.00000000099999999998 0.00000000099999999998 0.00000000099999999998 0.00000000099999999998 0.99999999300000008695 0.00000000099999999998 0.00000000099999999998 
0.00000000099999999998 0.00000000099999999998 0.00000000099999999998 0.00000000099999999998 0.00000000099999999998 0.99999999299999997593 0.00000000099999999998 0.00000000099999999998 
0.00000000099999999998 0.00000000099999999998 0.00000000099999999998 0.00000000099999999998 0.00000000099999999998 0.99999999299999997593 0.00000000099999999998 0.00000000099999999998 
0.00000000099999999999 0.00000000099999999999 0.00035810406845581392 0.00000000099999999999 0.00000000099999999999 0.99964188993154423635 0.00000000099999999999 0.00000000099999999999 
0.00000000099999999997 0.00000000099999999997 0.00000000099999999997 0.00000000099999999997 0.00000000099999999997 0.99999999300000008695 0.00000000099999999997 0.00000000099999999997 
0.00000000099999999997 0.00000000099999999997 0.00000000099999999997 0.00000000099999999997 0.00000000099999999997 0.99999999300000008695 0.00000000099999999997 0.00000000099999999997 
0.00000000099999999997 0.00000000099999999997 0.00000000099999999997 0.00000000099999999997 0.00000000099999999997 0.99999999299999997593 0.00000000099999999997 0.00000000099999999997 
0.00000000099999999998 0.00000000099999999998 0.00000000099999999998 0.00000000099999999998 0.00000000099999999998 0.99999999299999997593 0.00000000099999999998 0.00000000099999999998 
0.00000000099999999999 0.00000000099999999999 0.00000000099999999999 0.00000000099999999999 0.00000000099999999999 0.99999999299999997593 0.00000000099999999999 0.00000000099999999999 
0.00000000099999999997 0.00000000099999999997 0.00000000099999999997 0.00000000099999999997 0.00000000099999999997 0.99999999299999997593 0.00000000099999999997 0.00000000099999999997 
0.00000000099999999998 0.00000000099999999998 0.00000000099999999998 0.00000000099999999998 0.00000000099999999998 0.99999999299999997593 0.00000000099999999998 0.00000000099999999998 
0.00000000099999999998 0.00000000099999999998 0.00000000099999999998 0.00000000099999999998 0.00000000099999999998 0.99999999300000008695 0.00000000099999999998 0.00000000099999999998 
0.00000000099999999999 0.02401602734323574073 0.00000000099999999999 0.00000000099999999999 0.00000000099999999999 0.96077542433752571860 0.01520854331923853116 0.00000000099999999999 
0.00000000099999999998 0.00000000099999999998 0.00000000099999999998 0.00000000099999999998 0.00000000099999999998 0.99999999300000008695 0.00000000099999999998 0.00000000099999999998 
0.00000000099999999997 0.00000000099999999997 0.00000000099999999997 0.00000000099999999997 0.00000000099999999997 0.99999999299999997593 0.00000000099999999997 0.00000000099999999997 
0.00000000099999999998 0.00000000099999999998 0.00000000099999999998 0.00000000099999999998 0.00000000099999999998 0.99999999300000008695 0.00000000099999999998 0.00000000099999999998 
0.00000000099999999999 0.00000000099999999999 0.00000000099999999999 0.00000000099999999999 0.00000000099999999999 0.99999999300000008695 0.00000000099999999999 0.00000000099999999999 
0.00000000099999999998 0.00000000099999999998 0.00000000099999999998 0.00000000099999999998 0.00000000099999999998 0.99999999300000008695 0.00000000099999999998 0.00000000099999999998 
0.00000000099999999998 0.00000000099999999998 0.00000000099999999998 0.00000000099999999998 0.00000000099999999998 0.99999999299999997593 0.00000000099999999998 0.00000000099999999998 
0.00000000099999999998 0.00000000099999999998 0.00000000099999999998 0.00000000099999999998 0.00000000099999999998 0.99999999300000008695 0.00000000099999999998 0.00000000099999999998 
0.00000000099999999999 0.00000000099999999999 0.03193267684378475052 0.00000000099999999999 0.00000000099999999999 0.96806731715621519019 0.00000000099999999999 0.00000000099999999999 
0.00000000099999999997 0.00000000099999999997 0.00000000099999999997 0.00000000099999999997 0.00000000099999999997 0.99999999299999997593 0.00000000099999999997 0.00000000099999999997 
0.07912734211852393007 0.28381930478811662200 0.02614148985769999822 0.00000000100000000000 0.00000012965212440296 0.00000000100000000000 0.08543027065310866697 0.52548146093042624738 
0.00000000099999999997 0.00000000099999999997 0.00000000099999999997 0.00000000099999999997 0.00000000099999999997 0.00000000099999999997 0.99999999299999997593 0.00000000099999999997 
0.00000000099999999998 0.00000000099999999998 0.00000000099999999998 0.24757760197922634715 0.00000000099999999998 0.00000000099999999998 0.75242239202077365601 0.00000000099999999998 
0.00000000099999999999 0.29651930153002481472 0.00000000099999999999 0.00000000099999999999 0.00000000099999999999 0.00000000099999999999 0.08168785295204994412 0.62179284051792516053 
0.99999999300000008695 0.00000000099999999995 0.00000000099999999995 0.00000000099999999995 0.00000000099999999995 0.00000000099999999995 0.00000000099999999995 0.00000000099999999995 
0.00000000099999999997 0.00000000099999999997 0.00000000099999999997 0.00000000099999999997 0.00000000099999999997 0.00000000099999999997 0.99999999299999986491 0.00000000099999999997 
0.30114915910871103977 0.00000000099999999999 0.00000000099999999999 0.12822664702232475231 0.00000000099999999999 0.00000000099999999999 0.57062418886896404402 0.00000000099999999999 
0.00000000099999999999 0.00005738628053945772 0.00000000099999999999 0.27710589580868955073 0.00000000099999999999 0.00000000099999999999 0.72283671291077100651 0.00000000099999999999 
0.99999999300000019797 0.00000000099999999994 0.00000000099999999994 0.00000000099999999994 0.00000000099999999994 0.00000000099999999994 0.00000000099999999994 0.00000000099999999994 
0.56040866963437474535 0.00000000099999999999 0.00000000099999999999 0.00000000099999999999 0.00000000099999999999 0.00000000099999999999 0.43959132436562520230 0.00000000099999999999 
0.99999999300000019797 0.00000000099999999995 0.00000000099999999995 0.00000000099999999995 0.00000000099999999995 0.00000000099999999995 0.00000000099999999995 0.00000000099999999995 
0.43359748151014892992 0.00000000099999999999 0.00000000099999999999 0.09862670024820816006 0.00000000099999999999 0.00000000099999999999 0.46777581324164269061 0.00000000099999999999 
0.32984670379297914566 0.00000000100000000000 0.00000000100000000000 0.00000095360014264884 0.00000000100000000000 0.00000000100000000000 0.00141827159606353211 0.66873406701081472558 
0.45361026143370930530 0.00000003519456241414 0.03754795258334844149 0.00269007252103695095 0.23159683379138104597 0.00000000100000000000 0.19966195722276880442 0.07489288625319327763 
0.40298897885482709569 0.02634775332438036438 0.00000000099999999999 0.00000000099999999999 0.00000000099999999999 0.00000000099999999999 0.57066326282079227195 0.00000000099999999999 
0.40669959875437028396 0.03475514412633277928 0.00000000099999999999 0.13045223776170636332 0.00000000099999999999 0.00000000099999999999 0.42809301535759047841 0.00000000099999999999 
0.39618121731944550001 0.00000005964088148080 0.00000000100000000000 0.00000000100000000000 0.00000000100000000000 0.00000000100000000000 0.60381871803967279710 0.00000000100000000000 
0.48150161874611441259 0.00000000099999999999 0.00000169918300348847 0.00000000099999999999 0.00000000099999999999 0.00000000099999999999 0.51849667671244292766 0.00000000135843899863 
0.00000000099999999990 0.99999999300000008695 0.00000000099999999990 0.00000000099999999990 0.00000000099999999990 0.00000000099999999990 0.00000000099999999990 0.00000000099999999990 
0.32423696367454735157 0.00636352928795301705 0.00000000099999999999 0.00000000099999999999 0.00000000099999999999 0.00000000099999999999 0.60201087484324578014 0.06738862819425375794 
0.00000000100000000000 0.19459937975168012381 0.00000000100000000000 0.00000000100000000000 0.00679953503963069954 0.00000000100000000000 0.06326533633749897856 0.73533574487119002239 
0.16207936135362918662 0.20393533169923239168 0.00594378366015929725 0.00000000100000000000 0.01439928951710906131 0.00000000100000000000 0.00000000100000000000 0.61364223076987001182 
0.45512779345072978954 0.00000000099999999999 0.00000000099999999999 0.00000000099999999999 0.00000000099999999999 0.00000000099999999999 0.54487220054927010260 0.00000000099999999999 
0.00000000099999999996 0.00000000099999999996 0.00000000099999999996 0.00000000099999999996 0.00000000099999999996 0.00000000099999999996 0.99999999299999986491 0.00000000099999999996 
0.14555042432226700244 0.19954216226471688245 0.00097802762225741293 0.00000000100000000000 0.00000002956393239189 0.00000000100000000000 0.00000000100000000000 0.65392935322682632648 
0.00000000099999999993 0.00000000099999999993 0.00000000099999999993 0.99999999299999997593 0.00000000099999999993 0.00000000099999999993 0.00000000099999999993 0.00000000099999999993 
0.00000000099999999996 0.00000000099999999996 0.00000000099999999996 0.00000000099999999996 0.00000000099999999996 0.00000000099999999996 0.99999999299999986491 0.00000000099999999996 
0.00000000099999999998 0.00000000099999999998 0.00000000099999999998 0.00000000099999999998 0.00000000099999999998 0.00000000099999999998 0.00000000099999999998 0.99999999300000008695 
0.00000000099999999995 0.00000000099999999995 0.00000000099999999995 0.00000000099999999995 0.00000000099999999995 0.00000000099999999995 0.99999999299999997593 0.00000000099999999995 
0.99999999300000019797 0.00000000099999999994 0.00000000099999999994 0.00000000099999999994 0.00000000099999999994 0.00000000099999999994 0.00000000099999999994 0.00000000099999999994 
0.00000000099999999997 0.00000000099999999997 0.00000000099999999997 0.00000000099999999997 0.00000000099999999997 0.00000000099999999997 0.00000000099999999997 0.99999999299999997593 
0.00000000099999999996 0.00000000099999999996 0.00000000099999999996 0.00000000099999999996 0.00000000099999999996 0.00000000099999999996 0.99999999299999986491 0.00000000099999999996 
0.00000000099999999999 0.25761561246372038925 0.00000000099999999999 0.00000000099999999999 0.00000000099999999999 0.00000000099999999999 0.12918697790629621314 0.61319740462998306718 
0.00000000099999999998 0.00000000099999999998 0.00000000099999999998 0.00000000099999999998 0.00000000099999999998 0.00000000099999999998 0.00000000099999999998 0.99999999299999997593 
0.09082562541613867224 0.25517493926372925017 0.00000000100000000000 0.00000000100000000000 0.00000001165675632731 0.00000000100000000000 0.00000165780137252762 0.65399776286200317355 
0.00000001869218523434 0.21806091221926215962 0.00000000099999999999 0.00000000099999999999 0.00000000099999999999 0.00000000099999999999 0.00000000099999999999 0.78193906408855262669 
0.00000000099999999997 0.00000000099999999997 0.00000000099999999997 0.00000000099999999997 0.00000000099999999997 0.00000000099999999997 0.99999999299999997593 0.00000000099999999997 
0.00000000099999999997 0.00000000099999999997 0.00000000099999999997 0.00000000099999999997 0.00000000099999999997 0.00000000099999999997 0.99999999299999997593 0.00000000099999999997 
0.36204203803911172432 0.00000000099999999999 0.00000000099999999999 0.00000000099999999999 0.00000000099999999999 0.00000000099999999999 0.55038941404065322427 0.08756854292023492914 
0.27098652298821140905 0.00000000100000000000 0.00000000100000000000 0.17388252855068303537 0.02003680211549174750 0.00000000100000000000 0.45768633121901125538 0.07740781212660241550 
0.99999999300000008695 0.00000000099999999995 0.00000000099999999995 0.00000000099999999995 0.00000000099999999995 0.00000000099999999995 0.00000000099999999995 0.00000000099999999995 
0.16724105334228916986 0.19936566229300997644 0.05086158819469692449 0.00000000100000000000 0.00000000100000000000 0.00515887730750967839 0.02714988768025485694 0.55022292918223936198 
0.23601466852841787580 0.00000000100000000000 0.00000000100000000000 0.18308133235872178779 0.00000000100000000000 0.00000000100000000000 0.58090399411286031128 0.00000000100000000000 
0.50256004374750529173 0.00700975783089969381 0.00000000099999999999 0.00000000099999999999 0.00000000099999999999 0.00000000099999999999 0.49043019342159505092 0.00000000099999999999 
0.39867179783785172686 0.00000000099999999999 0.00000000099999999999 0.00002013128402163981 0.00000000099999999999 0.00000000099999999999 0.60130806587812646313 0.00000000099999999999 
0.07403926997295434687 0.17270241520298090787 0.00486363605419757542 0.12286259661291179524 0.00000000100000000000 0.00000000100000000000 0.36289420784786280416 0.26263787230909252379 
0.15145770710272324355 0.16326626048048611950 0.00000000100000000000 0.08607947090124508371 0.00000000100000000000 0.00848968813139303752 0.14673970468817723600 0.44396716669597519056 
0.00000000099999999998 0.00000000099999999998 0.00000000099999999998 0.17493155654373288010 0.00000000099999999998 0.00000000099999999998 0.82506843745626701203 0.00000000099999999998 
0.38080727166784378301 0.00000000100000000000 0.00000000100000000000 0.16078034060609031064 0.00000000100000000000 0.00000000100000000000 0.45560429539733421356 0.00280808832873177816 
0.29814434867636258053 0.24698045225910650324 0.00000000099999999999 0.00000001330088337011 0.00000000099999999999 0.00000000099999999999 0.00000000099999999999 0.45487518176364777345 
0.00000000100000000000 0.15578898969908677730 0.00000000100000000000 0.15380914795871450385 0.00000000100000000000 0.00000000100000000000 0.00000000100000000000 0.69040185734219861047 
0.00000027273228095412 0.17132385198403077275 0.00000000100000000000 0.09096998897148510232 0.00000000100000000000 0.00000000100000000000 0.18793021010716165486 0.54977567320504139303 
0.40082916759497860815 0.00089980447028102292 0.00000000099999999999 0.19097208752130159781 0.00000000099999999999 0.00000000099999999999 0.40729893641343878352 0.00000000099999999999 
0.99999999300000008695 0.00000000099999999993 0.00000000099999999993 0.00000000099999999993 0.00000000099999999993 0.00000000099999999993 0.00000000099999999993 0.00000000099999999993 
0.33854669943920639996 0.00334853079608992419 0.00000000100000000000 0.25055730816175314501 0.00000000100000000000 0.00000000100000000000 0.33632602418916746068 0.07122143441378309126 
0.00002731608239773377 0.22576689434550156754 0.00000000099999999999 0.12779501048931299345 0.00000000099999999999 0.00000000099999999999 0.01228611128406996433 0.63412466479871776315 
0.10614246514641577368 0.21966184050953882489 0.00000000100000000000 0.06434643179771440402 0.00000000100000000000 0.00000000100000000000 0.00009198007189218964 0.60975727947443858490 
0.00000000099999999998 0.00000000099999999998 0.00000000099999999998 0.00000000099999999998 0.00000000099999999998 0.00000000099999999998 0.99999999299999997593 0.00000000099999999998 
0.00000000099999999997 0.00000000099999999997 0.00000000099999999997 0.00000000099999999997 0.00000000099999999997 0.00000000099999999997 0.99999999299999997593 0.00000000099999999997 
0.00000000099999999996 0.00000000099999999996 0.00000000099999999996 0.00000000099999999996 0.00000000099999999996 0.00000000099999999996 0.99999999299999997593 0.00000000099999999996 
0.40974019795453825443 0.00000000099999999999 0.00000000099999999999 0.10710181054868324335 0.00000000099999999999 0.00000000099999999999 0.48315798649677843546 0.00000000099999999999 
0.00000000099999999995 0.00000000099999999995 0.00000000099999999995 0.00000000099999999995 0.00000000099999999995 0.00000000099999999995 0.99999999299999997593 0.00000000099999999995 
0.00000000099999999997 0.00000000099999999997 0.00000000099999999997 0.00000000099999999997 0.00000000099999999997 0.00000000099999999997 0.99999999299999986491 0.00000000099999999997 
