0.00000000099999999999 0.00000000099999999999 0.00000000099999999999 0.00000000099999999999 0.99999999299999997593 0.00000000099999999999 0.00000000099999999999 0.00000000099999999999 
0.00000000099999999992 0.00000000099999999992 0.00000000099999999992 0.00000000099999999992 0.99999999299999997593 0.00000000099999999992 0.00000000099999999992 0.00000000099999999992 
0.00000000099999999998 0.00000000099999999998 0.99999999299999997593 0.00000000099999999998 0.00000000099999999998 0.00000000099999999998 0.00000000099999999998 0.00000000099999999998 
0.00000000099999999998 0.00000000099999999998 0.99999999299999997593 0.00000000099999999998 0.00000000099999999998 0.00000000099999999998 0.00000000099999999998 0.00000000099999999998 
0.00000000099999999999 0.00000000099999999999 0.00000000099999999999 0.00000000099999999999 0.96595344577169073297 0.03404654822830926325 0.00000000099999999999 0.00000000099999999999 
0.00912301523703192702 0.00000000100000000000 0.67580028999887153951 0.00000000100000000000 0.30168475776312853043 0.00000517608349296751 0.00000000100000000000 0.01338675791747509503 
0.00000001441485937374 0.00000000100000000000 0.34127828623525657825 0.00682131174872847249 0.46454064836673719663 0.00000000100000000000 0.05992511046153272541 0.12743462677288577845 
0.01135269967767813318 0.00342537567867713449 0.50812087114289383738 0.02175242791788653540 0.45528696732765133737 0.00000000100000000000 0.00006165625521272938 0.00000000100000000000 
0.00000058080599735887 0.00002392004466634868 0.39282196810705399814 0.05112005354177424216 0.47868618963147696599 0.00000000100000000000 0.07734728586903101555 0.00000000100000000000 
0.00000000100000000000 0.01677144355794277578 0.36060273982385815383 0.05612814479117392980 0.53801605430335386338 0.02511940009131373094 0.00000000100000000000 0.00336221543235769001 
0.02830187042059021177 0.04194822399962354342 0.27553137326544102637 0.02489901860979771772 0.53513963989397750343 0.00532685540376304310 0.08885301740680698335 0.00000000100000000000 
0.00000000100000000000 0.02962778611419392832 0.40774994331176500628 0.00776831290838728063 0.52205170594338012879 0.00000000100000000000 0.03280224872227363586 0.00000000100000000000 
0.04583719302184329630 0.01380812167704731190 0.41507520332479203029 0.00000000100000000000 0.50569592551313513606 0.00000000100000000000 0.01958355346318222182 0.00000000100000000000 
0.00000000099999999997 0.00000000099999999997 0.99999999299999997593 0.00000000099999999997 0.00000000099999999997 0.00000000099999999997 0.00000000099999999997 0.00000000099999999997 
0.00000071285362467817 0.05070710155156261945 0.55704381652783052647 0.00269825775707225593 0.35604791894750736914 0.00349874262909887672 0.00011420982999258425 0.02988923990331111488 
0.05287959453197063620 0.00000000100000000000 0.32795191992065769737 0.00000000100000000000 0.51976367383970933922 0.00000000100000000000 0.09940480770766227381 0.00000000100000000000 
0.00349217344834026758 0.00054426608603666245 0.36788451733722066228 0.05097095809844107844 0.54562990798936139569 0.00000000100000000000 0.03147817504060009680 0.00000000100000000000 
0.00001144748558429325 0.02464906283005463203 0.39586310286958714677 0.00000000100000000000 0.47870670069378262745 0.00253897012116306242 0.08709793280012316508 0.01113278219970492526 
0.00000000100000000000 0.09401624310982872879 0.36158338272714751760 0.00000001461044582568 0.49842036182715260262 0.01535772518299098263 0.03062227054243430932 0.00000000100000000000 
0.00061771465236433118 0.04763956589147486098 0.30706595653502222198 0.00957940267596396090 0.51585444836452387651 0.00000000100000000000 0.11924290988065067154 0.00000000100000000000 
0.00000002271375872793 0.06031748741470245589 0.40777573197769456659 0.00000000100000000000 0.49570741064994461311 0.03619839315767212767 0.00000000100000000000 0.00000095208622747908 
0.00000000099999999998 0.00000000099999999998 0.00000000099999999998 0.00000000099999999998 0.99999999299999997593 0.00000000099999999998 0.00000000099999999998 0.00000000099999999998 
0.00000100675895062806 0.03475342845146880966 0.39226723739052293816 0.01327843352731877639 0.49975367848155566319 0.00945946902826231076 0.05048611235566117378 0.00000063400625957325 
0.00000000099999999997 0.00000000099999999997 0.00000000099999999997 0.00000000099999999997 0.99999999300000008695 0.00000000099999999997 0.00000000099999999997 0.00000000099999999997 
0.01479995523451586512 0.01492937084100740865 0.41028898083252385298 0.00000000100000000000 0.45671376178401845713 0.00078946553268041285 0.08352434179556907090 0.01895412297968474338 
0.00000000100000000000 0.00000403744436425830 0.41285270290498615742 0.03199804208840123509 0.48506990831380186746 0.00000000100000000000 0.07007530540429950106 0.00000000184414714159 
0.00000000099999999998 0.00000000099999999998 0.00000000099999999998 0.00000000099999999998 0.99999999299999997593 0.00000000099999999998 0.00000000099999999998 0.00000000099999999998 
0.04277774799983350557 0.03570153689870479014 0.30810286953717458402 0.04276713136576052593 0.57063223557806963537 0.00000000100000000000 0.00001847662045685618 0.00000000100000000000 
0.04142353904024551753 0.06900507724197835202 0.36314382580070619921 0.00000000100000000000 0.51428990470096824783 0.00000000100000000000 0.01213765021610170233 0.00000000100000000000 
0.00000000099999999998 0.00000000099999999998 0.00000000099999999998 0.00000000099999999998 0.99999999300000008695 0.00000000099999999998 0.00000000099999999998 0.00000000099999999998 
0.05972505926069689164 0.03161157701207616827 0.42641058181073737687 0.00449103205679860298 0.44990468696025676110 0.00000000100000000000 0.02785706089943404060 0.00000000100000000000 
0.00000000099999999999 0.00000000099999999999 0.50770089658682193701 0.00000000099999999999 0.36986573231141650631 0.00757928076087762814 0.11439395708876105850 0.00046013025212285319 
0.03394281852186292053 0.01702457805785058398 0.28470021420938163015 0.01173831128567185376 0.52083250927873181446 0.02240667564960263994 0.10935489199689854556 0.00000000100000000000 
0.00000000100000000000 0.00000000100000000000 0.27006332543204558672 0.00000000100000000000 0.72993666841170568027 0.00000000100000000000 0.00000000100000000000 0.00000000115624873295 
0.00000000100000000000 0.00886335637680579422 0.64223138783695121745 0.03466551820479110702 0.30571667192457824269 0.00051838143375722366 0.00800468222311647923 0.00000000100000000000 
0.05842728498420907829 0.05209195350419459219 0.31458608903968493520 0.04958744792167781024 0.52507562411533070801 0.00000147533196032726 0.00000133507322475076 0.00022879002971772373 
0.00000000099999999992 0.00000000099999999992 0.00000000099999999992 0.00000000099999999992 0.99999999299999997593 0.00000000099999999992 0.00000000099999999992 0.00000000099999999992 
0.01008804110613102829 0.04548124634597492527 0.47563766113366523491 0.02061373139027082579 0.43057829161489186154 0.01760101460080515032 0.00000001280826090126 0.00000000100000000000 
0.00000000099999999995 0.00000000099999999995 0.00000000099999999995 0.00000000099999999995 0.99999999299999997593 0.00000000099999999995 0.00000000099999999995 0.00000000099999999995 
0.00000000099999999998 0.00000000099999999998 0.00000000099999999998 0.00000000099999999998 0.99999999300000008695 0.00000000099999999998 0.00000000099999999998 0.00000000099999999998 
0.00000000099999999998 0.00000000099999999998 0.00000000099999999998 0.00000000099999999998 0.99999999299999997593 0.00000000099999999998 0.00000000099999999998 0.00000000099999999998 
0.00000000100000000000 0.00000000100000000000 0.38029857920692616835 0.00000000994391304933 0.44421845925857084136 0.02578062580542904783 0.14970230826379249400 0.00000001552136852169 
0.00000000100000000000 0.03069621569042644410 0.50931006341220053102 0.04069488099309463008 0.41929883590427857731 0.00000000100000000000 0.00000000100000000000 0.00000000100000000000 
0.00000000314549597726 0.04926054453872286132 0.47352090533111917958 0.01565978401247957938 0.42100356455191784155 0.02244407920372203449 0.01781125267402438109 0.00029986654251809840 
0.00000000100000000000 0.01003648743772396663 0.39802051839525931509 0.01685994898110692794 0.51263768416358479474 0.00000000100000000000 0.03907539410774033689 0.02336996491458487660 
0.00000000099999999997 0.00000000099999999997 0.00000000099999999997 0.00000000099999999997 0.99999999300000008695 0.00000000099999999997 0.00000000099999999997 0.00000000099999999997 
0.00000000100000000000 0.04925499607910496097 0.40427338931379552811 0.00000000100000000000 0.45822660020418987115 0.00000000100000000000 0.06219776516051791354 0.02604724624239160291 
0.04614320700319109875 0.00893016915936390397 0.31923236727922632561 0.04276306804041543619 0.50575411896586086602 0.00000010466745966317 0.06810443424785971034 0.00907253063662303433 
0.00000000225557439929 0.05814902492536783152 0.31596667045678922259 0.00027821999365108851 0.48857533715111722827 0.00000000100000000000 0.03355133670301171933 0.10347940751448864161 
0.00000000099999999999 0.00000000099999999999 0.76606118841894876859 0.00000000099999999999 0.15541244016989105847 0.00000000099999999999 0.00000000099999999999 0.07852636641116032823 
0.02903402581843243097 0.01211948714650596705 0.33109873389584976167 0.00607840520886232874 0.51576985228417859819 0.01410481402471149698 0.08742074484876329044 0.00437393677269617975 
0.00000000100000000000 0.08508455553214266942 0.28276658345703575836 0.04126396924422238988 0.53343544833519851434 0.00000000100000000000 0.03550983073143920005 0.02193961069996129901 
0.00000000183818715438 0.01561490991530789345 0.47128841535866183854 0.04152407899248489881 0.45454409522447009051 0.01702849667088826568 0.00000000100000000000 0.00000000100000000000 
0.00000000099999999999 0.00000000099999999999 0.00000000099999999999 0.00000000099999999999 0.99999999300000008695 0.00000000099999999999 0.00000000099999999999 0.00000000099999999999 
0.04221508871131093854 0.00000001089381283280 0.69507205050555664894 0.00000232829667444042 0.22862371528633518292 0.00000000100000000000 0.00000000114769476790 0.03408680415861530671 
0.11682962473937438808 0.05297319275628635526 0.21820853545242668847 0.02925351864588707218 0.57204561684424837242 0.00000000267393687426 0.01068950788784024317 0.00000000100000000000 
0.00000000099999999998 0.28817510814452401702 0.00000000099999999998 0.05487027559724280690 0.65695461125823306769 0.00000000099999999998 0.00000000099999999998 0.00000000099999999998 
0.07643605374416742593 0.02678093027831102146 0.45768765506915060071 0.00000000100000000000 0.41777587059067727848 0.00000000100000000000 0.02131948041543516373 0.00000000790225849358 
0.00000020534323823570 0.02842439968366275438 0.41111051781507912395 0.00000000100000000000 0.47786025948187166312 0.01166508832016967603 0.07093952735597842951 0.00000000100000000000 
0.09478759182986974674 0.11581730030534161113 0.30091393498856394695 0.03875587714141714296 0.40144165350540367276 0.00000000100000000000 0.04828364022940397765 0.00000000100000000000 
0.05120564133857550410 0.03789895634064784774 0.22065587638397218817 0.00702114288515766263 0.53966881693176083079 0.00000000100000000000 0.10357963820866954163 0.03996992691121654950 
0.00517275754685213567 0.00000000099999999998 0.00000000099999999998 0.00000000099999999998 0.99482723645314785621 0.00000000099999999998 0.00000000099999999998 0.00000000099999999998 
0.00000000100000000000 0.00000001384704539904 0.31492458149524527045 0.04992133311605236740 0.52400163934906562879 0.00000000100000000000 0.03994927818612500209 0.07120315200646629150 
0.00000000100000000000 0.02142666498229535421 0.31792412242185547067 0.02023941885081915679 0.54332793381723964998 0.00000000100000000000 0.09708185692779028320 0.00000000100000000000 
0.03561392215806776645 0.02139538814821267607 0.55217614415645122072 0.00882440763780352119 0.30664071757381866634 0.00000000100000000000 0.04385656340349092241 0.03149285592215513713 
0.00000005699488565678 0.01810168359141378289 0.55877155257123600762 0.00284137790703456808 0.40659559191433530811 0.01368973502109461539 0.00000000100000000000 0.00000000100000000000 
0.00000000099999999998 0.00000000099999999998 0.99999999299999997593 0.00000000099999999998 0.00000000099999999998 0.00000000099999999998 0.00000000099999999998 0.00000000099999999998 
0.01841324704572507368 0.02849517278455620736 0.33298309478099874514 0.01821094720334992187 0.46763290757692815847 0.00541223597628707684 0.08628002099677770098 0.04257237363537708791 
0.00000353046961965542 0.06155436034545769958 0.31224784024752882949 0.00000067279809113610 0.53863060590895395219 0.00000036629061685990 0.03413668236704179432 0.05342594157269017069 
0.04891552563606019199 0.04779575814799288253 0.35764407019406319055 0.00604912207622158079 0.53367712065774020047 0.00000000100000000000 0.00000000791504707616 0.00591839437287482867 
0.04779685185501479638 0.00000000100000000000 0.32446161359523117973 0.00000000100000000000 0.39282135922774114034 0.00000000100000000000 0.21960501419261807543 0.01531515812939499704 
0.00000000100000000000 0.34712726953837474975 0.49376804259740347813 0.06260901495030556096 0.04464402807852191346 0.00000000100000000000 0.05185164183539444499 0.00000000100000000000 
0.00000000099999999998 0.00000000099999999998 0.99999999300000008695 0.00000000099999999998 0.00000000099999999998 0.00000000099999999998 0.00000000099999999998 0.00000000099999999998 
0.03110378126083149578 0.00000000100000000000 0.76552031062426806329 0.00000000100000000000 0.18401591914176876341 0.00000733321280912074 0.00000000100000000000 0.01935265276032250431 
0.00000000100000000000 0.07564737388714536104 0.38467744358499500468 0.03136714751264696455 0.46134215851086635141 0.03811225859396626808 0.00885361591038012416 0.00000000100000000000 
0.00000114283263917791 0.00000000100000000000 0.34357010898550294220 0.01319042914993080740 0.52572077370888237180 0.02918673396553090466 0.08833080935751377871 0.00000000100000000000 
0.00000037964185826000 0.04950344012894020845 0.42225230593604512475 0.03276828676870849333 0.45509536779708587018 0.00000173443893954683 0.00930326682221345458 0.03107521846620906608 
0.01488498243156056305 0.00000000100000000000 0.69449163271519842588 0.00000000100000000000 0.17558678241067746106 0.00000000100000000000 0.00000000100000000000 0.11503659844256358680 
0.00000000099999999997 0.00000000099999999997 0.00000000099999999997 0.00000000099999999997 0.99999999299999997593 0.00000000099999999997 0.00000000099999999997 0.00000000099999999997 
0.00000000099999999999 0.00000000099999999999 0.00000000099999999999 0.00000000099999999999 0.99999999300000008695 0.00000000099999999999 0.00000000099999999999 0.00000000099999999999 
0.00000000099999999999 0.30444836287767979011 0.00000000099999999999 0.00554269821028329120 0.52849575379204460912 0.00000000099999999999 0.16151318111999221627 0.00000000099999999999 
0.00000000099999999999 0.00000000099999999999 0.00000000099999999999 0.00000000099999999999 0.99999999300000008695 0.00000000099999999999 0.00000000099999999999 0.00000000099999999999 
0.00010882902533400228 0.05551586913572818111 0.52629862963006812659 0.00000000100000000000 0.36397991602191903660 0.00000000425343090341 0.01066264919893575129 0.04343410173458407686 
0.00000000100000000000 0.03446921510184525195 0.24638251147099798910 0.05494621959437280545 0.56874252723023610567 0.04416283051741796278 0.05129669408512981671 0.00000000100000000000 
0.00000000100000000000 0.05237389466672767724 0.36631711294181046323 0.00011521179427093516 0.40328594419337177035 0.00159995122155563501 0.09328664026692017053 0.08302124391534329573 
0.00000000155620810628 0.03277658070710154359 0.57472365581268769485 0.00002325709804112888 0.39247588891224660657 0.00000000100000000000 0.00000000100000000000 0.00000061391371495367 
0.00000000099999999998 0.00000000099999999998 0.99999999299999997593 0.00000000099999999998 0.00000000099999999998 0.00000000099999999998 0.00000000099999999998 0.00000000099999999998 
0.00000000100000000000 0.05368973559116541061 0.31904818134537810126 0.02394641397221977316 0.49034125954812879389 0.00158839982714035111 0.10305321676976131329 0.00833279194620620799 
0.00000108227570338718 0.00125053958441722116 0.56176873811010186177 0.00160571366739423508 0.39087708756863942527 0.00000011870492920140 0.03790604044679577594 0.00659067964201886375 
0.00000000100000000000 0.05453113163427441429 0.37158992551681080396 0.00000005277858736008 0.42081124323077401250 0.03718766125401040679 0.11587998358554313372 0.00000000100000000000 
0.00041387618917297371 0.01323004875786018726 0.56200623139456329369 0.00314959562138057833 0.35737019997956720463 0.01541070566107260141 0.03706111815881215493 0.01135822423757089708 
0.00000000099999999998 0.00000000099999999998 0.99999999300000008695 0.00000000099999999998 0.00000000099999999998 0.00000000099999999998 0.00000000099999999998 0.00000000099999999998 
0.00000000100000000000 0.06520574958874798821 0.38688697172393865520 0.01885655159370571571 0.42625768588350526622 0.00000253516343698502 0.03971265970219371028 0.06307784534447159752 
0.00000000099999999998 0.00000000099999999998 0.99999999300000008695 0.00000000099999999998 0.00000000099999999998 0.00000000099999999998 0.00000000099999999998 0.00000000099999999998 
0.02776138534947323114 0.01397543906391325932 0.31593580323051961845 0.04081004099259776668 0.56365956831682084704 0.00000000737354341046 0.03757987619853249417 0.00027787947459930465 
0.02504304971788528372 0.02667244338956015551 0.34008195897078724590 0.06129336717071417334 0.48001103125282623685 0.00000000100000000000 0.00000000100000000000 0.06689814749822693696 
0.00000000100000000000 0.06014260989090296217 0.00000000100000000000 0.02954927270764545061 0.20660541900276896410 0.00000000100000000000 0.70370269439868249339 0.00000000100000000000 
0.00000000099999999999 0.00000000099999999999 0.00000000099999999999 0.00000000099999999999 0.00000000099999999999 0.00000000099999999999 0.99999999299999997593 0.00000000099999999999 
0.00636501874808893461 0.10856517564529302722 0.00000000100000000000 0.01559083158846858233 0.17066468801042139480 0.00000000100000000000 0.69379552481161765876 0.00501875919611041808 
0.00000000099999999997 0.00000000099999999997 0.00000000099999999997 0.00000000099999999997 0.00000000099999999997 0.00000000099999999997 0.99999999299999997593 0.00000000099999999997 
0.04883504789338376229 0.06982234341180740267 0.00001792403631851751 0.06808962608086666091 0.12720299591619430024 0.00000000100000000000 0.68600867316201763479 0.00002338849941175762 
0.00000000099999999998 0.00000000099999999998 0.00000000099999999998 0.00000000099999999998 0.00000000099999999998 0.00000000099999999998 0.99999999299999997593 0.00000000099999999998 
0.00000000099999999999 0.00000000099999999999 0.00000000099999999999 0.00000000099999999999 0.00000000099999999999 0.00000000099999999999 0.99999999299999986491 0.00000000099999999999 
0.00000000099999999998 0.00000000099999999998 0.00000000099999999998 0.00000000099999999998 0.00000000099999999998 0.00000000099999999998 0.99999999299999986491 0.00000000099999999998 
0.00000000099999999999 0.00000000099999999999 0.00000000099999999999 0.00000000099999999999 0.00000000099999999999 0.00000000099999999999 0.99999999299999997593 0.00000000099999999999 
0.00000000099999999998 0.00000000099999999998 0.00000000099999999998 0.00000000099999999998 0.00000000099999999998 0.00000000099999999998 0.99999999299999997593 0.00000000099999999998 
0.00107996431195276819 0.07916621090750940171 0.00000000100000000000 0.03846745440851214587 0.11594339739284686974 0.00000000100000000000 0.76534296997917872218 0.00000000100000000000 
0.00000000099999999999 0.00000000099999999999 0.00000000099999999999 0.00004458337075821913 0.00000000099999999999 0.00000000099999999999 0.99995541062924164777 0.00000000099999999999 
0.00000000099999999998 0.00000000099999999998 0.00000000099999999998 0.00000000099999999998 0.00000000099999999998 0.00000000099999999998 0.99999999299999997593 0.00000000099999999998 
0.00000000099999999998 0.00003261993706769747 0.00000000099999999998 0.00000000099999999998 0.00000000099999999998 0.00000000099999999998 0.99996737406293223493 0.00000000099999999998 
0.00000000099999999998 0.00000000099999999998 0.00000000099999999998 0.00000000099999999998 0.00000000099999999998 0.00000000099999999998 0.99999999299999997593 0.00000000099999999998 
0.00000000099999999998 0.00000000099999999998 0.00000000099999999998 0.00000000099999999998 0.00000000099999999998 0.00000000099999999998 0.99999999299999997593 0.00000000099999999998 
0.00127667562723248352 0.08578579519658810493 0.00000000100000000000 0.02600577427981156861 0.11229428787613184026 0.00000000100000000000 0.76028520750736816591 0.01435225751286788205 
0.00000000099999999999 0.09744322317774530007 0.00000000099999999999 0.00000000099999999999 0.00000000099999999999 0.00000000099999999999 0.90255677082225471697 0.00000000099999999999 
0.00000000099999999999 0.00000000099999999999 0.00000000099999999999 0.02647862610586946067 0.00000000099999999999 0.00000000099999999999 0.97352136789413057372 0.00000000099999999999 
0.03855137959744164150 0.11642336758349576542 0.23333420504275767526 0.00761446209624992015 0.06419966265703225261 0.00000036815270247227 0.41545647615776137851 0.12442007871255882090 
0.00000000099999999999 0.00000000099999999999 0.00000000099999999999 0.00000000099999999999 0.00000000099999999999 0.00000000099999999999 0.99999999299999997593 0.00000000099999999999 
0.00000000099999999997 0.00000000099999999997 0.00000000099999999997 0.00000000099999999997 0.00000000099999999997 0.00000000099999999997 0.99999999299999986491 0.00000000099999999997 
0.00000000099999999999 0.00000000099999999999 0.00000000099999999999 0.00000000099999999999 0.00000000099999999999 0.00000000099999999999 0.99999999299999997593 0.00000000099999999999 
0.00000000099999999999 0.00000000099999999999 0.00000000099999999999 0.00000000099999999999 0.00000000099999999999 0.01810666272902995352 0.98189333127097000453 0.00000000099999999999 
0.00000000099999999998 0.00000000099999999998 0.00000000099999999998 0.00000000099999999998 0.00000000099999999998 0.00000000099999999998 0.99999999299999986491 0.00000000099999999998 
0.00000000099999999999 0.00000000099999999999 0.00000000099999999999 0.00000000099999999999 0.00000000099999999999 0.00000000099999999999 0.99999999299999997593 0.00000000099999999999 
0.00000000099999999998 0.00000000099999999998 0.00000000099999999998 0.00000000099999999998 0.00000000099999999998 0.00000000099999999998 0.99999999299999997593 0.00000000099999999998 
0.00000000099999999999 0.00000000099999999999 0.00000000099999999999 0.00000000099999999999 0.00000000099999999999 0.00000000099999999999 0.99999999078390822138 0.00000000321609161810 
0.00000000099999999997 0.00000000099999999997 0.00000000099999999997 0.00000000099999999997 0.00000000099999999997 0.00000000099999999997 0.99999999299999986491 0.00000000099999999997 
0.00080913238767444729 0.07297663830760735271 0.08182356192553404128 0.03966384195610671293 0.11524975116175116552 0.00000000100000000000 0.67947056360583324430 0.01000650965549308886 
0.00000000099999999999 0.00000000099999999999 0.00000000099999999999 0.00000000099999999999 0.00000000099999999999 0.00000000099999999999 0.99999999299999986491 0.00000000099999999999 
0.00000000099999999995 0.00000000099999999995 0.00000000099999999995 0.99999999299999997593 0.00000000099999999995 0.00000000099999999995 0.00000000099999999995 0.00000000099999999995 
0.00000000099999999995 0.00000000099999999995 0.00000000099999999995 0.99999999300000008695 0.00000000099999999995 0.00000000099999999995 0.00000000099999999995 0.00000000099999999995 
0.00000000099999999995 0.00000000099999999995 0.00000000099999999995 0.99999999299999997593 0.00000000099999999995 0.00000000099999999995 0.00000000099999999995 0.00000000099999999995 
0.00000000099999999995 0.00000000099999999995 0.00000000099999999995 0.99999999300000008695 0.00000000099999999995 0.00000000099999999995 0.00000000099999999995 0.00000000099999999995 
0.00000000099999999994 0.00000000099999999994 0.00000000099999999994 0.99999999300000008695 0.00000000099999999994 0.00000000099999999994 0.00000000099999999994 0.00000000099999999994 
0.00000000099999999993 0.00000000099999999993 0.00000000099999999993 0.99999999300000008695 0.00000000099999999993 0.00000000099999999993 0.00000000099999999993 0.00000000099999999993 
0.00000000099999999994 0.00000000099999999994 0.00000000099999999994 0.99999999300000008695 0.00000000099999999994 0.00000000099999999994 0.00000000099999999994 0.00000000099999999994 
0.00000000099999999995 0.00000000099999999995 0.00000000099999999995 0.99999999299999997593 0.00000000099999999995 0.00000000099999999995 0.00000000099999999995 0.00000000099999999995 
0.00000000099999999993 0.00000000099999999993 0.00000000099999999993 0.99999999300000008695 0.00000000099999999993 0.00000000099999999993 0.00000000099999999993 0.00000000099999999993 
0.00000000099999999993 0.00000000099999999993 0.00000000099999999993 0.99999999299999997593 0.00000000099999999993 0.00000000099999999993 0.00000000099999999993 0.00000000099999999993 
0.00000000099999999994 0.00000000099999999994 0.00000000099999999994 0.99999999300000008695 0.00000000099999999994 0.00000000099999999994 0.00000000099999999994 0.00000000099999999994 
0.00000000099999999995 0.00000000099999999995 0.00000000099999999995 0.99999999300000008695 0.00000000099999999995 0.00000000099999999995 0.00000000099999999995 0.00000000099999999995 
0.00000000099999999999 0.62413435777895087675 0.00000000099999999999 0.37586563622104934845 0.00000000099999999999 0.00000000099999999999 0.00000000099999999999 0.00000000099999999999 
0.00000000099999999993 0.00000000099999999993 0.00000000099999999993 0.99999999299999997593 0.00000000099999999993 0.00000000099999999993 0.00000000099999999993 0.00000000099999999993 
0.00000000099999999994 0.00000000099999999994 0.00000000099999999994 0.99999999299999997593 0.00000000099999999994 0.00000000099999999994 0.00000000099999999994 0.00000000099999999994 
0.00000000099999999994 0.00000000099999999994 0.00000000099999999994 0.99999999299999997593 0.00000000099999999994 0.00000000099999999994 0.00000000099999999994 0.00000000099999999994 
0.00000000099999999996 0.00000000099999999996 0.00000000099999999996 0.99999999299999997593 0.00000000099999999996 0.00000000099999999996 0.00000000099999999996 0.00000000099999999996 
0.00000000099999999994 0.00000000099999999994 0.00000000099999999994 0.99999999299999997593 0.00000000099999999994 0.00000000099999999994 0.00000000099999999994 0.00000000099999999994 
0.00000000099999999993 0.00000000099999999993 0.00000000099999999993 0.99999999299999997593 0.00000000099999999993 0.00000000099999999993 0.00000000099999999993 0.00000000099999999993 
0.00000000099999999994 0.00000000099999999994 0.00000000099999999994 0.99999999300000008695 0.00000000099999999994 0.00000000099999999994 0.00000000099999999994 0.00000000099999999994 
0.00000000099999999999 0.45518617790742416096 0.00000000099999999999 0.54481381609257584220 0.00000000099999999999 0.00000000099999999999 0.00000000099999999999 0.00000000099999999999 
0.00000000099999999994 0.00000000099999999994 0.00000000099999999994 0.99999999300000008695 0.00000000099999999994 0.00000000099999999994 0.00000000099999999994 0.00000000099999999994 
0.00000000099999999999 0.40563008429765379237 0.00000000099999999999 0.59436990970234626630 0.00000000099999999999 0.00000000099999999999 0.00000000099999999999 0.00000000099999999999 
0.00000000099999999994 0.00000000099999999994 0.00000000099999999994 0.99999999299999997593 0.00000000099999999994 0.00000000099999999994 0.00000000099999999994 0.00000000099999999994 
0.00000000099999999995 0.00000000099999999995 0.00000000099999999995 0.99999999299999997593 0.00000000099999999995 0.00000000099999999995 0.00000000099999999995 0.00000000099999999995 
0.00000000099999999993 0.00000000099999999993 0.00000000099999999993 0.99999999300000008695 0.00000000099999999993 0.00000000099999999993 0.00000000099999999993 0.00000000099999999993 
0.55368699879084448678 0.00000000100000000000 0.00000000100000000000 0.00000000100000000000 0.03385066741089533260 0.27711277233980091683 0.01009322646502139147 0.12525633199343813584 
0.00000000099999999999 0.00000000099999999999 0.00000000099999999999 0.00000000099999999999 0.00000000099999999999 0.00000000099999999999 0.00000000099999999999 0.99999999300000008695 
0.05100093992152166661 0.00000000099999999999 0.00000000099999999999 0.00000000099999999999 0.00000000099999999999 0.00000000099999999999 0.00000000099999999999 0.94899905407847839900 
0.69918821326199487309 0.00000000099999999999 0.00000000099999999999 0.00000000099999999999 0.00000000099999999999 0.27696032614333204736 0.00000000099999999999 0.02385145559467329382 
0.00000004102630841132 0.00000000099999999999 0.00000000099999999999 0.00000000099999999999 0.00000000099999999999 0.01676321830252296141 0.00000000099999999999 0.98323673567116876004 
0.06029606723549103819 0.00000000099999999999 0.00000000099999999999 0.00000000099999999999 0.00004851235617086789 0.00000000099999999999 0.00000000099999999999 0.93965541540833807943 
0.00004308328330737550 0.00000000099999999999 0.00000000099999999999 0.00000000099999999999 0.00000000099999999999 0.00000000099999999999 0.00000000099999999999 0.99995691071669257077 
0.02404354808496834278 0.00000000100000000000 0.07522995634696268141 0.00000000100000000000 0.00000000100000000000 0.04207901037850398512 0.00000000100000000000 0.85864748118956502054 
0.00000000099999999999 0.00000000099999999999 0.00000000099999999999 0.00000000099999999999 0.00000000099999999999 0.00000000099999999999 0.00000000099999999999 0.99999999300000008695 
0.00000120134718673595 0.00003917322059438525 0.00000000100000000000 0.00000000100000000000 0.00000000100000000000 0.00000000100000000000 0.00000000100000000000 0.99995962043221875426 
0.00002961197140893700 0.00000000100000000000 0.00000000100000000000 0.00000000100000000000 0.01572344340138061985 0.05949341519388655353 0.00000000100000000000 0.92475352543332400845 
0.04903715317210596142 0.00000000100000000000 0.00000887849849043817 0.00000000100000000000 0.00000000100000000000 0.00000000100000000000 0.00000000100000000000 0.95095396332940351769 
0.52457031899878381331 0.00000000100000000000 0.05490937374921966985 0.00000000100000000000 0.00706515601136690694 0.09797986696359006764 0.01291495244697213329 0.30256032983006758696 
0.08544704566884976649 0.00116058910732393301 0.32187855438902235328 0.00000000100000000000 0.00852644615029613320 0.00000000100000000000 0.04685000827846858007 0.53613735440603904614 
0.00000000099999999999 0.00000000099999999999 0.00000000099999999999 0.00000000099999999999 0.00000000099999999999 0.06266476144664615000 0.00000000099999999999 0.93733523255335382540 
0.00000000099999999999 0.00000000099999999999 0.00000000099999999999 0.00000000099999999999 0.00000000099999999999 0.07073301842863868871 0.00000000099999999999 0.92926697557136128669 
0.00000000100000000000 0.00000000100000000000 0.00012038972459499917 0.01543537760026297660 0.00000000160569937608 0.04675933794589692827 0.00000000100000000000 0.93768489012354583334 
0.10477944941642680643 0.00000000100000000000 0.02512054880080820049 0.00000000100000000000 0.00000000100000000000 0.00000000100000000000 0.03368164910370607251 0.83641834867905884288 
0.00000000099999999989 0.00000000099999999989 0.00000000099999999989 0.00000000099999999989 0.00000000099999999989 0.99999999299999997593 0.00000000099999999989 0.00000000099999999989 
0.14147403302463576469 0.00000000100000000000 0.00000000100000000000 0.00000000100000000000 0.02400239333139749659 0.00000000100000000000 0.00000000100000000000 0.83452356864396670666 
0.75594395865662111778 0.00000000100000000000 0.00000000100000000000 0.00000007367095474963 0.04267739673600427774 0.20137855899196205334 0.00000000100000000000 0.00000000894445793292 
0.62990163754907235738 0.00000000100000000000 0.07130715135972724716 0.00964016739741885287 0.00043176455274620423 0.22084161792559980908 0.00019593461442382666 0.06768172560101200219 
0.00010198584714593402 0.00000000099999999999 0.00000000099999999999 0.00000000099999999999 0.00000000099999999999 0.01115741237244202363 0.00000000099999999999 0.98874059678041203991 
0.00604720420424439530 0.00000000099999999999 0.00000000099999999999 0.00000000099999999999 0.00000000099999999999 0.01000322476046018420 0.00000000099999999999 0.98394956603529548644 
0.71574165125711719515 0.00000000100000000000 0.00047089389913618267 0.00042538531551990422 0.00000021709005432139 0.19724378715029228237 0.01907745805044616313 0.06704060623743400560 
0.06535128181085650412 0.00000000099999999999 0.00000000099999999999 0.00000000099999999999 0.00000000099999999999 0.00000000564585834163 0.00000000099999999999 0.93464870754328521762 
0.00000000099999999999 0.01337765504600843015 0.00000000099999999999 0.00000000099999999999 0.00000000099999999999 0.00083188767888817258 0.00000000099999999999 0.98579045227510331273 
0.72690483493328283959 0.00000000099999999999 0.00000947179685603463 0.00000000099999999999 0.00000000099999999999 0.24080173713828198490 0.00000000099999999999 0.03228395213157911336 
0.00624889002987964477 0.00000000099999999999 0.00000000099999999999 0.00000000099999999999 0.00000000099999999999 0.00138529751063388973 0.00000000099999999999 0.99236580745948632654 
0.00000000099999999998 0.00000000099999999998 0.00000000099999999998 0.00000000099999999998 0.00000000099999999998 0.03845417584960350577 0.00000000099999999998 0.96154581815039652515 
0.99999999300000008695 0.00000000099999999998 0.00000000099999999998 0.00000000099999999998 0.00000000099999999998 0.00000000099999999998 0.00000000099999999998 0.00000000099999999998 
0.00000348874299277856 0.00000000099999999999 0.04973523344769780613 0.00000000099999999999 0.00000000099999999999 0.02571738240931997765 0.00000000099999999999 0.92454389139998938152 
0.66938774971018055737 0.00000000099999999999 0.00000000099999999999 0.00000000099999999999 0.00000000099999999999 0.25704048977617022231 0.00000000099999999999 0.07357175551364922295 
0.84894710878597967607 0.00000000099999999999 0.00000000099999999999 0.00000000099999999999 0.00000000099999999999 0.15105288521402041035 0.00000000099999999999 0.00000000099999999999 
0.62348434182762613176 0.00000000100000000000 0.00202701217042978174 0.00000000100000000000 0.01301754271066828637 0.28127087556105784261 0.00000000100000000000 0.08020022473021816423 
0.78530266751279276249 0.00000000099999999999 0.00000000099999999999 0.00000000099999999999 0.00000000099999999999 0.21469732648720735169 0.00000000099999999999 0.00000000099999999999 
0.00000000099999999998 0.00000000099999999998 0.00000000099999999998 0.00000000099999999998 0.00000000099999999998 0.01668257761039494691 0.00000000099999999998 0.98331741638960512564 
0.00000000099999999999 0.00000000099999999999 0.00000000099999999999 0.00000000099999999999 0.03232522641265479779 0.00000000099999999999 0.00000000099999999999 0.96767476758734516373 
0.14844931887591802933 0.00000000099999999999 0.00000000099999999999 0.00000000099999999999 0.01503144571688710095 0.00000000099999999999 0.00000000099999999999 0.83651923040719489144 
0.10669533661284789916 0.00000000100000000000 0.07653760562732872530 0.00949541416915956719 0.00000079311656213359 0.00000104323788707546 0.00000000100000000000 0.80726980523621461039 
0.16140053973481249816 0.00000000099999999999 0.00000000562273794409 0.00000000099999999999 0.00000000099999999999 0.00000000099999999999 0.00000000099999999999 0.83859944964244970134 
0.59204064157982760896 0.03892537441637609202 0.00000000100000000000 0.00000000100000000000 0.02409999025958831781 0.18841845920963007366 0.00458177919812094089 0.15193375333645703362 
0.00000000100000000000 0.00518489158397726635 0.00000000100000000000 0.00000000100000000000 0.00000000100000000000 0.02406383398729058237 0.01043797471467330581 0.96031329571405887879 
0.00026203755784106106 0.00000000100000000000 0.00000000100000000000 0.00000000100000000000 0.00000000100000000000 0.07583533027690303463 0.00671429809527257417 0.91718833006998345958 
0.00000000099999999998 0.00000000099999999998 0.00000000099999999998 0.00000000099999999998 0.00000000099999999998 0.02348200303258617463 0.00000000099999999998 0.97651799096741387363 
0.24594115534724197980 0.00000000099999999999 0.04486881133081976197 0.00000000099999999999 0.00000000099999999999 0.19082965057959774824 0.03017789475364485510 0.48818248498869565299 
0.46241011181423702370 0.01157776357254534406 0.00000007918273004399 0.00473380959134581027 0.00000000100000000000 0.17333615375131158909 0.00567355455925734522 0.34226852652857281401 
0.03674792374893374319 0.00000000099999999999 0.01457169778866081004 0.00000000099999999999 0.00000000987954774628 0.03853627735162554191 0.00000000099999999999 0.91014408823123227332 
0.07013907073914960044 0.00000000100000000000 0.00000000100000000000 0.00027335904093211982 0.00000373241473920948 0.00000000100000000000 0.00000000100000000000 0.92958383380517906058 
0.49432724570302671863 0.00000000099999999999 0.00000000099999999999 0.00000000099999999999 0.00000000099999999999 0.23678849866913675992 0.00000000099999999999 0.26888425062783644082 
0.99999999300000008695 0.00000000099999999998 0.00000000099999999998 0.00000000099999999998 0.00000000099999999998 0.00000000099999999998 0.00000000099999999998 0.00000000099999999998 
0.58508398755596735530 0.00009447323325203532 0.00000040021114821640 0.00000919141865877916 0.00001535914011952339 0.16749128221262321592 0.00039163620203968181 0.24691367002619121762 
0.00000000099999999999 0.00000000099999999999 0.00000000099999999999 0.00000000099999999999 0.00000000099999999999 0.04627627943819571932 0.00000000099999999999 0.95372371456180426996 
0.11244970497466781623 0.00000000099999999999 0.00000000099999999999 0.00000000099999999999 0.00000000099999999999 0.00000000099999999999 0.00000000099999999999 0.88755028902533228408 
0.13395900062035198674 0.00000000100000000000 0.06441123054249646429 0.00000000100000000000 0.00000000100000000000 0.00060629729511906970 0.02894852684222172859 0.77207494169981072396 
0.65845899075485891938 0.00000000100000000000 0.00000000100000000000 0.00000000100000000000 0.00000000100000000000 0.21571295754246930243 0.00000000100000000000 0.12582804670267183633 
0.65022028472564641355 0.00000000100000000000 0.00000000100000000000 0.00830356595055071860 0.00000000100000000000 0.21471278130491916469 0.00000000100000000000 0.12676336401888374517 
0.06469309720717214551 0.00000000100000000000 0.00000000100000000000 0.00000000100000000000 0.00000000100000000000 0.00000915350700028383 0.01849785445154511834 0.91679989083428248264 
0.00000127079085265974 0.00000000099999999999 0.00000000099999999999 0.00000000675382222679 0.00000000099999999999 0.00000000099999999999 0.00000000099999999999 0.99999871745532520340 
0.00000000099999999999 0.00000000099999999999 0.00000000099999999999 0.00000000099999999999 0.00000000099999999999 0.00000000099999999999 0.00000000099999999999 0.99999999300000008695 
0.00000000099999999999 0.00000000099999999999 0.00000117590129999876 0.00000000099999999999 0.00000000099999999999 0.00000000099999999999 0.00000000099999999999 0.99999881809870005966 
0.00283394206038050690 0.00000000099999999999 0.00000000099999999999 0.00000000099999999999 0.00040143865525383974 0.05425005521044022616 0.00000000099999999999 0.94251456007392542258 
0.05556477137967812813 0.00000000100000000000 0.07040281118707782115 0.00000000100000000000 0.00000000100000000000 0.01842089341119326415 0.00020606995747352621 0.85540545106457732683 
