0.10349317288498605105 0.48598664830032228812 0.02972409986569306273 0.33360145144232511427 0.04065788883659077202 0.00000000100000000000 0.00000196500675567248 0.00653477266332702731 
0.00000000099999999991 0.99999999300000008695 0.00000000099999999991 0.00000000099999999991 0.00000000099999999991 0.00000000099999999991 0.00000000099999999991 0.00000000099999999991 
0.00000000099999999997 0.00000000099999999997 0.00000000099999999997 0.99999999300000008695 0.00000000099999999997 0.00000000099999999997 0.00000000099999999997 0.00000000099999999997 
0.00000000099999999997 0.00000000099999999997 0.00000000099999999997 0.99999999299999997593 0.00000000099999999997 0.00000000099999999997 0.00000000099999999997 0.00000000099999999997 
0.19029168963414128113 0.80970830163848939165 0.00000000372736952256 0.00000000099999999999 0.00000000099999999999 0.00000000099999999999 0.00000000099999999999 0.00000000099999999999 
0.00000000099999999998 0.00000000099999999998 0.00000000099999999998 0.99999999299999997593 0.00000000099999999998 0.00000000099999999998 0.00000000099999999998 0.00000000099999999998 
0.02895399808900997463 0.46788439571196172029 0.00259396040090600997 0.32165923698200715730 0.00000000100000000000 0.00000000100000000000 0.13012014330655227723 0.04878826350956305680 
0.10290423673096844859 0.41827792902514387974 0.01830063951215988791 0.45998180548299005821 0.00053534487750076182 0.00000000100000000000 0.00000000100000000000 0.00000004237123688354 
0.05926737356607086893 0.48637769526699425882 0.04783147137917311692 0.33783496192577588957 0.00000001536660722767 0.00000000100000000000 0.00000000100000000000 0.06868848049537880363 
0.00000000099999999998 0.99999085296509138132 0.00000000099999999998 0.00000000099999999998 0.00000000099999999998 0.00000000099999999998 0.00000914103490876878 0.00000000099999999998 
0.02181327289259274785 0.51440264925561807186 0.02257288512607224726 0.29232869305315278829 0.04760288252222896754 0.02763497270661862196 0.00000000100000000000 0.07364464344371660087 
0.00000000100000000000 0.50728231245998778309 0.00173841701277454327 0.44732476626806677578 0.03268489994595947384 0.00000000100000000000 0.00000000100000000000 0.01096960131321157543 
0.00000700207461388961 0.50638958441330439442 0.00000000100000000000 0.48787835021526176904 0.00381345037749831681 0.00038473695278477555 0.00000017677370793531 0.00152669819282891532 
0.00000000099999999997 0.00000000099999999997 0.00000000099999999997 0.99999999299999997593 0.00000000099999999997 0.00000000099999999997 0.00000000099999999997 0.00000000099999999997 
0.13241361814033311695 0.32271404201447739801 0.00024072982177583747 0.49998427763087316400 0.04453112799032785118 0.00000000100000000000 0.00000000100000000000 0.00011620240221276805 
0.20428104187958814886 0.73717573968288696573 0.00000000100000000000 0.00009235614629344582 0.00000000100000000000 0.00211368670956116420 0.00000000100000000000 0.05633717258167034864 
0.00000000100000000000 0.55324226460401515482 0.04694264970049207009 0.37090306761280983361 0.00000535314879358774 0.01254764364148865628 0.00000000100000000000 0.01635901929240078309 
0.04701529954240308423 0.46301060827019463462 0.00000000100000000000 0.38828242611180574517 0.02948342422461232640 0.00000195037620020176 0.01046146001265464004 0.06174483046212940474 
0.00000002840414814618 0.50862047477426619579 0.00000000100000000000 0.37215972804381186601 0.08707027379812695700 0.01283311971916038276 0.00000000114839818441 0.01931637311208831906 
0.00000000099999999999 0.99999996253484713105 0.00000000099999999999 0.00000000099999999999 0.00000000099999999999 0.00000000099999999999 0.00000000099999999999 0.00000003146515303024 
0.05619895462294260263 0.48302479836243822353 0.00000000100000000000 0.38791805899181752704 0.04967456029365204667 0.02318343914042526183 0.00000018658872437150 0.00000000100000000000 
0.00000000100000000000 0.59633558414868215181 0.00000000100000000000 0.31988288119829322298 0.05329676629234934848 0.01750623624549075066 0.00000000100000000000 0.01297852911518446693 
0.06146716149106030286 0.46668422001963333345 0.00996457559507984980 0.37694658243389184138 0.03171766813383054134 0.00008514812221000139 0.00000010580465154403 0.05313453839964257103 
0.00000000099999999996 0.99999999300000008695 0.00000000099999999996 0.00000000099999999996 0.00000000099999999996 0.00000000099999999996 0.00000000099999999996 0.00000000099999999996 
0.00000000100000000000 0.44046373971809565928 0.00000000100000000000 0.43570297328707369156 0.01432015105125894645 0.00553515216608676218 0.04233609715734071299 0.06164188462014404124 
0.00000000100000000000 0.44163019028295669166 0.02743169568879858314 0.47226592621291357821 0.00000005775611350411 0.00000000100000000000 0.00203109659507300869 0.05664103146414457141 
0.11483779833063197107 0.54256257470972868440 0.00000000100000000000 0.25105851680344420940 0.02132208815238400418 0.00000000406801656644 0.00581347634378179441 0.06440554059201290815 
0.00000000099999999998 0.99999999300000008695 0.00000000099999999998 0.00000000099999999998 0.00000000099999999998 0.00000000099999999998 0.00000000099999999998 0.00000000099999999998 
0.02693544050441761331 0.51650621631351412155 0.00000000100000000000 0.36171792474021713382 0.06413998192501212114 0.02220238390804313289 0.00000000100000000000 0.00849805060879593385 
0.00000000100000000000 0.56556244350233120244 0.00000001829261785286 0.36956246720879865064 0.04162491589379482826 0.00843672907292260070 0.00003165016567516977 0.01478177486385975729 
0.05643808283863138708 0.47578669249562216548 0.00048552755369228367 0.38703540586587703576 0.02819229348053589948 0.03184889935125801569 0.00000000100000000000 0.02021309741438320068 
0.00000000100000000000 0.35456011786471680614 0.00000000100000000000 0.55694918065341614266 0.00000000100000000000 0.00000000100000000000 0.02311721599031366092 0.06537348149155332300 
0.00013848504732641640 0.52516969524470624719 0.00592934834032787968 0.28753232745983248186 0.01622807343895243254 0.05731658003303423399 0.00000010699829094148 0.10768538343752950825 
0.00000000099999999997 0.99999999300000019797 0.00000000099999999997 0.00000000099999999997 0.00000000099999999997 0.00000000099999999997 0.00000000099999999997 0.00000000099999999997 
0.07006410886899155921 0.31027004264292701308 0.03562410047571288457 0.58365028418254605302 0.00027562448467830674 0.00000000100000000000 0.00000000100000000000 0.00011583734514413354 
0.10343096285255215516 0.48702083235573861986 0.04473590032737994465 0.29163875284328261150 0.05565897751832241808 0.01741206168719685796 0.00000000100000000000 0.00010251141552742850 
0.00000000099999999991 0.99999999300000008695 0.00000000099999999991 0.00000000099999999991 0.00000000099999999991 0.00000000099999999991 0.00000000099999999991 0.00000000099999999991 
0.04801325788812939310 0.41555905027438688748 0.01706395029828489118 0.45293443241748082562 0.04256757317245320887 0.02385970162009931270 0.00000041316914893611 0.00000162116001652175 
0.00000000099999999996 0.99999999300000008695 0.00000000099999999996 0.00000000099999999996 0.00000000099999999996 0.00000000099999999996 0.00000000099999999996 0.00000000099999999996 
0.00000000099999999998 0.99999999300000019797 0.00000000099999999998 0.00000000099999999998 0.00000000099999999998 0.00000000099999999998 0.00000000099999999998 0.00000000099999999998 
0.00000000099999999998 0.99999999300000008695 0.00000000099999999998 0.00000000099999999998 0.00000000099999999998 0.00000000099999999998 0.00000000099999999998 0.00000000099999999998 
0.00000005375506133581 0.43590168888874469832 0.00038358434242358305 0.41088072955984622503 0.00000000939608665643 0.01213692021782199724 0.02347630018372805216 0.11722071365628741746 
0.00000000100000000000 0.42085326583361337693 0.03811464893585768399 0.51724610102444312787 0.01800296057934511890 0.00000000100000000000 0.00578302062674084221 0.00000000100000000000 
0.00000004685204422724 0.42226442689345849990 0.00708759193784363854 0.45401073394943353145 0.04930337325532499482 0.00883522680174053318 0.04301769685263555354 0.01548090345751896094 
0.00000657915622478401 0.49463100734013232262 0.01995790624728016951 0.41705902903207126009 0.01399679734722988900 0.00000000100000000000 0.04755257165994503099 0.00679610821711663666 
0.00000000099999999997 0.99999999300000019797 0.00000000099999999997 0.00000000099999999997 0.00000000099999999997 0.00000000099999999997 0.00000000099999999997 0.00000000099999999997 
0.00000000100000000000 0.43799501593250644849 0.00000000100000000000 0.42287045865313976911 0.05165020348658860144 0.00000000100000000000 0.04998767856397712261 0.03749664036378801135 
0.07847879678776188694 0.48639349905544515540 0.03905903755835776064 0.30923744341165027016 0.00466958731390504627 0.01219930708340173989 0.00158839852876146168 0.06837393026071672542 
0.14954830038960945093 0.44404172954121506889 0.00013334168239554842 0.31262457297315193738 0.06177174661880079770 0.00000000100000000000 0.01308311039979623454 0.01879719739503094705 
0.00000000099999999997 0.00000000099999999997 0.00000000099999999997 0.99999999300000008695 0.00000000099999999997 0.00000000099999999997 0.00000000099999999997 0.00000000099999999997 
0.06314142955824471326 0.50667437202197207480 0.00145074323304180785 0.31049069815691549001 0.01503370721209199186 0.02774695154951161563 0.00077341986037155592 0.07468867840785069212 
0.00000000100000000000 0.50394618096202570268 0.03691930547832203424 0.28956780562950734659 0.08980741882318755975 0.00000000100000000000 0.05467404923233019909 0.02508523787462717952 
0.08858200170642416271 0.41892945774952022875 0.03715736665842039876 0.43885910725675986166 0.01642999315178687511 0.00004207147708848382 0.00000000100000000000 0.00000000100000000000 
0.09462170918351728299 0.57049446226759803480 0.00154706463187071950 0.21026371370892241175 0.04120764709777795243 0.00000004184247451462 0.02203669563231793610 0.05982866563552115963 
0.19620434564490032980 0.21748661772658564595 0.00000000100000000000 0.58630895377067315799 0.00000000100000000000 0.00000007885784080749 0.00000000100000000000 0.00000000100000000000 
0.00000000099999999998 0.99999251505455744038 0.00000000099999999998 0.00000000099999999998 0.00000000099999999998 0.00000747894544258889 0.00000000099999999998 0.00000000099999999998 
0.00000000099999999998 0.66843372032635495206 0.03670345159066027568 0.00000000099999999998 0.29486282308298483734 0.00000000099999999998 0.00000000099999999998 0.00000000099999999998 
0.12620618688696069731 0.38560308816150801192 0.00000000100000000000 0.43683980623675727761 0.03469815871589668893 0.01665181756003678709 0.00000000100000000000 0.00000094043884049777 
0.00000074302793146832 0.49483439710745336093 0.00000002028996381838 0.42287090237701996376 0.03047248120630907317 0.01549776693299338010 0.00000498971786519740 0.03631869934046385445 
0.04476322444242143012 0.40871964231501067832 0.03354812010250392967 0.29092821961106096751 0.11547076679043394298 0.05519108656032346849 0.00000000100000000000 0.05137893917824561119 
0.00000000100000000000 0.54058205745509146922 0.00266371630268829587 0.21932032064814013794 0.03382383760467144729 0.02238219377559479834 0.07821657256982027240 0.10301130064399349751 
0.01345677493999777007 0.59404317016726193579 0.00000000100000000000 0.32176215647261369179 0.00000000100000000000 0.02069225094770669321 0.05004559690668126948 0.00000004856573872363 
0.03257294324511678801 0.51595079970112400769 0.05652842021766195379 0.31083322403509006104 0.00000000127461245698 0.00000000100000000000 0.07219872807046044672 0.01191588245593445082 
0.16199190733804991194 0.72219534113531735908 0.00201013302751225972 0.00000520547762199389 0.02117102369600076806 0.00000000100000000000 0.00000000100000000000 0.09262638732549775822 
0.00329465465262913015 0.31627214762528915726 0.00899990596322722269 0.56674677949697216395 0.01464069093490661701 0.00203092273367464111 0.06719005768936843481 0.02082484090393266554 
0.05220479419713593139 0.37765419625660545666 0.00374545990970693524 0.55665722153602625877 0.00876071984898695900 0.00097759705663503084 0.00000000100000000000 0.00000001019490344809 
0.00000000099999999998 0.00000000099999999998 0.00000000099999999998 0.99999999299999997593 0.00000000099999999998 0.00000000099999999998 0.00000000099999999998 0.00000000099999999998 
0.00001002571763866292 0.48649324550265415912 0.01313422479540129161 0.29419253633962932915 0.02347664701390181352 0.01209995187791245048 0.08700189960263698952 0.08359146915022534763 
0.27721854028783365909 0.63171921405572539765 0.00000000100000000000 0.02513513812797762634 0.06592641889815276102 0.00000000100000000000 0.00000000100000000000 0.00000068563031045768 
0.11489859275262506721 0.52657122721409166388 0.00005772176096670123 0.31509493982587877259 0.04325629310542585676 0.00012103582372344600 0.00000017841524804161 0.00000001110204041699 
0.08077673430608849070 0.36863538637258547181 0.00000000100000000000 0.34989903163717195334 0.00000000100000000000 0.01275904745793251388 0.00020875858159674876 0.18772103964462491521 
0.00000000100000000000 0.04251412014683562945 0.05741556679246150735 0.50278524692485737635 0.33464821463864347084 0.00000000100000000000 0.00000000100000000000 0.06263684849720209391 
0.00000000099999999997 0.00000000099999999997 0.00000000099999999997 0.99999999300000008695 0.00000000099999999997 0.00000000099999999997 0.00000000099999999997 0.00000000099999999997 
0.05861555826339612946 0.16366496222740650746 0.00000000100000000000 0.73761616071148550233 0.00000000100000000000 0.01575041744924073409 0.02435289834847112478 0.00000000100000000000 
0.00000000100000000000 0.46007347173118040562 0.02349244036909021657 0.39102712771339942499 0.07917057355613839331 0.04307763427271760204 0.00001973501901359009 0.00313901633846031588 
0.10607911617967398510 0.48019228527189705691 0.01657824481144726941 0.32295730266616035076 0.00000000100000000000 0.00071713171705396316 0.00000000100000000000 0.07347591735376735045 
0.00999785137460737321 0.44391213828563602650 0.03253082438792515713 0.40492857855720043592 0.04716203834258882871 0.00000022538350799944 0.05979645911387965890 0.00167188455465454473 
0.00000000099999999998 0.00000000099999999998 0.00000000099999999998 0.99999999300000008695 0.00000000099999999998 0.00000000099999999998 0.00000000099999999998 0.00000000099999999998 
0.00000000099999999997 0.99999999300000008695 0.00000000099999999997 0.00000000099999999997 0.00000000099999999997 0.00000000099999999997 0.00000000099999999997 0.00000000099999999997 
0.07880792540359372877 0.52770275478553074766 0.01010652247082610526 0.30482078709279070150 0.04545377195459551073 0.00002093490687623077 0.00000000100000000000 0.03308730238578711652 
0.00000000099999999999 0.53618357011166450921 0.00113222930431717997 0.00000000099999999999 0.30128061679985368437 0.00000000099999999999 0.00000000099999999999 0.16140357978416469686 
0.00000000100000000000 0.57254588881833701208 0.02914061795904396637 0.19084594971388152418 0.04870260094183744004 0.00000000524454848765 0.10552279064591571500 0.05324214567643601598 
0.15415944360224145826 0.34984554920610816398 0.00000008787625220841 0.44559436542287778060 0.05040039668157019620 0.00000000100000000000 0.00000000100000000000 0.00000015521095026832 
0.00741913257608328453 0.56703688259400319982 0.05206938423041460734 0.25827865577100705963 0.03325946990912773821 0.03609761567479839034 0.00000019011222830904 0.04583866913233743817 
0.06737459450956019558 0.40942926608585761272 0.00194339973555603292 0.33556387351334221458 0.04797466623787453865 0.00000000239654256519 0.06075481435458307544 0.07695938316668374246 
0.07886821509756990201 0.32506879083055251201 0.00001143138920145303 0.56363167341722819614 0.03241988582770020250 0.00000000100000000000 0.00000000100000000000 0.00000000143774765461 
0.00000000099999999997 0.00000000099999999997 0.00000000099999999997 0.99999999299999997593 0.00000000099999999997 0.00000000099999999997 0.00000000099999999997 0.00000000099999999997 
0.00000000100000000000 0.51582813252797954373 0.02075778968071997216 0.28076599361441911817 0.05134177270022816097 0.00000000100000000000 0.04676498148601172106 0.08454132799064158210 
0.10005777478851429763 0.35620077235677993777 0.00971278416857663390 0.52606503854747077575 0.00791567934672375573 0.00000000100000000000 0.00000000100000000000 0.00004794879193485979 
0.00753094757976161856 0.42339553186031481102 0.00000001082934379032 0.38379069354015082904 0.04806509797272962015 0.03001434649995652487 0.00043107871815764489 0.10677229299958518327 
0.00000000099999999999 0.00000000099999999999 0.00000000099999999999 0.99999999299999997593 0.00000000099999999999 0.00000000099999999999 0.00000000099999999999 0.00000000099999999999 
0.00000000099999999997 0.00000000099999999997 0.00000000099999999997 0.99999999300000008695 0.00000000099999999997 0.00000000099999999997 0.00000000099999999997 0.00000000099999999997 
0.04037611719991858472 0.39821506349371660338 0.01526894803947568754 0.38860143536218783034 0.06123547631758632231 0.00000000100000000000 0.05770911643863516072 0.03859384214847987743 
0.14808206074443339140 0.14226135915806620291 0.00000000113519559047 0.70965657496230494239 0.00000000100000000000 0.00000000100000000000 0.00000000100000000000 0.00000000100000000000 
0.22495486740851597385 0.75159568027382328559 0.02344944731766097218 0.00000000099999999999 0.00000000099999999999 0.00000000099999999999 0.00000000099999999999 0.00000000099999999999 
0.15218912240711468531 0.46468761482868847779 0.05810385124468563089 0.30257566251488104969 0.02231330194897171784 0.00001697659997944543 0.00011346945567896907 0.00000000100000000000 
0.03079179996690040860 0.19504097576839707351 0.03137054073393746173 0.00000000100000000000 0.06024296344005780623 0.00000000100000000000 0.00000000100000000000 0.68255371709070722375 
0.00000000099999999999 0.00000000099999999999 0.00000000099999999999 0.00000000099999999999 0.00000000099999999999 0.00000000099999999999 0.00000000099999999999 0.99999999299999997593 
0.06131645662666308089 0.12119927390127260836 0.01349199912302706701 0.00000000100000000000 0.11155318886884563190 0.00000000100000000000 0.00000000100000000000 0.69243907848019159434 
0.00000000099999999998 0.00000000099999999998 0.00000000099999999998 0.00000000099999999998 0.00000000099999999998 0.00000000099999999998 0.00000000099999999998 0.99999999299999997593 
0.00104824937768239188 0.08013023806852735687 0.06495549968515816619 0.07032397074096535805 0.06800489870570144979 0.02226779255514890060 0.00000000100000000000 0.69326934986681643114 
0.00000000099999999999 0.00000000099999999999 0.00000000099999999999 0.00000000099999999999 0.00000000099999999999 0.00000000099999999999 0.00000000099999999999 0.99999999299999997593 
0.00000000099999999999 0.00000000099999999999 0.00000000099999999999 0.00000000099999999999 0.00000000099999999999 0.00000000099999999999 0.00000000099999999999 0.99999999300000008695 
0.00000000099999999998 0.00000000099999999998 0.00000000099999999998 0.00000000099999999998 0.00000000099999999998 0.00000000099999999998 0.00000000099999999998 0.99999999299999997593 
0.00000000099999999999 0.00000000099999999999 0.00000000099999999999 0.00000000099999999999 0.00000000099999999999 0.00000000099999999999 0.00000000099999999999 0.99999999299999997593 
0.00000000099999999998 0.00000000099999999998 0.00000000099999999998 0.00000000099999999998 0.00000000099999999998 0.00000000099999999998 0.00000000099999999998 0.99999999300000008695 
0.00000000100000000000 0.11789878909733757240 0.03390248927754248298 0.00017086388759510207 0.07499694026278089232 0.00000000100000000000 0.00000000100000000000 0.77303091447474392428 
0.00000000099999999999 0.00000000099999999999 0.00000170319810553620 0.00000000099999999999 0.00000000099999999999 0.00000000099999999999 0.00000000099999999999 0.99999829080189450714 
0.00000000099999999998 0.00000000099999999998 0.00000000099999999998 0.00000000099999999998 0.00000000099999999998 0.00000000099999999998 0.00000000099999999998 0.99999999299999997593 
0.00000000099999999998 0.00000000099999999998 0.00000000099999999998 0.00000000099999999998 0.00032740076672792430 0.00000000099999999998 0.00000000099999999998 0.99967259323327206655 
0.00000000099999999998 0.00000000099999999998 0.00000000099999999998 0.00000000099999999998 0.00000000099999999998 0.00000000099999999998 0.00000000099999999998 0.99999999299999997593 
0.00000000099999999998 0.00000000099999999998 0.00000000099999999998 0.00000000099999999998 0.00000000099999999998 0.00000000099999999998 0.00000000099999999998 0.99999999300000008695 
0.00000000099999999999 0.00000000099999999999 0.00000000099999999999 0.00000000099999999999 0.00000000099999999999 0.00000000099999999999 0.00000000099999999999 0.99999999299999997593 
0.00000000099999999998 0.00000000099999999998 0.00000000099999999998 0.00000000099999999998 0.00000747073738314196 0.00000000099999999998 0.00000000099999999998 0.99999252326261689472 
0.00000000099999999998 0.00000000099999999998 0.00023436082677472781 0.00000000099999999998 0.00000000099999999998 0.00000000099999999998 0.00000000099999999998 0.99976563317322519886 
0.03326588992829686287 0.04952021865934216199 0.00592402382658174451 0.25935732341444095450 0.11086883565912555860 0.01361606596936794887 0.11413361022502682696 0.41331403231781799201 
0.00000000099999999999 0.00000000099999999999 0.00000000099999999999 0.00000000099999999999 0.00000000099999999999 0.00000000099999999999 0.00000000099999999999 0.99999999300000008695 
0.00000000099999999997 0.00000000099999999997 0.00000000099999999997 0.00000000099999999997 0.00000000099999999997 0.00000000099999999997 0.00000000099999999997 0.99999999299999997593 
0.00000000099999999999 0.00000000099999999999 0.00000000099999999999 0.00000000099999999999 0.00000000099999999999 0.00000000099999999999 0.00000000099999999999 0.99999999299999997593 
0.00000000099999999999 0.00000000099999999999 0.00000000099999999999 0.00000000099999999999 0.00000000099999999999 0.02155633039314468202 0.00000000099999999999 0.97844366360685530726 
0.00000000099999999998 0.00000000099999999998 0.00000000099999999998 0.00000000099999999998 0.00000000099999999998 0.00000000099999999998 0.00000000099999999998 0.99999999300000008695 
0.00000000099999999999 0.00000000099999999999 0.00000000099999999999 0.00000000099999999999 0.00000000099999999999 0.00000000099999999999 0.00000000099999999999 0.99999999300000008695 
0.00000000099999999999 0.00000000099999999999 0.00000000099999999999 0.00000000099999999999 0.00000000099999999999 0.00000000099999999999 0.00000000099999999999 0.99999999300000008695 
0.00000000099999999999 0.00000000099999999999 0.00000000099999999999 0.00000000099999999999 0.00000000099999999999 0.00000000099999999999 0.00004327526033286687 0.99995671873966707199 
0.00000000099999999997 0.00000000099999999997 0.00000000099999999997 0.00000000099999999997 0.00000000099999999997 0.00000000099999999997 0.00000000099999999997 0.99999999300000008695 
0.00000000100000000000 0.10048143753286514768 0.03640147012463360032 0.07836084340045790242 0.07292311918982329055 0.00000000100000000000 0.02955107343963216116 0.68228205431258781566 
0.00000000099999999999 0.00000000099999999999 0.00000000099999999999 0.00000000099999999999 0.00000000099999999999 0.00000000099999999999 0.00000000099999999999 0.99999999300000008695 
0.00000000099999999995 0.00000000099999999995 0.99999999300000008695 0.00000000099999999995 0.00000000099999999995 0.00000000099999999995 0.00000000099999999995 0.00000000099999999995 
0.00000000099999999995 0.00000000099999999995 0.99999999299999997593 0.00000000099999999995 0.00000000099999999995 0.00000000099999999995 0.00000000099999999995 0.00000000099999999995 
0.00000000099999999994 0.00000000099999999994 0.99999999300000008695 0.00000000099999999994 0.00000000099999999994 0.00000000099999999994 0.00000000099999999994 0.00000000099999999994 
0.00000000099999999995 0.00000000099999999995 0.99999999299999997593 0.00000000099999999995 0.00000000099999999995 0.00000000099999999995 0.00000000099999999995 0.00000000099999999995 
0.00000000099999999994 0.00000000099999999994 0.99999999300000008695 0.00000000099999999994 0.00000000099999999994 0.00000000099999999994 0.00000000099999999994 0.00000000099999999994 
0.00000000099999999993 0.00000000099999999993 0.99999999299999997593 0.00000000099999999993 0.00000000099999999993 0.00000000099999999993 0.00000000099999999993 0.00000000099999999993 
0.00000000099999999994 0.00000000099999999994 0.99999999299999997593 0.00000000099999999994 0.00000000099999999994 0.00000000099999999994 0.00000000099999999994 0.00000000099999999994 
0.00000000099999999995 0.00000000099999999995 0.99999999300000008695 0.00000000099999999995 0.00000000099999999995 0.00000000099999999995 0.00000000099999999995 0.00000000099999999995 
0.00000000099999999993 0.00000000099999999993 0.99999999299999997593 0.00000000099999999993 0.00000000099999999993 0.00000000099999999993 0.00000000099999999993 0.00000000099999999993 
0.00000000099999999993 0.00000000099999999993 0.99999999299999997593 0.00000000099999999993 0.00000000099999999993 0.00000000099999999993 0.00000000099999999993 0.00000000099999999993 
0.00000000099999999994 0.00000000099999999994 0.99999999299999997593 0.00000000099999999994 0.00000000099999999994 0.00000000099999999994 0.00000000099999999994 0.00000000099999999994 
0.00000000099999999995 0.00000000099999999995 0.99999999300000008695 0.00000000099999999995 0.00000000099999999995 0.00000000099999999995 0.00000000099999999995 0.00000000099999999995 
0.00000000099999999999 0.00000000099999999999 0.37583740783190677792 0.00000000099999999999 0.62416258616809328075 0.00000000099999999999 0.00000000099999999999 0.00000000099999999999 
0.00000000099999999993 0.00000000099999999993 0.99999999300000008695 0.00000000099999999993 0.00000000099999999993 0.00000000099999999993 0.00000000099999999993 0.00000000099999999993 
0.00000000099999999994 0.00000000099999999994 0.99999999300000008695 0.00000000099999999994 0.00000000099999999994 0.00000000099999999994 0.00000000099999999994 0.00000000099999999994 
0.00000000099999999994 0.00000000099999999994 0.99999999299999997593 0.00000000099999999994 0.00000000099999999994 0.00000000099999999994 0.00000000099999999994 0.00000000099999999994 
0.00000000099999999996 0.00000000099999999996 0.99999999300000008695 0.00000000099999999996 0.00000000099999999996 0.00000000099999999996 0.00000000099999999996 0.00000000099999999996 
0.00000000099999999994 0.00000000099999999994 0.99999999300000008695 0.00000000099999999994 0.00000000099999999994 0.00000000099999999994 0.00000000099999999994 0.00000000099999999994 
0.00000000099999999993 0.00000000099999999993 0.99999999299999997593 0.00000000099999999993 0.00000000099999999993 0.00000000099999999993 0.00000000099999999993 0.00000000099999999993 
0.00000000099999999994 0.00000000099999999994 0.99999999299999997593 0.00000000099999999994 0.00000000099999999994 0.00000000099999999994 0.00000000099999999994 0.00000000099999999994 
0.00000000099999999999 0.00000000099999999999 0.54512925126104494478 0.00000000099999999999 0.45487074273895505838 0.00000000099999999999 0.00000000099999999999 0.00000000099999999999 
0.00000000099999999994 0.00000000099999999994 0.99999999299999997593 0.00000000099999999994 0.00000000099999999994 0.00000000099999999994 0.00000000099999999994 0.00000000099999999994 
0.00000000099999999999 0.00000000099999999999 0.59519550117241237785 0.00000000099999999999 0.40480449282758768081 0.00000000099999999999 0.00000000099999999999 0.00000000099999999999 
0.00000000099999999994 0.00000000099999999994 0.99999999299999997593 0.00000000099999999994 0.00000000099999999994 0.00000000099999999994 0.00000000099999999994 0.00000000099999999994 
0.00000000099999999995 0.00000000099999999995 0.99999999299999997593 0.00000000099999999995 0.00000000099999999995 0.00000000099999999995 0.00000000099999999995 0.00000000099999999995 
0.00000000099999999993 0.00000000099999999993 0.99999999299999997593 0.00000000099999999993 0.00000000099999999993 0.00000000099999999993 0.00000000099999999993 0.00000000099999999993 
0.00000000100000000000 0.05702116314000949676 0.00000000100000000000 0.00000000100000000000 0.00000000100000000000 0.70311165186339219524 0.23198308657395633192 0.00788409442264214992 
0.00000000099999999999 0.00000000099999999999 0.00000000099999999999 0.00000000099999999999 0.00000000099999999999 0.00000000099999999999 0.99999999299999986491 0.00000000099999999999 
0.28355167650759055542 0.00000000099999999999 0.00000000099999999999 0.00000000099999999999 0.00000000099999999999 0.00000000099999999999 0.71644831749240933672 0.00000000099999999999 
0.23504012608574842425 0.00000000099999999999 0.00000000099999999999 0.00000010024303474145 0.00000000099999999999 0.76400510593105175339 0.00095466374016514306 0.00000000099999999999 
0.28725849395601288361 0.00000000099999999999 0.00000000099999999999 0.00000000099999999999 0.00000000099999999999 0.00000000099999999999 0.71274150004398706404 0.00000000099999999999 
0.25440365197164077626 0.00000000099999999999 0.00000000099999999999 0.00000000099999999999 0.00000000099999999999 0.00000162918985444646 0.74559471383850461912 0.00000000099999999999 
0.00000000099999999998 0.00000000099999999998 0.00000000099999999998 0.00000000099999999998 0.00000000099999999998 0.00000000099999999998 0.99999999299999986491 0.00000000099999999998 
0.23748334164039919258 0.00000000099999999999 0.00000000099999999999 0.00000012977853325064 0.00000000099999999999 0.03812212711423462741 0.72439439746683298438 0.00000000099999999999 
0.15595240937989185426 0.00000000099999999999 0.00000000099999999999 0.00000000099999999999 0.00000000099999999999 0.00000000099999999999 0.84404758462010798237 0.00000000099999999999 
0.00000000099999999999 0.00000000099999999999 0.00000000099999999999 0.00000000099999999999 0.00000000099999999999 0.00000000099999999999 0.99999999299999986491 0.00000000099999999999 
0.24070647917463561249 0.00000000099999999999 0.00000000099999999999 0.00000000099999999999 0.00000000099999999999 0.02572535216620997628 0.73356816365915422651 0.00000000099999999999 
0.33703262624944868575 0.00000000099999999999 0.00000000099999999999 0.00000000099999999999 0.00000000099999999999 0.00000000099999999999 0.66296736775055120638 0.00000000099999999999 
0.23029178353874904528 0.00128711200827926029 0.00000000100000000000 0.06607019487953105785 0.00000000100000000000 0.44517760968369490815 0.23826976627378051998 0.01890353161596514467 
0.27938277373877967724 0.03486289657056786812 0.00000000100000000000 0.25133725360799291648 0.00120963231398108439 0.02983295702227803728 0.37091606763345147391 0.03245841811294898627 
0.00000000099999999998 0.00000000099999999998 0.00000000099999999998 0.00000000099999999998 0.00000000099999999998 0.00000000099999999998 0.99999999299999986491 0.00000000099999999998 
0.00000000099999999998 0.00000000099999999998 0.00000000099999999998 0.00000000099999999998 0.00000000099999999998 0.00000000099999999998 0.99999999299999986491 0.00000000099999999998 
0.99999999300000008695 0.00000000099999999993 0.00000000099999999993 0.00000000099999999993 0.00000000099999999993 0.00000000099999999993 0.00000000099999999993 0.00000000099999999993 
0.42826483955847566287 0.00000000099999999999 0.00000000099999999999 0.00000000099999999999 0.00000000099999999999 0.00000000099999999999 0.57173515444152411824 0.00000000099999999999 
0.00000000099999999994 0.00000000099999999994 0.00000000099999999994 0.00000000099999999994 0.00000000099999999994 0.99999999299999997593 0.00000000099999999994 0.00000000099999999994 
0.00000000099999999999 0.00000000099999999999 0.00000000099999999999 0.00000000099999999999 0.00000000099999999999 0.04731587840327854816 0.95268411559672139255 0.00000000099999999999 
0.25696691074706751179 0.03320540027340785488 0.00602213601953587724 0.00000000100000000000 0.00120056276893653517 0.70260498719105213272 0.00000000100000000000 0.00000000100000000000 
0.17722189532889476293 0.03220102925755869566 0.00619541345987785659 0.03958249461441944173 0.00000000100000000000 0.67030425255496794978 0.06930174080302116402 0.00519317298125992772 
0.00000000099999999998 0.00000000099999999998 0.00000000099999999998 0.00000000099999999998 0.00000000099999999998 0.00000000099999999998 0.99999999299999997593 0.00000000099999999998 
0.00000000099999999998 0.00000000099999999998 0.00000000099999999998 0.00000000099999999998 0.00000000099999999998 0.00000000099999999998 0.99999999299999986491 0.00000000099999999998 
0.18082006294486063780 0.03099350093031480111 0.00323134561006574970 0.00003875731137254778 0.00000000100000000000 0.68043131361966158188 0.08774606100976269085 0.01673895757396208148 
0.00000000099999999998 0.00000000099999999998 0.00000000099999999998 0.00000000099999999998 0.00000000099999999998 0.00000000099999999998 0.99999999299999997593 0.00000000099999999998 
0.00000000099999999998 0.00000000099999999998 0.00000000099999999998 0.00000000099999999998 0.00000000099999999998 0.00000000099999999998 0.99999999299999997593 0.00000000099999999998 
0.26310528426939205904 0.00033015925269923373 0.00000000100000000000 0.00000020429561918899 0.00000000100000000000 0.73656434818228966321 0.00000000100000000000 0.00000000100000000000 
0.00000000099999999998 0.00000000099999999998 0.00000000099999999998 0.00000000099999999998 0.00000000099999999998 0.00000000099999999998 0.99999999299999986491 0.00000000099999999998 
0.00000000099999999997 0.00000000099999999997 0.00000000099999999997 0.00000000099999999997 0.00000000099999999997 0.00000000099999999997 0.99999999299999986491 0.00000000099999999997 
0.19630290879660863834 0.00101671490861544715 0.00000000100000000000 0.00488615954109294058 0.03160790266934001419 0.69326355391863980770 0.06272344094377248214 0.01019931822193083024 
0.26003044710034706188 0.00000000099999999999 0.00000000099999999999 0.00000000099999999999 0.00000000099999999999 0.00000000099999999999 0.73996954689965288576 0.00000000099999999999 
0.28481022308198333803 0.00000000099999999999 0.00000000099999999999 0.00000000099999999999 0.00000000099999999999 0.71518977091801672064 0.00000000099999999999 0.00000000099999999999 
0.29750654731079057003 0.00000000099999999999 0.00000000099999999999 0.00000000099999999999 0.00000000099999999999 0.70249344668920943313 0.00000000099999999999 0.00000000099999999999 
0.25701206494846351447 0.00000000100000000000 0.00000000100000000000 0.00000000100000000000 0.00000000100000000000 0.74298792837393967670 0.00000000167759668103 0.00000000100000000000 
0.00189115486653607372 0.00000000100000000000 0.00000000100000000000 0.08809657888712288387 0.00000000100000000000 0.80282403122518841698 0.10718823102115254686 0.00000000100000000000 
0.00000000099999999997 0.00000000099999999997 0.00000000099999999997 0.00000000099999999997 0.00000000099999999997 0.00000000099999999997 0.99999999299999986491 0.00000000099999999997 
0.00000000099999999998 0.00000000099999999998 0.00000000099999999998 0.00000000099999999998 0.00000000099999999998 0.00000000099999999998 0.99999999299999986491 0.00000000099999999998 
0.00000000099999999999 0.00000000099999999999 0.00000000099999999999 0.00000000099999999999 0.00000000099999999999 0.03515210901321919740 0.96484788498678086821 0.00000000099999999999 
0.20035619155826980831 0.00000042393308261071 0.00374204245463899497 0.07750974014490767672 0.00000000100000000000 0.04952397737867152844 0.66886762253042919557 0.00000000100000000000 
0.43177372487301401982 0.00000000099999999998 0.00000000099999999998 0.00000000099999999998 0.00000000099999999998 0.01118904843216620565 0.55703722169481950655 0.00000000099999999998 
0.16163016457201720422 0.02913625498324571086 0.00000000100000000000 0.00000000100000000000 0.04187936310253296407 0.59983413636158688931 0.15484237200840086923 0.01267770697221628530 
0.27559628675825248445 0.00000000100000000000 0.00000000100000000000 0.00000000100000000000 0.00000028017917803856 0.00000000100000000000 0.72440342806256929897 0.00000000100000000000 
0.00000000099999999998 0.00000000099999999998 0.00000000099999999998 0.00000000099999999998 0.00000000099999999998 0.00000000099999999998 0.99999999299999997593 0.00000000099999999998 
0.29495054003148624133 0.00000000099999999998 0.00000000099999999998 0.00000000099999999998 0.00000000099999999998 0.00000000099999999998 0.70504945396851359529 0.00000000099999999998 
0.19349986049931361398 0.00000000099999999999 0.00000000099999999999 0.04582023011099470300 0.00000000099999999999 0.35192926514241323899 0.38973145198199327099 0.01901918926528518503 
0.16219580871005043199 0.00000000100000000000 0.00296719581035899188 0.02624848011096965125 0.01827029453989192226 0.48415664490534160436 0.30616157392338733123 0.00000000100000000000 
0.99999999300000019797 0.00000000099999999991 0.00000000099999999991 0.00000000099999999991 0.00000000099999999991 0.00000000099999999991 0.00000000099999999991 0.00000000099999999991 
0.27102885860368491899 0.00000000099999999999 0.00000000099999999999 0.00000000099999999999 0.00000000099999999999 0.00000128384908086246 0.72896985254723412062 0.00000000099999999999 
0.15281509935078246842 0.00000000099999999999 0.00000000099999999999 0.00000000099999999999 0.00000000099999999999 0.58042303500798186899 0.26676186064123563746 0.00000000099999999999 
0.19470795423178413608 0.00002014578171810578 0.00763066175538111655 0.02487601961116274810 0.01657470082495639957 0.63742503694352625754 0.10366627750005852349 0.01509920335141274467 
0.17365956457256592760 0.00000226453639644713 0.00000003494904864259 0.05828906662411321993 0.00003510565336679572 0.55384687047189684606 0.20558031424735542791 0.00858677894525665050 
0.19121945144942845141 0.00000000099999999999 0.00000000099999999999 0.00000021049770169995 0.00000000099999999999 0.00000005507379966663 0.80878027897907012189 0.00000000099999999999 
0.00000000099999999998 0.00000000099999999998 0.00000000099999999998 0.00000000099999999998 0.00000000099999999998 0.00000000099999999998 0.99999999299999997593 0.00000000099999999998 
0.26092825529161228770 0.00000000100000000000 0.00000000100000000000 0.08532819617184203564 0.00000000100000000000 0.05398297703448372287 0.59976056750206185875 0.00000000100000000000 
0.25515595396768087078 0.00000659883500061180 0.00000000100000000000 0.00000000100000000000 0.00000000100000000000 0.67124481576087935419 0.07359262743643914251 0.00000000100000000000 
0.26044466759489065533 0.00000000100000000000 0.01164802766897569605 0.00000000100000000000 0.00000000100000000000 0.66155563229693037375 0.06635166843920316249 0.00000000100000000000 
0.23642542460438770169 0.00000000100000000000 0.00000000100000000000 0.00000002845938633712 0.00000000100000000000 0.00670332169813002247 0.75687106583196195331 0.00000015640613383579 
0.31687080738551742787 0.00000000099999999999 0.00000000099999999999 0.00000000099999999999 0.00000000099999999999 0.00000000099999999999 0.68312918661448229773 0.00000000099999999999 
0.15911948212619808629 0.00000000099999999999 0.00000000099999999999 0.00000000099999999999 0.00000000099999999999 0.00000000099999999999 0.84088051187380186136 0.00000000099999999999 
0.39605908279568224906 0.00000000099999999998 0.00000000099999999998 0.00000000099999999998 0.00000000099999999998 0.00000000099999999998 0.60394091120431769859 0.00000000099999999998 
0.99999999300000019797 0.00000000099999999990 0.00000000099999999990 0.00000000099999999990 0.00000000099999999990 0.00000000099999999990 0.00000000099999999990 0.00000000099999999990 
0.44310651040597293093 0.00000000099999999999 0.00000000099999999999 0.00000000099999999999 0.00000000099999999999 0.00000004037119138073 0.55689344422283548752 0.00000000099999999999 
