0.06058501296049925017 0.03737235438000655746 0.71060528210640361291 0.03864089673911844797 0.00000000100000000000 0.05689999588007881026 0.06826283668147067885 0.02763362025242247985 
0.00000000099999999998 0.00000000099999999998 0.98795295811419925336 0.00000000099999999998 0.00000000099999999998 0.01204703588580071337 0.00000000099999999998 0.00000000099999999998 
0.00000000100000000000 0.00000000100000000000 0.81032488272060210210 0.00000000100000000000 0.18899261559515298514 0.00000000100000000000 0.00068249668424490400 0.00000000100000000000 
0.08196495630259612031 0.01327804341876646400 0.71944059921420222548 0.00000000100000000000 0.07170556683634864148 0.00066323231878118269 0.07795673127013326431 0.03499086963917223680 
0.00027465873556311600 0.02150366429990245576 0.74784329198881183132 0.07965506792819872228 0.00000000100000000000 0.02696898380020198299 0.02199792813982234460 0.10175640410749950404 
0.07730699011791695996 0.00246900982673966618 0.75721363225910376382 0.00000000100000000000 0.07528708113284869607 0.00000000100000000000 0.08772328342021547265 0.00000000124317537731 
0.12418149960568232448 0.01763332238441339683 0.64673908487962339375 0.08391339998042258996 0.00000000100000000000 0.00000000100000000000 0.12753269014985835206 0.00000000100000000000 
0.04569071576741909335 0.02800165464925924094 0.78631606621796967804 0.02096768749387460315 0.09397045019780285446 0.00275593119895495980 0.02229749347471952567 0.00000000100000000000 
0.09556849766070894814 0.05974096105108855220 0.71630711334965890824 0.11493748707868829684 0.01225224331528156074 0.00030152356591492440 0.00089217297865892711 0.00000000100000000000 
0.00000000100000000000 0.06876773043695735832 0.75316530528652991805 0.00000000176560264432 0.01531777251322312926 0.03863529929032197274 0.05406236998531230298 0.07005151972205267419 
0.12997891167413042068 0.02798489299290671251 0.66339390555596122745 0.12989473830533271315 0.00000000100000000000 0.04816768740211242045 0.00000000100000000000 0.00057986206955637119 
0.00000201103298447012 0.00641912473067995665 0.83007983865307521931 0.08019700678069868749 0.00000000100000000000 0.03122842273345509748 0.00000000232115661642 0.05207359274795003712 
0.00000000100000000000 0.00000000100000000000 0.77164114817160067705 0.05880938882896742659 0.15365467323169912373 0.01589478576773262208 0.00000000100000000000 0.00000000100000000000 
0.00000000100000000000 0.00000000100000000000 0.74524010969899812107 0.00000000100000000000 0.05672509679562733748 0.00000000100000000000 0.16809136624628281953 0.02994342325909177607 
0.00000000100000000000 0.00871117361218032640 0.73842439064035780838 0.00339298139266585967 0.12469913474446098212 0.05106467552099191315 0.07339885614458528662 0.00030878694475805306 
0.04586978003874858656 0.00000000100000000000 0.70885162568688042661 0.14669640003265282946 0.09097565166084867205 0.00000739948364659899 0.00759914109722283505 0.00000000100000000000 
0.12870782405602690379 0.05604540056660246850 0.73639243259926623342 0.07720335496950078702 0.00000000100000000000 0.00165098480860373723 0.00000000100000000000 0.00000000100000000000 
0.00000004447977312754 0.00000000100000000000 0.70186665151133575957 0.12896968032735334209 0.05016451725444904391 0.03140376970808023832 0.05715664254760834811 0.03043869317140016767 
0.05772986829179187207 0.00000651964229709882 0.72488555867868431637 0.07950960435017012662 0.00000000417543492655 0.09477749316761997778 0.00000007397531159213 0.04309087771869021810 
0.10251789129192746819 0.01906059207786161766 0.67416105753166843950 0.14652082550297637620 0.00000000100000000000 0.05773963059556616595 0.00000000100000000000 0.00000000100000000000 
0.14833231866658022624 0.00000000100000000000 0.75068767356181309580 0.00001291498867273692 0.00000000100000000000 0.08028740638273740293 0.00146789943569869646 0.01921178496449794937 
0.11279957498773988955 0.00002339851814791435 0.74299746278971423585 0.06465144537286197923 0.00000000100000000000 0.07229150444375583018 0.00000000100000000000 0.00723661188778016839 
0.15265612051340093913 0.02021589664883305035 0.70947325874816435931 0.07996355037968087831 0.00000000100000000000 0.03768897560390527951 0.00000219610601540852 0.00000000100000000000 
0.10806432420800764216 0.00000000100000000000 0.78799991396576063440 0.10391259207403841236 0.00000000100000000000 0.00000000100000000000 0.00000000100000000000 0.00002316575219336081 
0.11463046769955062554 0.00000000100000000000 0.68846001213225893611 0.12217507912279726434 0.00000000221126386229 0.01820903898792681011 0.04953164965956404625 0.00699374918663837799 
0.08499665038234811842 0.03446203699587955388 0.74757222866711592335 0.10480941745719310476 0.00000000100000000000 0.00144235217327910205 0.02670840370042591380 0.00000890962375817351 
0.11582108282701049362 0.00029587930404030273 0.67540436886195631683 0.12363533525222748788 0.00000000100000000000 0.02814141506970897419 0.05670191668505641241 0.00000000100000000000 
0.14383394686808281815 0.05037435375046221686 0.72474021523455633975 0.03399419719361215092 0.00000378472323986933 0.04705349714341060252 0.00000000408663588224 0.00000000100000000000 
0.13532394682517051576 0.00000000100000000000 0.74155725601791722124 0.04453412757489623452 0.00000232143551585823 0.07858234514650015712 0.00000000100000000000 0.00000000100000000000 
0.13686674710437277125 0.00127448170006462156 0.73701840468228863035 0.07997060998933845644 0.00000000100000000000 0.04486975352393569871 0.00000000100000000000 0.00000000100000000000 
0.16854864825346629886 0.00670955541931025912 0.72587202716705534478 0.05785857962923653119 0.00837671989671711151 0.03263446763421436886 0.00000000100000000000 0.00000000100000000000 
0.04789673449646605907 0.00000000099999999999 0.69672811683651314496 0.14513888683065917506 0.00000000099999999999 0.00000000099999999999 0.06717577078017787640 0.04306048805618371833 
0.11543607171736812445 0.01668203979793591099 0.66161740696841397913 0.14464893943594117620 0.00000776195897072229 0.02745764466034477866 0.00000000100000000000 0.03415013446102527911 
0.08875665583442904349 0.01407966011779825458 0.84976640252604718206 0.04730947094821658788 0.00000000100000000000 0.00000000100000000000 0.00008780757350889450 0.00000000100000000000 
0.00000000100000000000 0.04367063320875025356 0.74879988032219224614 0.01187249296906625097 0.14586328835909187496 0.00539108785989093637 0.04340372663167580553 0.00099888964933270868 
0.16564004209980320859 0.06235558532042728003 0.70023002908272014011 0.00319851123123502746 0.00000000100000000000 0.06852020934864402890 0.00005561580594490009 0.00000000611122537989 
0.00000000099999999998 0.00000000099999999998 0.99999956930028899293 0.00000000099999999998 0.00000000099999999998 0.00000042469971102429 0.00000000099999999998 0.00000000099999999998 
0.05300182050562668445 0.02740789073514143456 0.73589864793291737133 0.00130576488703607572 0.09470924791862658787 0.05970528311383577896 0.02317704320013320302 0.00479430170668293954 
0.06373468544738036812 0.02133325172933155447 0.91493186043049645750 0.00000019839279168204 0.00000000100000000000 0.00000000100000000000 0.00000000100000000000 0.00000000100000000000 
0.04719062386674758441 0.03190774152454061569 0.72381745857418111623 0.14309956691125769179 0.00639857163480861153 0.00420366138726670398 0.00000000100000000000 0.04338237510119766910 
0.08254442379420566522 0.01618894503488055303 0.77667815752823055053 0.05742235044247951531 0.00000000100000000000 0.04932383350570546804 0.00000000100000000000 0.01784228769449831137 
0.00000000100000000000 0.00000167868520531509 0.68748220867199116846 0.19118322593553832567 0.00000000100000000000 0.00000000100000000000 0.03802096107501175271 0.08331192263225346839 
0.10489540390975390927 0.05290966060452611391 0.78755833871606018004 0.00000000100000000000 0.00000000100000000000 0.03442826070114602538 0.02020831195138374572 0.00000002211713004941 
0.11208795689295358855 0.02062865279655106202 0.70921206480308085496 0.03499779917953284303 0.00000000100000000000 0.05769428093739580043 0.04432562995444681853 0.02105361443603920649 
0.09880409022861653956 0.01797343484349691808 0.73085251197883904783 0.07836277099588145889 0.00000000100000000000 0.01905413688229336266 0.05494144685937522171 0.00001160721149741399 
0.08787006004599504094 0.00352590441520184150 0.74202025231308710307 0.13815508021779468462 0.00000000100000000000 0.02408457573473142543 0.00434412373486478889 0.00000000253832519707 
0.06036440169776561421 0.00000000100000000000 0.69276055831994354239 0.10562500709634518870 0.00000002566642952779 0.05607327880949124904 0.08517672641002500822 0.00000000100000000000 
0.08241434333069817819 0.04584101342766615933 0.65936310263613906457 0.11231644311017123516 0.05790388866771244841 0.01511731602954634844 0.02704389179806632182 0.00000000100000000000 
0.06536170542888475321 0.00267424770399649547 0.65215814073944788909 0.06737379159366205239 0.00136948674133730323 0.06968461573854005386 0.14137801105413116964 0.00000000100000000000 
0.04005217171100957513 0.00000000099999999999 0.71718562542151453876 0.00000000099999999999 0.06855546299114304021 0.00000000099999999999 0.16927677451034420231 0.00492996236598883600 
0.08321391115618792522 0.00583454679701133749 0.68129219098686644163 0.12646110754838835177 0.04542166543099451781 0.02503071838647603908 0.01855363349321130853 0.01419222620086416434 
0.03331686402450752260 0.04606182308359346028 0.67749731498552678843 0.07704207611979670134 0.00000000100000000000 0.09406403289664902467 0.07200631551542781283 0.00001157237449884923 
0.01274996847149950478 0.05552846996946045333 0.77790003338840651992 0.00000000458873479798 0.06097437749495592668 0.02384770381870646855 0.02527234274017746071 0.04372709952805881040 
0.12880822067763544880 0.01404206906723939191 0.66418312012437208391 0.10898885459533354247 0.00000000100000000000 0.04992191244889007673 0.03405582108652942946 0.00000000100000000000 
0.00000000100000000000 0.00111924336959869780 0.71633812362891868819 0.00000948411339540861 0.15376673463952511556 0.00212494790815587328 0.12658554089575674295 0.00005592444464930648 
0.16658834123009685912 0.03271297797586936174 0.66727956373370667098 0.04339336411553938039 0.00000001349088172193 0.06949849821819166495 0.00000000100000000000 0.02052724023571415521 
0.00000000099999999999 0.07964994159352450920 0.52597454892818751304 0.08553886069617672172 0.00000000099999999999 0.30743965552092250570 0.00000000099999999999 0.00139699026118868469 
0.13563105972228087226 0.00000000100000000000 0.70906762572932535704 0.05420921752513190722 0.04686925259812427941 0.02674865994378414213 0.02747418248135344299 0.00000000100000000000 
0.00416629005404216789 0.00000002717885884211 0.72750433983843776353 0.11639356063137208663 0.08208813396831855791 0.03397906557884413509 0.00033602364894255217 0.03553255910118391370 
0.09899278043898267210 0.04153115243950382396 0.59197740260858611183 0.06858477121893316597 0.07611222922111297862 0.12280166207288133184 0.00000000100000000000 0.00000000100000000000 
0.13137116122148415065 0.01342274607301535000 0.62209200756628590945 0.14403507095813850025 0.00000000100000000000 0.04553981127706144966 0.04353920090401481452 0.00000000100000000000 
0.16044044024552717165 0.00000000100000000000 0.78660592651162652977 0.05055951612457861705 0.00000000100000000000 0.00000000100000000000 0.00239411311826766412 0.00000000100000000000 
0.00000000100000000000 0.05178970187157395239 0.68465164412903656288 0.08600998852421321006 0.07422736398760673704 0.00235385396136082075 0.10096744552620878776 0.00000000100000000000 
0.09146837951324390814 0.02663891548076743540 0.71495914363262547120 0.14124306963661550918 0.00000000100000000000 0.02569048873674763603 0.00000000100000000000 0.00000000100000000000 
0.10600306278644591740 0.01053231626063709514 0.67816842853982450823 0.06286240229072476149 0.04095129340399484424 0.01640591868332152981 0.08507657703505137892 0.00000000100000000000 
0.01188087115451320550 0.00585147896162778371 0.81222525815422053075 0.00002819848389761706 0.06831236732835543890 0.03035332650761174075 0.02239568737610372895 0.04895281203366998179 
0.00000000100000000000 0.00000000100000000000 0.65555139057304911976 0.06544237064794064529 0.05990697183908180040 0.00000000106665485078 0.19242275900248664855 0.02667650487078675886 
0.00006490806460464651 0.01935121465762268400 0.63841025748937729745 0.12479082647701444930 0.09534052588401006889 0.03812610463502920377 0.07003507728572665181 0.01388108550661496660 
0.00000000100000000000 0.00021451721629408557 0.69191222281125563942 0.08317393846824781833 0.08132452676637151601 0.06991596348751691337 0.07287401973356515128 0.00058481051674880201 
0.00124846935879629551 0.01122804136745625750 0.73850840233556691583 0.02245305009266190810 0.12078446866824828210 0.06148391295664373118 0.04429365422062662289 0.00000000100000000000 
0.08763565723433501542 0.00000000100000000000 0.55403676583414585011 0.26311430163105703484 0.04552099642570627686 0.00000000100000000000 0.04969227587475599783 0.00000000100000000000 
0.00000000100000000000 0.06298579715364890919 0.49605240391883498319 0.06044736032139059329 0.00000020310817085462 0.32410253979941194835 0.02425581751944032652 0.03215587717910248916 
0.00000000100000000000 0.00000000100000000000 0.72362951016839915930 0.00000000100000000000 0.14328739918942956511 0.00000000100000000000 0.09628078785148362628 0.03680229879068758897 
0.00000000100000000000 0.00000000100000000000 0.72217448912004511552 0.00000000100000000000 0.17351773840311135455 0.00000000100000000000 0.10430776747684340766 0.00000000100000000000 
0.03599921862575625880 0.03228465875493986836 0.70933809643284584379 0.05161859824873030189 0.00265751932154035522 0.08348687780347954779 0.00000564635609188644 0.08460938445661596308 
0.17804661342490593623 0.02685830251999751783 0.67874096245758352985 0.11635411684835306190 0.00000000100000000000 0.00000000100000000000 0.00000000100000000000 0.00000000174916009972 
0.00000000100000000000 0.03494938213079121225 0.67945430120100747118 0.05015328704454935504 0.10552949240980670498 0.05467035756139190794 0.07524317372762316658 0.00000000492483012582 
0.12128779817576473832 0.00000000100000000000 0.67968164338163861160 0.00000000100000000000 0.00000000100000000000 0.00000000100000000000 0.19188452111426909652 0.00714603332832772307 
0.00000000099999999999 0.00000000099999999999 0.92881362298719916115 0.00000000099999999999 0.00000000099999999999 0.00000000099999999999 0.00000000099999999999 0.07118637101280096691 
0.07325309869393702156 0.01898125757922422205 0.74653241339451004155 0.07642106365314804695 0.00000000100000000000 0.05061917771564609925 0.00000001390379793013 0.03419297405973670267 
0.00000000099999999999 0.02420240495564331476 0.40726434200860595070 0.24985912685835789948 0.00000000099999999999 0.31867412217739288227 0.00000000099999999999 0.00000000099999999999 
0.00000000100000000000 0.03794767811317310141 0.65978772977200594863 0.10275701598341441256 0.07733069675384256214 0.05445076651818895469 0.06772609571835887243 0.00000001614101619835 
0.01625934433425330408 0.00000021099199988512 0.69933123244172601396 0.04382817153004692212 0.06556030000947908609 0.05553538963508073550 0.10450877798676316832 0.01497657307065095207 
0.00000000100000000000 0.05580175423850362859 0.70039914539600378607 0.11059108994241630131 0.00000000100000000000 0.03909837674592301499 0.00000000298856766511 0.09410962868858561980 
0.00001173549285121771 0.00400148674804615394 0.62083708356977551635 0.13179202295436592829 0.02643877526984231632 0.05238921520641356272 0.13250230681318775350 0.03202737394551747468 
0.00000000100000000000 0.00886831996925198547 0.74959240058549136965 0.00000435575393500590 0.13015870289083333877 0.04498651358049417237 0.06638970521999408569 0.00000000100000000000 
0.00000000100000000000 0.00000000675810576575 0.72105457032759745495 0.00000062583789991105 0.08296652481717690930 0.01100656273779242536 0.17910511431958980877 0.00586659420183782178 
0.04908971506260011164 0.02527902266769992135 0.65881923830011401844 0.14475565619806141093 0.00000000100000000000 0.05991460796730422450 0.02876866720204163813 0.03337309160217884901 
0.02091820632464651969 0.00185292732806101226 0.73709346212417925504 0.08004402366128599011 0.04101223049603028303 0.00237040049467557388 0.09253201296006943743 0.02417673661105194938 
0.00000000100000000000 0.00000028626756677347 0.66451343839476251230 0.14847461154059699018 0.00000358546910291827 0.06074917800052435923 0.04573335219140359231 0.08052554713604286041 
0.07933409450844523814 0.00646048163555784129 0.69474740834597570327 0.06534831210697661374 0.06076903651120461880 0.01630463079949497768 0.07309218411908846580 0.00394385197325646062 
0.04034426443013715974 0.00317798091448630998 0.74152277205021832618 0.00000000100000000000 0.10962627038241497257 0.00000000100000000000 0.10532870922274328862 0.00000000100000000000 
0.00000000100000000000 0.02214276721992020081 0.66589939560746413960 0.06435769485447398464 0.00000000100000000000 0.07369463834702030813 0.12452783604553759045 0.04937766592558377049 
0.00000000173074468851 0.00004500402987437041 0.73446444420366041594 0.00000000100000000000 0.03930748391232807143 0.00000000100000000000 0.16184494430278451027 0.06433811982060806678 
0.11195639173457858084 0.04603619038428408833 0.71827939854533884301 0.08414762931575500704 0.01601147735345242670 0.01736133300541688185 0.00620756847192004829 0.00000001118925403937 
0.13605708151483897339 0.07245857158965979261 0.66890316990915310580 0.00000272876094315959 0.00000000284181222877 0.04512133253470636263 0.07745711184888628975 0.00000000100000000000 
0.00422080957915032650 0.04007691392216081866 0.17656607657695930214 0.69179447660458637248 0.00000001240872425293 0.07513738875489180125 0.00000025687572923180 0.01220406527779789065 
0.00000000099999999999 0.00000000099999999999 0.00000000099999999999 0.99999999299999997593 0.00000000099999999999 0.00000000099999999999 0.00000000099999999999 0.00000000099999999999 
0.00000000100000000000 0.02283688521839059848 0.09929080741682715094 0.70398575187463030556 0.05013400908322075689 0.12194859469734650737 0.00180394970958459139 0.00000000100000000000 
0.00000000099999999998 0.00000000099999999998 0.00000000099999999998 0.99999999300000008695 0.00000000099999999998 0.00000000099999999998 0.00000000099999999998 0.00000000099999999998 
0.00000000100000000000 0.06982255107349444323 0.09775816629770246735 0.70077355157205412084 0.06057020348327997461 0.07107552318593339524 0.00000000238753557933 0.00000000100000000000 
0.00000000099999999999 0.00000000099999999999 0.00000000099999999999 0.99999999300000008695 0.00000000099999999999 0.00000000099999999999 0.00000000099999999999 0.00000000099999999999 
0.00000000099999999999 0.00000000099999999999 0.00000000099999999999 0.99999999299999997593 0.00000000099999999999 0.00000000099999999999 0.00000000099999999999 0.00000000099999999999 
0.00000000099999999998 0.00000000099999999998 0.00000000099999999998 0.99999999299999997593 0.00000000099999999998 0.00000000099999999998 0.00000000099999999998 0.00000000099999999998 
0.00000000099999999999 0.00000000099999999999 0.00000000099999999999 0.99999999300000008695 0.00000000099999999999 0.00000000099999999999 0.00000000099999999999 0.00000000099999999999 
0.00000000099999999999 0.00000046458758442617 0.00000000099999999999 0.99999952941241565529 0.00000000099999999999 0.00000000099999999999 0.00000000099999999999 0.00000000099999999999 
0.00000000099999999999 0.00000000099999999999 0.00000000099999999999 0.99999999300000008695 0.00000000099999999999 0.00000000099999999999 0.00000000099999999999 0.00000000099999999999 
0.00000000099999999999 0.00998347668728007294 0.00000000099999999999 0.99001647713993268241 0.00000000099999999999 0.00000004117278728321 0.00000000099999999999 0.00000000099999999999 
0.00000000099999999998 0.00000000099999999998 0.00000000099999999998 0.99999999299999997593 0.00000000099999999998 0.00000000099999999998 0.00000000099999999998 0.00000000099999999998 
0.00000000099999999999 0.00000000099999999999 0.00000000099999999999 0.94518547318741408247 0.00000000099999999999 0.05481452081258596926 0.00000000099999999999 0.00000000099999999999 
0.00000000099999999998 0.00000000099999999998 0.00000000099999999998 0.99999999299999997593 0.00000000099999999998 0.00000000099999999998 0.00000000099999999998 0.00000000099999999998 
0.00000000099999999998 0.00000000099999999998 0.00000000099999999998 0.99999999300000008695 0.00000000099999999998 0.00000000099999999998 0.00000000099999999998 0.00000000099999999998 
0.00000000099999999999 0.00000000099999999999 0.00000000099999999999 0.99999999299999997593 0.00000000099999999999 0.00000000099999999999 0.00000000099999999999 0.00000000099999999999 
0.00000000099999999999 0.00000000099999999999 0.00000000099999999999 0.89321233009178435669 0.00000000099999999999 0.10678766390821564647 0.00000000099999999999 0.00000000099999999999 
0.00000000099999999999 0.04031242059797782162 0.00000000099999999999 0.95968757340202215378 0.00000000099999999999 0.00000000099999999999 0.00000000099999999999 0.00000000099999999999 
0.00000000100000000000 0.01027674041297471988 0.20960185524832811166 0.42156808919301819172 0.09868878304874470486 0.11318181151650086314 0.14668271858043338551 0.00000000100000000000 
0.00000000099999999999 0.00000000099999999999 0.00000000099999999999 0.99999999299999997593 0.00000000099999999999 0.00000000099999999999 0.00000000099999999999 0.00000000099999999999 
0.00000000099999999997 0.00000000099999999997 0.00000000099999999997 0.99999999300000008695 0.00000000099999999997 0.00000000099999999997 0.00000000099999999997 0.00000000099999999997 
0.00000000099999999999 0.00000000099999999999 0.00000000099999999999 0.99999999300000008695 0.00000000099999999999 0.00000000099999999999 0.00000000099999999999 0.00000000099999999999 
0.00000000099999999999 0.00000000099999999999 0.00000000099999999999 0.97931159499610254127 0.00000091041646211625 0.00000000099999999999 0.00000000099999999999 0.02068748958743547861 
0.00000000099999999998 0.00000000099999999998 0.00000000099999999998 0.99999999299999997593 0.00000000099999999998 0.00000000099999999998 0.00000000099999999998 0.00000000099999999998 
0.00000000099999999999 0.00000000099999999999 0.00000000099999999999 0.99999999300000008695 0.00000000099999999999 0.00000000099999999999 0.00000000099999999999 0.00000000099999999999 
0.00000000099999999999 0.00000000099999999999 0.00000000099999999999 0.99999999299999997593 0.00000000099999999999 0.00000000099999999999 0.00000000099999999999 0.00000000099999999999 
0.00000000099999999999 0.00000000099999999999 0.00000000099999999999 0.99806650313881639658 0.00000000099999999999 0.00000000099999999999 0.00193349086118359986 0.00000000099999999999 
0.00000000099999999997 0.00000000099999999997 0.00000000099999999997 0.99999999299999997593 0.00000000099999999997 0.00000000099999999997 0.00000000099999999997 0.00000000099999999997 
0.05163727884371101251 0.04376713417500666808 0.13172789248065980283 0.68662203997139092948 0.00000000100000000000 0.07340089932323023980 0.01284475320600130498 0.00000000100000000000 
0.00000000099999999999 0.00000000099999999999 0.00000000099999999999 0.99999999300000008695 0.00000000099999999999 0.00000000099999999999 0.00000000099999999999 0.00000000099999999999 
0.00000000099999999995 0.99999999300000008695 0.00000000099999999995 0.00000000099999999995 0.00000000099999999995 0.00000000099999999995 0.00000000099999999995 0.00000000099999999995 
0.00000000099999999995 0.99999999300000008695 0.00000000099999999995 0.00000000099999999995 0.00000000099999999995 0.00000000099999999995 0.00000000099999999995 0.00000000099999999995 
0.00000000099999999995 0.99999999300000019797 0.00000000099999999995 0.00000000099999999995 0.00000000099999999995 0.00000000099999999995 0.00000000099999999995 0.00000000099999999995 
0.00000000099999999995 0.99999999300000008695 0.00000000099999999995 0.00000000099999999995 0.00000000099999999995 0.00000000099999999995 0.00000000099999999995 0.00000000099999999995 
0.00000000099999999994 0.99999999300000019797 0.00000000099999999994 0.00000000099999999994 0.00000000099999999994 0.00000000099999999994 0.00000000099999999994 0.00000000099999999994 
0.00000000099999999993 0.99999999300000019797 0.00000000099999999993 0.00000000099999999993 0.00000000099999999993 0.00000000099999999993 0.00000000099999999993 0.00000000099999999993 
0.00000000099999999994 0.99999999300000019797 0.00000000099999999994 0.00000000099999999994 0.00000000099999999994 0.00000000099999999994 0.00000000099999999994 0.00000000099999999994 
0.00000000099999999995 0.99999999300000008695 0.00000000099999999995 0.00000000099999999995 0.00000000099999999995 0.00000000099999999995 0.00000000099999999995 0.00000000099999999995 
0.00000000099999999993 0.99999999300000019797 0.00000000099999999993 0.00000000099999999993 0.00000000099999999993 0.00000000099999999993 0.00000000099999999993 0.00000000099999999993 
0.00000000099999999993 0.99999999300000019797 0.00000000099999999993 0.00000000099999999993 0.00000000099999999993 0.00000000099999999993 0.00000000099999999993 0.00000000099999999993 
0.00000000099999999994 0.99999999300000019797 0.00000000099999999994 0.00000000099999999994 0.00000000099999999994 0.00000000099999999994 0.00000000099999999994 0.00000000099999999994 
0.00000000099999999995 0.99999999300000019797 0.00000000099999999995 0.00000000099999999995 0.00000000099999999995 0.00000000099999999995 0.00000000099999999995 0.00000000099999999995 
0.00000000099999999999 0.37504392041190104390 0.00000000099999999999 0.00000000099999999999 0.00000000099999999999 0.62495607358809879273 0.00000000099999999999 0.00000000099999999999 
0.00000000099999999993 0.99999999300000019797 0.00000000099999999993 0.00000000099999999993 0.00000000099999999993 0.00000000099999999993 0.00000000099999999993 0.00000000099999999993 
0.00000000099999999994 0.99999999300000019797 0.00000000099999999994 0.00000000099999999994 0.00000000099999999994 0.00000000099999999994 0.00000000099999999994 0.00000000099999999994 
0.00000000099999999994 0.99999999300000008695 0.00000000099999999994 0.00000000099999999994 0.00000000099999999994 0.00000000099999999994 0.00000000099999999994 0.00000000099999999994 
0.00000000099999999996 0.99999999300000008695 0.00000000099999999996 0.00000000099999999996 0.00000000099999999996 0.00000000099999999996 0.00000000099999999996 0.00000000099999999996 
0.00000000099999999994 0.99999999300000008695 0.00000000099999999994 0.00000000099999999994 0.00000000099999999994 0.00000000099999999994 0.00000000099999999994 0.00000000099999999994 
0.00000000099999999993 0.99999999300000019797 0.00000000099999999993 0.00000000099999999993 0.00000000099999999993 0.00000000099999999993 0.00000000099999999993 0.00000000099999999993 
0.00000000099999999994 0.99999999300000008695 0.00000000099999999994 0.00000000099999999994 0.00000000099999999994 0.00000000099999999994 0.00000000099999999994 0.00000000099999999994 
0.00000000570011305854 0.54433721895085962483 0.00000000099999999999 0.00000000099999999999 0.00000000099999999999 0.45566277034902735732 0.00000000099999999999 0.00000000099999999999 
0.00000000099999999994 0.99999999300000008695 0.00000000099999999994 0.00000000099999999994 0.00000000099999999994 0.00000000099999999994 0.00000000099999999994 0.00000000099999999994 
0.00000000099999999999 0.59385687446693935510 0.00000000099999999999 0.00000000099999999999 0.00000000099999999999 0.40614311953306087011 0.00000000099999999999 0.00000000099999999999 
0.00000000099999999994 0.99999999300000008695 0.00000000099999999994 0.00000000099999999994 0.00000000099999999994 0.00000000099999999994 0.00000000099999999994 0.00000000099999999994 
0.00000000099999999995 0.99999999300000019797 0.00000000099999999995 0.00000000099999999995 0.00000000099999999995 0.00000000099999999995 0.00000000099999999995 0.00000000099999999995 
0.00000000099999999992 0.99999999300000008695 0.00000000099999999992 0.00000000099999999992 0.00000000099999999992 0.00000000099999999992 0.00000000099999999992 0.00000000099999999992 
0.31619611421255156003 0.00000000100000000000 0.00000001106062030259 0.02360679010191175931 0.33544830722268803580 0.00000000100000000000 0.09419137614467565367 0.23055739925755278086 
0.00000000099999999999 0.00000000099999999999 0.00000000099999999999 0.00000000099999999999 0.00000000099999999999 0.00000000099999999999 0.99999999299999986491 0.00000000099999999999 
0.00000000758815961958 0.00000000099999999999 0.00000000099999999999 0.00000000099999999999 0.08460898989606603637 0.00000000099999999999 0.91539099751577424069 0.00000000099999999999 
0.23523322603148491550 0.00000000099999999999 0.00000000099999999999 0.00000000099999999999 0.57535936992763847542 0.00000000099999999999 0.00000001116839510187 0.18940738887248162459 
0.00000000099999999999 0.00000000099999999999 0.00000000099999999999 0.00000000099999999999 0.09336927990116741793 0.00000000099999999999 0.90663071409883255747 0.00000000099999999999 
0.14999216086792219182 0.00000000099999999999 0.00000000099999999999 0.00000000099999999999 0.00000000099999999999 0.00000000099999999999 0.85000783313207783909 0.00000000099999999999 
0.08654787043100999056 0.00000000099999999999 0.00000000099999999999 0.00000000099999999999 0.00000000099999999999 0.00000000099999999999 0.91345212356898997097 0.00000000099999999999 
0.13138149608949975522 0.00000000100000000000 0.00015847692566536964 0.00000000100000000000 0.00000000100000000000 0.00000000100000000000 0.85147140604973592382 0.01698861693509888526 
0.00000000099999999999 0.00000000099999999999 0.00000000099999999999 0.00000000099999999999 0.00000000099999999999 0.00000000099999999999 0.99999999299999986491 0.00000000099999999999 
0.10237438007580072774 0.00000000100000000000 0.00000000100000000000 0.00000000100000000000 0.00000000100000000000 0.00011613369166009166 0.89750948123253926347 0.00000000100000000000 
0.13946357394638331240 0.00000000099999999999 0.00000000099999999999 0.00000000099999999999 0.00000000099999999999 0.00000000099999999999 0.85089089555099595152 0.00964552550262090698 
0.00000000099999999999 0.00000000099999999999 0.00000000099999999999 0.00000000099999999999 0.11510942058541372146 0.00000000099999999999 0.88489057341458621231 0.00000000099999999999 
0.99999999300000008695 0.00000000099999999995 0.00000000099999999995 0.00000000099999999995 0.00000000099999999995 0.00000000099999999995 0.00000000099999999995 0.00000000099999999995 
0.04396928117582096784 0.00000000100000000000 0.25858991683981341625 0.02869152871418314751 0.11390340604492157905 0.00299013179143411143 0.55185573343382676725 0.00000000100000000000 
0.00000000099999999999 0.00000000099999999999 0.00000000099999999999 0.00000000099999999999 0.00000000099999999999 0.00000000099999999999 0.91678559358349032138 0.08321440041650966790 
0.00000000099999999999 0.00000000099999999999 0.00000000099999999999 0.00000000099999999999 0.00000000125125700897 0.00000000099999999999 0.91201294862313375678 0.08798704512560928670 
0.00000000100000000000 0.01468556633350153427 0.00000006518387992110 0.00000000100000000000 0.04508362345621457629 0.00000000100000000000 0.90086029478860563113 0.03937044723779830474 
0.02923705841918878764 0.00000000100000000000 0.00000243174040797086 0.03632421662748776953 0.11330800636669863257 0.00000000100000000000 0.82112828384621694422 0.00000000100000000000 
0.00000000099999999989 0.00000000099999999989 0.00000000099999999989 0.00000000099999999989 0.00000000099999999989 0.00000000099999999989 0.00000000099999999989 0.99999999300000008695 
0.17248349966966750046 0.00000000100000000000 0.00040257434876708970 0.00000000100000000000 0.00010564645945101567 0.00000000100000000000 0.82299048620548165278 0.00401779031663286861 
0.00000000099999999997 0.00000000099999999997 0.00000000099999999997 0.00000000099999999997 0.99999999299999997593 0.00000000099999999997 0.00000000099999999997 0.00000000099999999997 
0.34223996098195086368 0.00631937576350899942 0.04276120059665532158 0.00000335685335494911 0.41964847569148799877 0.00000000100000000000 0.03810402989881710167 0.15092359921422485169 
0.12271600570577738398 0.00000000099999999999 0.00000000099999999999 0.00000000099999999999 0.00000000099999999999 0.00000000099999999999 0.87728398829422271632 0.00000000099999999999 
0.09013642206769266474 0.00000000099999999999 0.00000000099999999999 0.00000000099999999999 0.00000080551470813255 0.00000000099999999999 0.90986276692973877545 0.00000000148786048839 
0.34630453125841692552 0.00578163660983013750 0.00076272896564843931 0.00216954446522808287 0.46911499777450638149 0.00000000100000000000 0.04287114171233240983 0.13299541821403770836 
0.12198177967544086842 0.00000000099999999999 0.00000000099999999999 0.00000000099999999999 0.00000000099999999999 0.00000000099999999999 0.87801821432455895433 0.00000000099999999999 
0.00000026108164240624 0.00000000099999999999 0.00000000099999999999 0.00000000099999999999 0.00000000099999999999 0.01438384337124264806 0.94461553143855692127 0.04100036010855796775 
0.34718482319733862118 0.00000000099999999999 0.00000000118983709181 0.00000000099999999999 0.49316364142254781600 0.00000000099999999999 0.00000399460673215631 0.15964753658354419175 
0.09331097683047080704 0.00000000099999999999 0.00000000099999999999 0.00000000099999999999 0.00000233640484330580 0.00000000099999999999 0.90668169275928001127 0.00000499000540577029 
0.00000000099999999998 0.00000000099999999998 0.00000000099999999998 0.00000000099999999998 0.00000000099999999998 0.00000000099999999998 0.93734672607265046018 0.06265326792734957073 
0.99999999300000008695 0.00000000099999999991 0.00000000099999999991 0.00000000099999999991 0.00000000099999999991 0.00000000099999999991 0.00000000099999999991 0.00000000099999999991 
0.11498800578312057263 0.00000000099999999999 0.00000000099999999999 0.00000000099999999999 0.00000000099999999999 0.00000000099999999999 0.88501198821687943052 0.00000000099999999999 
0.33427959034460713594 0.00000000099999999999 0.00000000099999999999 0.00000000099999999999 0.40485100234736476343 0.00000000099999999999 0.04287569826069725226 0.21799370504733092679 
0.42183323504390818348 0.00000000099999999999 0.00000000099999999999 0.00000000099999999999 0.49720502744014805074 0.00000000099999999999 0.00000000099999999999 0.08096173251594379616 
0.99999999300000008695 0.00000000099999999993 0.00000000099999999993 0.00000000099999999993 0.00000000099999999993 0.00000000099999999993 0.00000000099999999993 0.00000000099999999993 
0.00000000099999999997 0.00000000099999999997 0.00000000099999999997 0.00000000099999999997 0.99999999299999997593 0.00000000099999999997 0.00000000099999999997 0.00000000099999999997 
0.10271173973837165183 0.00000000099999999998 0.00000000099999999998 0.00000000099999999998 0.00000000099999999998 0.00000000099999999998 0.89719139980451145799 0.00009685545711701201 
0.00000000100000000000 0.00000000100000000000 0.00174761924666042728 0.00000000100000000000 0.00000000100000000000 0.00568239377012629606 0.99256998198321311211 0.00000000100000000000 
0.16896631134197309665 0.00000000099999999999 0.00000000099999999999 0.00000000099999999999 0.00000576469535838334 0.00000000099999999999 0.83102791896266847704 0.00000000099999999999 
0.00000002152659412566 0.01212542557794640818 0.03677218034497536925 0.00000000100000000000 0.15512004523487163410 0.00000000100000000000 0.79598232116559097804 0.00000000415002133048 
0.17557316419144450292 0.00000000099999999999 0.00000000099999999999 0.00000000099999999999 0.00001307341705361679 0.00000000099999999999 0.82441375739150191126 0.00000000099999999999 
0.33409196021351594830 0.00000000100000000000 0.00000000100000000000 0.00618706777141206365 0.36273734511289484894 0.04371522212558450610 0.12318243518037104434 0.13008596759622159666 
0.14287031491729068611 0.00000000099999999999 0.00000000099999999999 0.00000000099999999999 0.00000000099999999999 0.00000000395225363613 0.85712967613045565329 0.00000000099999999999 
0.00000000100000000000 0.00000000100000000000 0.00000000100000000000 0.00115254561683123891 0.00978689495916458020 0.00000000100000000000 0.89909862891410652352 0.08996192650989769113 
0.00000000099999999998 0.00000000099999999998 0.00000000099999999998 0.00000000099999999998 0.00000000099999999998 0.00000000099999999998 0.95271530376054502920 0.04728469023945495314 
0.17350508145439441643 0.00000000099999999999 0.00000000099999999999 0.03576724113581596087 0.14436093765240123887 0.00000000099999999999 0.47451857057294005715 0.17184816618444834213 
0.28827587618338784692 0.00576295411009912495 0.00000000100000000000 0.00021704044462786653 0.27691468681931957763 0.00741153720740672997 0.30344245348131854145 0.11797545075384024971 
0.12088374625489872738 0.00000000099999999999 0.00000000187730094283 0.00000000099999999999 0.00000000099999999999 0.00000000099999999999 0.86143634453473860724 0.01767990333306177636 
0.17311916518311196156 0.00000000099999999999 0.00000000099999999999 0.00000000099999999999 0.00000000099999999999 0.00000000099999999999 0.82688082881688795833 0.00000000099999999999 
0.24982307737717140972 0.00000000099999999999 0.00000000099999999999 0.00000000099999999999 0.32856294688455345288 0.00000000099999999999 0.23508580361136122150 0.18652816812691397352 
0.00000000099999999996 0.00000000099999999996 0.00000000099999999996 0.00000000099999999996 0.99999999299999997593 0.00000000099999999996 0.00000000099999999996 0.00000000099999999996 
0.26479164638718905023 0.00000000100000000000 0.00456369452821937891 0.01008094208319988867 0.41692430306863575984 0.00000000734835588032 0.19814964054402861571 0.10548976504037133051 
0.00000000099999999999 0.00000000099999999999 0.00000000099999999999 0.00000000099999999999 0.00000000099999999999 0.00000000099999999999 0.92968512240635814425 0.07031487159364176176 
0.00000000099999999999 0.00000000099999999999 0.00000000099999999999 0.00000000099999999999 0.13634143679592417020 0.00000000099999999999 0.86365855674011193788 0.00000000146396385468 
0.07078458884805260976 0.00000000100000000000 0.00000000100000000000 0.04026379109199479389 0.11522405799406781890 0.00000000100000000000 0.77372755772803702978 0.00000000133784775784 
0.00000000099999999997 0.00000000099999999997 0.00000000099999999997 0.00000000099999999997 0.99999999299999997593 0.00000000099999999997 0.00000000099999999997 0.00000000099999999997 
0.99999999300000008695 0.00000000099999999994 0.00000000099999999994 0.00000000099999999994 0.00000000099999999994 0.00000000099999999994 0.00000000099999999994 0.00000000099999999994 
0.00000000100000000000 0.00000000100000000000 0.00000000100000000000 0.00305012796298646284 0.10806372685612311568 0.00000000100000000000 0.88888614018089029400 0.00000000100000000000 
0.06999173890144386179 0.00000011138374584758 0.00000000099999999999 0.00000000099999999999 0.00000000099999999999 0.00000000099999999999 0.93000814471481030310 0.00000000099999999999 
0.00000000099999999999 0.00000000099999999999 0.00000000099999999999 0.00000000099999999999 0.00000000099999999999 0.00000000099999999999 0.99999999299999986491 0.00000000099999999999 
0.00000000099999999999 0.00000000099999999999 0.00000000099999999999 0.00000000099999999999 0.00000000146275686699 0.00000000099999999999 0.99999999253724303205 0.00000000099999999999 
0.13807910138890172602 0.00000000099999999999 0.00000000099999999999 0.00000000099999999999 0.00000000099999999999 0.00000000099999999999 0.86192056942329109415 0.00000032418780721586 
0.00000000100000000000 0.00000000100000000000 0.00099742957962360604 0.00240280366841072760 0.13709857504069627998 0.00000000100000000000 0.85950118771126926553 0.00000000100000000000 
