0.51147361104922184349 0.00000000908482553732 0.00000366883150078242 0.00000000100000000000 0.09352138975561644085 0.00056100598399026096 0.00000000100000000000 0.39444031329484519066 
0.00000000099999999988 0.00000000099999999988 0.00000000099999999988 0.00000000099999999988 0.00000000099999999988 0.00000000099999999988 0.00000000099999999988 0.99999999300000008695 
0.99999999300000008695 0.00000000099999999997 0.00000000099999999997 0.00000000099999999997 0.00000000099999999997 0.00000000099999999997 0.00000000099999999997 0.00000000099999999997 
0.99999999300000008695 0.00000000099999999998 0.00000000099999999998 0.00000000099999999998 0.00000000099999999998 0.00000000099999999998 0.00000000099999999998 0.00000000099999999998 
0.00000000099999999997 0.00000000099999999997 0.00000000099999999997 0.00000000099999999997 0.00000000099999999997 0.00000000099999999997 0.00000000099999999997 0.99999999299999997593 
0.99999999300000008695 0.00000000099999999998 0.00000000099999999998 0.00000000099999999998 0.00000000099999999998 0.00000000099999999998 0.00000000099999999998 0.00000000099999999998 
0.00000000099999999999 0.00000000099999999999 0.00000012418014979931 0.00000000099999999999 0.00000000099999999999 0.00000000099999999999 0.38544570703679154056 0.61455416378305860459 
0.49210840300063718455 0.00779418849126332133 0.00000000100000000000 0.00000000100000000000 0.02329608497195493830 0.00000669723445240626 0.10243174203146684920 0.37436288227022540553 
0.44928407754660515394 0.00002768731197019648 0.00000000100000000000 0.00000000100000000000 0.04476764678193061175 0.09381962748487041037 0.00001514451215090745 0.41208581436247260221 
0.36344371077162462846 0.00814982776791809554 0.00000023597631324388 0.00000061489859979468 0.07598183725804279198 0.00000000100000000000 0.11795120955905341598 0.43447256276844786749 
0.24483103367711389620 0.00000000100000000000 0.00000000100000000000 0.03446964229316191314 0.06706060084321135983 0.07608469498163888955 0.09235897309777618691 0.48519505310709776236 
0.37479494439748900492 0.00000000100000000000 0.00000000100000000000 0.00000000100000000000 0.03842968378550908753 0.02368731976477627885 0.12128921111660183330 0.44179883793562374494 
0.00000000099999999999 0.00000000099999999999 0.00000000099999999999 0.00000000099999999999 0.00000000099999999999 0.00000000099999999999 0.37539796919785817231 0.62460202480214177534 
0.76453219287490725709 0.00000000099999999999 0.00000000099999999999 0.00000000099999999999 0.00000000099999999999 0.00000000099999999999 0.23546780112509285710 0.00000000099999999999 
0.50002829504203893940 0.00014204501916191052 0.01718275887076143454 0.00000306929395256062 0.04841286174375902113 0.00047191556913328569 0.14885409836554558405 0.28490495609564731039 
0.41979659839220168083 0.04670162086881247954 0.00000000100000000000 0.00000000100000000000 0.00000000100000000000 0.10712143523251441146 0.00000000100000000000 0.42638034150647141640 
0.00000000099999999999 0.00000000099999999999 0.00000000099999999999 0.00000000099999999999 0.00000000099999999999 0.00000000099999999999 0.29069518264900212623 0.70930481135099787693 
0.37321508905130718059 0.00000000100000000000 0.00010465544553253260 0.00019560547769081879 0.02490202176542277365 0.06601307293156304101 0.12639736383432570443 0.40917219049415798349 
0.44572546622251313364 0.00041341501573339721 0.00000000100000000000 0.00000000100000000000 0.08338524726973471635 0.05057449825932930354 0.00000000100000000000 0.41990137023268947480 
0.34626739590401034441 0.00188815567930548911 0.00000000100000000000 0.00000000100000000000 0.05023895510365743861 0.13495743233312790244 0.00000642461197640729 0.46664163436792244211 
0.35855242293494088424 0.00000000100000000000 0.00000000517102474805 0.03364802307890691485 0.03905422944391093859 0.00000001310796500575 0.13590239287440633587 0.43284291238884509134 
0.35336113094727594763 0.00000000100000000000 0.00000000100000000000 0.02236622830959581615 0.06078411295899330269 0.02640199600254605761 0.01472249598990522761 0.52236403379168350192 
0.00000000100000000000 0.00000000100000000000 0.00000000100000000000 0.00000000100000000000 0.00000000100000000000 0.00000000100000000000 0.27494914856156160710 0.72505084543843845157 
0.00000000099999999995 0.00000000099999999995 0.00000000099999999995 0.00000000099999999995 0.00000000099999999995 0.00000000099999999995 0.00000000099999999995 0.99999999300000008695 
0.36589692833217474233 0.00000000100000000000 0.00000122359780541906 0.01615948620878270015 0.00784802323174961167 0.07250083226389254787 0.15833235658243041688 0.37926114878316458112 
0.48555385274840834331 0.00000000100000000000 0.00000000100000000000 0.00000000100000000000 0.03853839279056062161 0.07904572249810896956 0.00000745106834364372 0.39685457789457850852 
0.34445037843755116347 0.00000000100000000000 0.05119513314296245815 0.00000162992414410134 0.00329578415075326052 0.09616178877270582792 0.00000000926779087145 0.50489527530409228362 
0.39945604670655193713 0.03905273140995894898 0.00000000100000000000 0.00000000100000000000 0.07899622607353039283 0.01157159731095055641 0.00008176563799441950 0.47084163086101360474 
0.38654681069270468985 0.03659421271838706607 0.00000000100000000000 0.00000000100000000000 0.04460013220223179448 0.03359890745143578883 0.00006529549073329858 0.49859463944450727046 
0.29725844525514710792 0.01060261893532268504 0.00000000100000000000 0.00000000100000000000 0.03446698439331709329 0.02869151221669163573 0.10586502780939201218 0.52311540939012934892 
0.46986478269541176456 0.05548367905326725275 0.00000000100000000000 0.00000001290194542830 0.02184542280336597073 0.05317469805571681252 0.00201783871920149403 0.39761356477109122132 
0.41804228131478521346 0.00000000100000000000 0.00000000100000000000 0.00000000100000000000 0.00000000100000000000 0.04059754448561547768 0.24867906712373427647 0.29268110307586497898 
0.36559907384459860991 0.03962998014573308053 0.00000000100000000000 0.01161678656350403384 0.02753788427102034017 0.11766834827868850877 0.00000000100000000000 0.43794792489645545386 
0.00000000099999999996 0.00000000099999999996 0.00000000099999999996 0.00000000099999999996 0.00000000099999999996 0.00000000099999999996 0.00000000099999999996 0.99999999299999997593 
0.70173288185446069942 0.00000000100000000000 0.00000000100000000000 0.00000016968292092812 0.04736583346866236194 0.00022495445007024038 0.00000000100000000000 0.25067615754388578031 
0.36924875263474843390 0.03626788989790127177 0.00010058895170713977 0.01409532860359840462 0.10836562188616713498 0.00051376879083888489 0.02251158554343377083 0.44889646369160507433 
0.00000000099999999989 0.00000000099999999989 0.00000000099999999989 0.00000000099999999989 0.00000000099999999989 0.00000000099999999989 0.00000000099999999989 0.99999999299999997593 
0.53025670318319373386 0.00000609385522896348 0.00000011481393827818 0.02815845379458310760 0.07033749792033421044 0.00000001636516500911 0.00001572885275221635 0.37122539121480441215 
0.00000000099999999993 0.00000000099999999993 0.00000000099999999993 0.00000000099999999993 0.00000000099999999993 0.00000000099999999993 0.00000000099999999993 0.99999999299999997593 
0.27749275783425597641 0.00000316498897814829 0.00000000100000000000 0.01923387225838286627 0.02663350035205001506 0.08399323369969148578 0.06128657361661401376 0.53135689625002757719 
0.39261733181853575303 0.00000000100000000000 0.00000000100000000000 0.00000000100000000000 0.05618574056780241410 0.00487845737613565138 0.00000000100000000000 0.54631846623752611247 
0.34911834600405367013 0.00000000100000000000 0.00000000100000000000 0.01613131263381682723 0.00983748449562579612 0.09483410891909389850 0.16744613382115028366 0.36263261212625935714 
0.48873627479085662850 0.00000000100000000000 0.00000000100000000000 0.00000000100000000000 0.07111028301064431512 0.00000000100000000000 0.06798000535500957342 0.37217343284348947119 
0.53495645101376265718 0.00000055166608382470 0.00000772912041281449 0.01659572919993233461 0.06858175977773720011 0.01525362596024901728 0.00000002160065023045 0.36460413166117194850 
0.42502873737285895572 0.00000000100000000000 0.00000274135684309100 0.00000000100000000000 0.03722051929755898492 0.02541286555767044777 0.10093359355053785342 0.41140154086453045723 
0.00000000099999999996 0.00000000099999999996 0.00000000099999999996 0.00000000099999999996 0.00000000099999999996 0.00000000099999999996 0.00000000099999999996 0.99999999299999997593 
0.00000000099999999990 0.00000000099999999990 0.00000000099999999990 0.00000000099999999990 0.00000000099999999990 0.00000000099999999990 0.99999999299999997593 0.00000000099999999990 
0.34439998254013504120 0.00000000100000000000 0.01251108858203353429 0.03172618473428864827 0.05494142508684976556 0.07163823604692157176 0.05613891279170721282 0.42864416921806436367 
0.34481420777750054762 0.00000000100000000000 0.09464396487992852991 0.00000000100000000000 0.05849208941405961704 0.03576125856617244636 0.05702199694957679754 0.40926648041276209034 
0.74803463811341019962 0.00000000099999999999 0.00000908072253807930 0.00000000099999999999 0.00000000099999999999 0.00000000099999999999 0.25195627616405175120 0.00000000099999999999 
0.28761820054646181077 0.00000077802924761164 0.00000057867439087177 0.03144920001554989131 0.01178455929871200132 0.08607687767516716826 0.15431395403338049599 0.42875585172709013149 
0.34478380504658362460 0.00000000100000000000 0.02000957759336055575 0.00000000100000000000 0.12551051519796432854 0.04131517458528462944 0.00000013767606811705 0.46838078790073867097 
0.48804870142982975656 0.01848835994789676737 0.00000000100000000000 0.00000001127113988473 0.06366181033877370277 0.00000000100000000000 0.06800084285865709566 0.36180027215370280658 
0.26303378600266275056 0.01882287889915696885 0.03465548388416563041 0.00000000100000000000 0.03665992101795532282 0.08073305663561533563 0.07691237528373905119 0.48918249727670487514 
0.66721039894018130401 0.00000000099999999999 0.00000000099999999999 0.00000000099999999999 0.00000000099999999999 0.00000000099999999999 0.33278959505981892120 0.00000000099999999999 
0.28068367120130327530 0.10561258708678801510 0.00000000100000000000 0.00000000100000000000 0.07316432440722694941 0.02268820572060803453 0.00000000100000000000 0.51785120858407374111 
0.00000000099999999997 0.00000000099999999997 0.00000000099999999997 0.00000000099999999997 0.31650408850670347372 0.00000000099999999997 0.00000000099999999997 0.68349590549329652944 
0.50092505300639411647 0.00013077253550551390 0.00000000144677975689 0.00000411231144086350 0.02332404037884106690 0.00474725188148482271 0.12702191640415211316 0.34384685203540177323 
0.00000000099999999990 0.00000000099999999990 0.00000000099999999990 0.00000000099999999990 0.00000000099999999990 0.00000000099999999990 0.99999999299999997593 0.00000000099999999990 
0.33893456693495432885 0.10699783409627762476 0.00000000100000000000 0.00000000100000000000 0.15885265118222843816 0.04462451073399554408 0.00224071436507935345 0.34834972068746472562 
0.20536314544657399694 0.00191509194443109047 0.03156842245351280246 0.02020427835139573802 0.03920627916177152339 0.09658914598388163020 0.13825411853216418301 0.46689951812626900862 
0.00000000099999999997 0.00000000099999999997 0.00000000099999999997 0.00000000099999999997 0.00000000099999999997 0.00000000099999999997 0.00000000099999999997 0.99999999299999997593 
0.25355754326229323903 0.00000000100000000000 0.04329285851418664122 0.00000000100000000000 0.05497866621277500837 0.01675680877994434326 0.20471319589105557712 0.42670092533974501858 
0.39209402349469879567 0.00000000100000000000 0.00000000100000000000 0.00000000100000000000 0.04612882321821248910 0.10271509567988487688 0.00000000100000000000 0.45906205360720381270 
0.51626712981444700112 0.03038633433574073478 0.01964933444093163589 0.00000000100000000000 0.02950106561165784583 0.02943350475118108184 0.12561781894617293776 0.24914481109986874596 
0.53250449491939733093 0.01518824394450629667 0.00000000100000000000 0.00001026405144971574 0.02188462949689396961 0.00000003145675814597 0.08418440491789221103 0.34622793021310227513 
0.74638600077702677016 0.00000000099999999999 0.00000000099999999999 0.00000000099999999999 0.00000000099999999999 0.00000000099999999999 0.25361399322297323300 0.00000000099999999999 
0.35728408645352244255 0.00001016388481991065 0.04076205285802247252 0.01184536459976332293 0.04490576737845249772 0.08921385622740250765 0.05967939967740103907 0.39629930892061593362 
0.38634626543919270425 0.00000009965092094686 0.03264060882239105260 0.00000000710465807865 0.05414170196053625511 0.04934627878115872834 0.05399846074994540251 0.42352657749119682062 
0.35320548717965927210 0.02946180807894236212 0.00002806376074421099 0.00000000100000000000 0.04886570683394433900 0.00001501375956819684 0.15965113315807943906 0.40877278622906215721 
0.25611676335334065957 0.02938561874258754578 0.00000000212731810931 0.00000023398624103389 0.00000023170337430444 0.14127505492699360401 0.23719566399655298006 0.33602643116359165454 
0.37479913075412857326 0.00000000100000000000 0.00000000100000000000 0.00000000100000000000 0.38444599978185256539 0.05482509239790872568 0.11584400730127106249 0.07008576676483906087 
0.99999999300000019797 0.00000000099999999998 0.00000000099999999998 0.00000000099999999998 0.00000000099999999998 0.00000000099999999998 0.00000000099999999998 0.00000000099999999998 
0.00000000099999999991 0.00000000099999999991 0.00000000099999999991 0.00000000099999999991 0.00000000099999999991 0.00000000099999999991 0.99999999299999986491 0.00000000099999999991 
0.46567749372352562620 0.00000000100000000000 0.00000000100000000000 0.03321654106815997987 0.11168928041678628793 0.01757917066156256675 0.00000000100000000000 0.37183751112996560328 
0.44937002760259070477 0.00000000361310539957 0.00000000100000000000 0.00030180740270910816 0.00000000100000000000 0.12342103908452882466 0.00683800456950443229 0.42006911572756133744 
0.41258187250779371213 0.00000001579144243062 0.00282457535803451801 0.00000039372411816515 0.08121339263994876989 0.00004377856388737026 0.14338754895829977642 0.35994842245647529211 
0.99999999300000019797 0.00000000099999999998 0.00000000099999999998 0.00000000099999999998 0.00000000099999999998 0.00000000099999999998 0.00000000099999999998 0.00000000099999999998 
0.00000000099999999996 0.00000000099999999996 0.00000000099999999996 0.00000000099999999996 0.00000000099999999996 0.00000000099999999996 0.00000000099999999996 0.99999999299999997593 
0.42485337486110830163 0.00057545689890852922 0.00000000100000000000 0.00003466323374111262 0.05433564235937276415 0.05724223562622601097 0.00004685707928500679 0.46291176894135838138 
0.00000000099999999998 0.00000000099999999998 0.00000000099999999998 0.00000000099999999998 0.29473988113688676105 0.15141008241404357859 0.00000000099999999998 0.55385003144906963524 
0.27726291896862942377 0.00000000100000000000 0.03784584358256933706 0.00000000100000000000 0.07713219814168943700 0.06010767830631674052 0.09695983417251316516 0.45069152482828195305 
0.47904309502108499697 0.00000000100000000000 0.00006138527322261464 0.00012006370730307296 0.04297281766967765010 0.00000265087982782544 0.16700830679207198659 0.31079167965681198105 
0.28727585153551971064 0.00000000100000000000 0.00000000100000000000 0.04499196234357510232 0.09773834985814444654 0.05073860228513482618 0.05534019923392209661 0.46391503274370377019 
0.35373891622014158598 0.00000004715470891431 0.06804373672621601143 0.00000366700778442636 0.05123921782625109889 0.08281888424704512974 0.10174351510253877573 0.34241201571531409975 
0.46583095034185845185 0.00000000100000000000 0.00000000100000000000 0.00000000100000000000 0.02134599404106150497 0.00000000100000000000 0.22000111193232216311 0.29282193968475789259 
0.99999999300000019797 0.00000000099999999997 0.00000000099999999997 0.00000000099999999997 0.00000000099999999997 0.00000000099999999997 0.00000000099999999997 0.00000000099999999997 
0.29023338774183693456 0.00000000100000000000 0.00000051672519771234 0.00023484732647925647 0.06920448115210858786 0.10061567372760125971 0.12092817862000272700 0.41878291370677356298 
0.50157453660270223672 0.00000000100000000000 0.00000000100000000000 0.00000000100000000000 0.01945005805630452278 0.00000000410752567879 0.20162538716137140549 0.27735001107209622528 
0.37034601273689837786 0.00000000100000000000 0.00000000100000000000 0.03774576993656639234 0.04616370744686626448 0.12034949732797917132 0.05881779410928270752 0.36657721644240698344 
0.51887805376566520366 0.00000030042852776334 0.00000663987170411223 0.00930163637884204655 0.00707210844940704686 0.04565944714194770937 0.17158258774701012905 0.24749922621689618429 
0.00000000099999999991 0.00000000099999999991 0.00000000099999999991 0.00000000099999999991 0.00000000099999999991 0.00000000099999999991 0.99999999299999986491 0.00000000099999999991 
0.40488848591716136704 0.00000000100000000000 0.04949201581390954424 0.00000044115465910526 0.08121387223137024880 0.04314231502591493739 0.08827310401569961329 0.33298976484128528508 
0.80756777934110191008 0.00000000099999999999 0.00000000099999999999 0.00000000099999999999 0.00000000099999999999 0.00000000099999999999 0.19243221465889823185 0.00000000099999999999 
0.35767598969601654968 0.02333143806616208571 0.00000009343379727068 0.00000000100000000000 0.05566175398242047961 0.03848694782638681366 0.06342758748038253291 0.46141618851483418018 
0.00000000100000000000 0.00000000100000000000 0.00000000484998420003 0.00000000108457346167 0.00000108616928830702 0.00000000100000000000 0.31756489448691566091 0.68243401040923823420 
0.00108626744334460552 0.00000000100000000000 0.00000000100000000000 0.00000000100000000000 0.06354566957096413615 0.72495373683419539468 0.00000000100000000000 0.21041432215149596940 
0.00000000099999999999 0.00000000099999999999 0.00000000099999999999 0.00000000099999999999 0.00000000099999999999 0.99999999300000008695 0.00000000099999999999 0.00000000099999999999 
0.00000000424811419828 0.01749448451774722815 0.00197025004772887922 0.00000000100000000000 0.10432630381564378386 0.70255560413884032833 0.00000000100000000000 0.17365335123192565669 
0.00000000099999999997 0.00000000099999999997 0.00000000099999999997 0.00000000099999999997 0.00000000099999999997 0.99999999299999997593 0.00000000099999999997 0.00000000099999999997 
0.02749687425050703626 0.00003088256102455368 0.00357478233174092844 0.02349805857623241123 0.11938635068509170778 0.70204315734317945807 0.00000000100000000000 0.12396989325222385059 
0.00000000099999999998 0.00000000099999999998 0.00000000099999999998 0.00000000099999999998 0.00000000099999999998 0.99999999300000008695 0.00000000099999999998 0.00000000099999999998 
0.00000000099999999999 0.00000000099999999999 0.00000000099999999999 0.00000000099999999999 0.00000000099999999999 0.87603870703642794382 0.12396128696357198995 0.00000000099999999999 
0.00000000099999999998 0.00000000099999999998 0.00000000099999999998 0.00000000099999999998 0.00000000099999999998 0.99999999300000008695 0.00000000099999999998 0.00000000099999999998 
0.00000000099999999999 0.00000000099999999999 0.00000000099999999999 0.00000000099999999999 0.00000000099999999999 0.99999999299999997593 0.00000000099999999999 0.00000000099999999999 
0.00000000099999999998 0.00000000099999999998 0.00000000099999999998 0.00000000099999999998 0.00000000099999999998 0.99999999300000008695 0.00000000099999999998 0.00000000099999999998 
0.00000000100000000000 0.00000104223953416890 0.00000000100000000000 0.00000000100000000000 0.10755595221766524328 0.74037536038249840420 0.09382429868807773410 0.05824334347222448471 
0.00000000099999999998 0.00000000099999999998 0.00000000099999999998 0.00000000099999999998 0.00000000099999999998 0.99999999299999997593 0.00000000099999999998 0.00000000099999999998 
0.00000000099999999998 0.00000000099999999998 0.00000000099999999998 0.00000000099999999998 0.00000000099999999998 0.99999999299999997593 0.00000000099999999998 0.00000000099999999998 
0.00000000099999999998 0.00000000099999999998 0.00000000099999999998 0.00000000099999999998 0.00000000099999999998 0.99999999300000008695 0.00000000099999999998 0.00000000099999999998 
0.00000000099999999998 0.00000000099999999998 0.00000000099999999998 0.00000000099999999998 0.00000000099999999998 0.99999999300000008695 0.00000000099999999998 0.00000000099999999998 
0.00000000099999999998 0.00000000099999999998 0.00000000099999999998 0.00000000099999999998 0.00000000099999999998 0.99999999300000008695 0.00000000099999999998 0.00000000099999999998 
0.00000000099999999999 0.00000000099999999999 0.00000000099999999999 0.00000000099999999999 0.06319426488993699909 0.79969842837010618464 0.13710730173995677728 0.00000000099999999999 
0.00000000099999999998 0.00000000099999999998 0.00000000099999999998 0.00000000099999999998 0.00000000099999999998 0.99999999300000008695 0.00000000099999999998 0.00000000099999999998 
0.00000000099999999998 0.00000000099999999998 0.00000000099999999998 0.00000000099999999998 0.00000000099999999998 0.99999999300000008695 0.00000000099999999998 0.00000000099999999998 
0.00000000099999999998 0.00000000099999999998 0.00000000099999999998 0.00000000099999999998 0.00000000099999999998 0.47516598349930144751 0.52483401050069844462 0.00000000099999999998 
0.00000000099999999999 0.00000000099999999999 0.00000000099999999999 0.00000000099999999999 0.00000356318809032686 0.84322165935743431664 0.15677477245447543619 0.00000000099999999999 
0.00000000099999999996 0.00000000099999999996 0.00000000099999999996 0.00000000099999999996 0.00000000099999999996 0.99999999300000008695 0.00000000099999999996 0.00000000099999999996 
0.00000000099999999999 0.00000000099999999999 0.00000000099999999999 0.00000000099999999999 0.00000000099999999999 0.99999999299999997593 0.00000000099999999999 0.00000000099999999999 
0.00000000099999999999 0.00000000099999999999 0.00000000099999999999 0.02141672785838286130 0.00000000099999999999 0.97858326614161728063 0.00000000099999999999 0.00000000099999999999 
0.00000000099999999998 0.00000000099999999998 0.00000000099999999998 0.00000000099999999998 0.00000000099999999998 0.99999999299999997593 0.00000000099999999998 0.00000000099999999998 
0.00000000099999999998 0.00000000099999999998 0.00000000099999999998 0.00000000099999999998 0.00000000099999999998 0.99999999300000008695 0.00000000099999999998 0.00000000099999999998 
0.00000000099999999998 0.00000000099999999998 0.00000000099999999998 0.00000000099999999998 0.00000000099999999998 0.99999999299999997593 0.00000000099999999998 0.00000000099999999998 
0.00000000099999999999 0.00000000099999999999 0.00000000099999999999 0.00000000099999999999 0.00000000099999999999 0.87366586427814163507 0.12633412972185828482 0.00000000099999999999 
0.00000000099999999997 0.00000000099999999997 0.00000000099999999997 0.00000000099999999997 0.00000000099999999997 0.99999999300000008695 0.00000000099999999997 0.00000000099999999997 
0.14759742234607492462 0.00000039860750405198 0.00000000100000000000 0.00000000100000000000 0.09823944826599050051 0.69657215453380938452 0.00000000100000000000 0.05759057324662122251 
0.00000000099999999999 0.00000000099999999999 0.00000000099999999999 0.00000000099999999999 0.00000000099999999999 0.99999999299999997593 0.00000000099999999999 0.00000000099999999999 
0.00000000099999999997 0.00000000099999999997 0.00000000099999999997 0.00000000099999999997 0.88600088488873574022 0.00286165354139449697 0.11113745656986960542 0.00000000099999999997 
0.00000000099999999998 0.00000000099999999998 0.00000000099999999998 0.00000000099999999998 0.99999999300000008695 0.00000000099999999998 0.00000000099999999998 0.00000000099999999998 
0.00000000099999999998 0.00000000099999999998 0.00000000099999999998 0.00000000099999999998 0.99999999300000008695 0.00000000099999999998 0.00000000099999999998 0.00000000099999999998 
0.00000000099999999999 0.00000000099999999999 0.00000000099999999999 0.00000000099999999999 0.99999999299999997593 0.00000000099999999999 0.00000000099999999999 0.00000000099999999999 
0.00000000099999999998 0.00000000099999999998 0.00000000099999999998 0.00000000099999999998 0.99999999299999997593 0.00000000099999999998 0.00000000099999999998 0.00000000099999999998 
0.00000000099999999998 0.00000000099999999998 0.00000000099999999998 0.00000000099999999998 0.99999999300000008695 0.00000000099999999998 0.00000000099999999998 0.00000000099999999998 
0.00000000099999999998 0.00000000099999999998 0.00000000099999999998 0.00000000099999999998 0.99999999299999997593 0.00000000099999999998 0.00000000099999999998 0.00000000099999999998 
0.00000000099999999999 0.00000000099999999999 0.00000000099999999999 0.00000000099999999999 0.99902247926433673797 0.00097751473566316436 0.00000000099999999999 0.00000000099999999999 
0.00000000099999999998 0.00000000099999999998 0.00000000099999999998 0.00000000099999999998 0.99999999300000008695 0.00000000099999999998 0.00000000099999999998 0.00000000099999999998 
0.00000000099999999998 0.00000000099999999998 0.00000000099999999998 0.00000000099999999998 0.99999999299999997593 0.00000000099999999998 0.00000000099999999998 0.00000000099999999998 
0.00000000099999999997 0.00000000099999999997 0.00000000099999999997 0.00000000099999999997 0.99999999299999997593 0.00000000099999999997 0.00000000099999999997 0.00000000099999999997 
0.00000000099999999998 0.00000000099999999998 0.00000000099999999998 0.00000000099999999998 0.99999999300000008695 0.00000000099999999998 0.00000000099999999998 0.00000000099999999998 
0.00000000099999999999 0.00000000099999999999 0.00000000099999999999 0.00000000099999999999 0.99999996299336946226 0.00000003100663062825 0.00000000099999999999 0.00000000099999999999 
0.00000000099999999998 0.00000000099999999998 0.00000000099999999998 0.00000000099999999998 0.99999999300000008695 0.00000000099999999998 0.00000000099999999998 0.00000000099999999998 
0.00000000099999999998 0.00000000099999999998 0.00000000099999999998 0.00000000099999999998 0.99999999300000008695 0.00000000099999999998 0.00000000099999999998 0.00000000099999999998 
0.00000000099999999998 0.00000000099999999998 0.00000000099999999998 0.00000000099999999998 0.99999999299999997593 0.00000000099999999998 0.00000000099999999998 0.00000000099999999998 
0.00000000099999999999 0.00000000099999999999 0.01024687176775781507 0.02093638725984333510 0.96881673597239881257 0.00000000099999999999 0.00000000099999999999 0.00000000099999999999 
0.00000000099999999998 0.00000000099999999998 0.00000000099999999998 0.00000000099999999998 0.99999999299999997593 0.00000000099999999998 0.00000000099999999998 0.00000000099999999998 
0.00000000099999999997 0.00000000099999999997 0.00000000099999999997 0.00000000099999999997 0.99999999299999997593 0.00000000099999999997 0.00000000099999999997 0.00000000099999999997 
0.00000000099999999998 0.00000000099999999998 0.00000000099999999998 0.00000000099999999998 0.99999999300000008695 0.00000000099999999998 0.00000000099999999998 0.00000000099999999998 
0.00000000099999999999 0.00000000099999999999 0.00000000099999999999 0.00000000099999999999 0.99999999300000008695 0.00000000099999999999 0.00000000099999999999 0.00000000099999999999 
0.00000000099999999998 0.00000000099999999998 0.00000000099999999998 0.00000000099999999998 0.99999999300000008695 0.00000000099999999998 0.00000000099999999998 0.00000000099999999998 
0.00000000099999999999 0.00000000099999999999 0.00000000099999999999 0.00000000099999999999 0.99999999299999997593 0.00000000099999999999 0.00000000099999999999 0.00000000099999999999 
0.00000000099999999998 0.00000000099999999998 0.00000000099999999998 0.00000000099999999998 0.99999999299999997593 0.00000000099999999998 0.00000000099999999998 0.00000000099999999998 
0.00000000099999999999 0.00000000099999999999 0.00000000099999999999 0.00000000099999999999 0.96893330194992721704 0.03106669205007291448 0.00000000099999999999 0.00000000099999999999 
0.00000000099999999997 0.00000000099999999997 0.00000000099999999997 0.00000000099999999997 0.99999999300000008695 0.00000000099999999997 0.00000000099999999997 0.00000000099999999997 
0.00000000100000000000 0.42723867466885045996 0.13197039525201156862 0.38969184148009022861 0.00000000100000000000 0.02001252619589167017 0.00000000658201954516 0.03108655382113648113 
0.00000000099999999999 0.00000000099999999999 0.93453732436383574189 0.00000000099999999999 0.00000000099999999999 0.00000000099999999999 0.06546266963616417800 0.00000000099999999999 
0.00000000100000000000 0.00000000100000000000 0.96336019970233210952 0.03663978160773008474 0.00000000100000000000 0.00000000100000000000 0.00000001368993771662 0.00000000100000000000 
0.00278546240497319761 0.48880167032032689756 0.05244279619528225550 0.45597006707941778458 0.00000000100000000000 0.00000000100000000000 0.00000000100000000000 0.00000000100000000000 
0.00000000099999999999 0.00033786438857590447 0.91601868085468995950 0.00008942463019155697 0.00000000099999999999 0.00000000099999999999 0.08355402612654262706 0.00000000099999999999 
0.00000000100000000000 0.00144537052543873556 0.94819408624843426470 0.03021597790120378671 0.00000000100000000000 0.00000000100000000000 0.00000000435200628003 0.02014455797291718128 
0.00000000099999999999 0.00000601632397425196 0.99999370959827116323 0.00000000099999999999 0.00000000099999999999 0.00000000099999999999 0.00000000099999999999 0.00000026907775462717 
0.00000235164165792845 0.00000055954965968165 0.85275711992174507703 0.06197680747207848923 0.00000000099999999999 0.00000000099999999999 0.08526315841485866687 0.00000000099999999999 
0.00000000099999999999 0.00000000099999999999 0.99999999299999997593 0.00000000099999999999 0.00000000099999999999 0.00000000099999999999 0.00000000099999999999 0.00000000099999999999 
0.00000000100000000000 0.00003484365417731997 0.99996515034582267312 0.00000000100000000000 0.00000000100000000000 0.00000000100000000000 0.00000000100000000000 0.00000000100000000000 
0.00000000100000000000 0.00000000100000000000 0.91335122131194923512 0.06500627980313346266 0.00000000100000000000 0.00000000100000000000 0.00000000100000000000 0.02164249388491731874 
0.00001693472439005359 0.05670256935468765552 0.94269153931056171025 0.00000000100000000000 0.00000000100000000000 0.00000000100000000000 0.00058895261036058196 0.00000000100000000000 
0.07241058973166376866 0.43140973547600980353 0.30301380330957167208 0.17125805957911152677 0.00000000100000000000 0.01635672904581480375 0.00353874347911350062 0.00201233837871491730 
0.33720237553148518783 0.08568452812865402779 0.51172704347057196284 0.00000000100000000000 0.00000000100000000000 0.04105026757475876281 0.02433578229453015745 0.00000000100000000000 
0.00000000099999999999 0.00000000099999999999 0.93499037562803044565 0.06500961837196959914 0.00000000099999999999 0.00000000099999999999 0.00000000099999999999 0.00000000099999999999 
0.00000000099999999999 0.00001440411316359728 0.90340669887148150607 0.06870069735923567400 0.00000000099999999999 0.00000000099999999999 0.02787819565611925413 0.00000000099999999999 
0.00000000100000000000 0.00000000100000000000 0.92150141337302804434 0.04929835090557135868 0.00000539040509473725 0.00000000100000000000 0.00051568796731308599 0.02867915434899269422 
0.04166578489190687906 0.09574293362668501173 0.82896508330439144796 0.00000001886507235056 0.00000000100000000000 0.03362617631194436685 0.00000000100000000000 0.00000000100000000000 
0.00000000099999999992 0.00000000099999999992 0.00000000099999999992 0.99999999299999997593 0.00000000099999999992 0.00000000099999999992 0.00000000099999999992 0.00000000099999999992 
0.00000001472050950347 0.13913978399795889906 0.83763030996823173435 0.00000010315611639556 0.00000000100000000000 0.00000000100000000000 0.00000000100000000000 0.02322978515718353287 
0.00000000100000000000 0.64029799095620676397 0.00203331228951138081 0.30480651247550094585 0.00000000100000000000 0.00000000100000000000 0.00000000100000000000 0.05286218027878093750 
0.04071675741290753381 0.54517414228712524071 0.06763250613529438182 0.29910319421440301202 0.00000000100000000000 0.01078890813201030183 0.03140727458988280818 0.00517721622837668573 
0.00000000100000000000 0.02257650983665219352 0.97742348046678317885 0.00000000469656466560 0.00000000100000000000 0.00000000100000000000 0.00000000100000000000 0.00000000100000000000 
0.00000000099999999999 0.05036342265509403948 0.94963657134490608858 0.00000000099999999999 0.00000000099999999999 0.00000000099999999999 0.00000000099999999999 0.00000000099999999999 
0.04117312892469830038 0.58989492222386363807 0.06593299536991162335 0.28889309193607082271 0.00000000100000000000 0.01410511056442637079 0.00000000147188504051 0.00000074850914419969 
0.00000029947671722371 0.06252738000499165338 0.93747231551829113272 0.00000000099999999999 0.00000000099999999999 0.00000000099999999999 0.00000000099999999999 0.00000000099999999999 
0.00000000099999999999 0.00000000099999999999 0.99999999300000008695 0.00000000099999999999 0.00000000099999999999 0.00000000099999999999 0.00000000099999999999 0.00000000099999999999 
0.00006623610275125272 0.60328315286764955250 0.04716498337310757322 0.34347360771638651977 0.00000000100000000000 0.00000000100000000000 0.00000000100000000000 0.00601201694010536792 
0.00000000099999999999 0.00000000099999999999 0.98116694796235071063 0.01883304603764930640 0.00000000099999999999 0.00000000099999999999 0.00000000099999999999 0.00000000099999999999 
0.00000000099999999998 0.00000000099999999998 0.94322693205676144679 0.05677306194323855637 0.00000000099999999998 0.00000000099999999998 0.00000000099999999998 0.00000000099999999998 
0.00000000099999999996 0.99999999300000008695 0.00000000099999999996 0.00000000099999999996 0.00000000099999999996 0.00000000099999999996 0.00000000099999999996 0.00000000099999999996 
0.07052777159434002463 0.04252817451869958520 0.88694404888696043443 0.00000000099999999999 0.00000000099999999999 0.00000000099999999999 0.00000000099999999999 0.00000000099999999999 
0.00000007736516980104 0.59396745706666498332 0.07734353087096118573 0.32868893069720417355 0.00000000100000000000 0.00000000100000000000 0.00000000100000000000 0.00000000100000000000 
0.00000000099999999999 0.77030285671792708690 0.00000000099999999999 0.22969713728207299952 0.00000000099999999999 0.00000000099999999999 0.00000000099999999999 0.00000000099999999999 
0.00000000099999999998 0.00000000099999999998 0.00000000099999999998 0.99999999300000008695 0.00000000099999999998 0.00000000099999999998 0.00000000099999999998 0.00000000099999999998 
0.00000000099999999999 0.59684800924734948691 0.00000000099999999999 0.35052156286559538190 0.00000000099999999999 0.00000000099999999999 0.05263042288705509220 0.00000000099999999999 
0.00000000099999999998 0.00000000099999999998 0.99575263655215517922 0.00424735744784475368 0.00000000099999999998 0.00000000099999999998 0.00000000099999999998 0.00000000099999999998 
0.00000000099999999999 0.00000000099999999999 0.95008851240933678284 0.00000000099999999999 0.00000000099999999999 0.00000000099999999999 0.00000000099999999999 0.04991148159066330359 
0.00000000099999999999 0.13847690780564811397 0.81699046809527620105 0.00000000099999999999 0.00000000099999999999 0.00000000099999999999 0.03223491936296301458 0.01229770073611273842 
0.05504434572110816076 0.07705342426407801870 0.79392187319206197760 0.01662242874740017459 0.00000130708222330893 0.00000000100000000000 0.05735447356658585072 0.00000214642654260829 
0.00021610580033795451 0.17153374989649686211 0.82825013930316515598 0.00000000099999999999 0.00000000099999999999 0.00000000099999999999 0.00000000099999999999 0.00000000099999999999 
0.00000000100000000000 0.48575520900364477228 0.14792390320705647855 0.26999277019996026361 0.00846405583233529428 0.03325854005637904343 0.02253400340383276967 0.03207151729679111329 
0.00000000100000000000 0.00053314855140364345 0.93734638432731665070 0.00471668051144641127 0.00000001588145068710 0.00000000481365912079 0.05740376391472343937 0.00000000100000000000 
0.00000000100000000000 0.11177995799683089484 0.88189607835473216024 0.00004631295433842835 0.00000000100000000000 0.00627764669409869910 0.00000000100000000000 0.00000000100000000000 
0.00000000099999999999 0.00000000099999999999 0.98205556694142037699 0.01794442705857951167 0.00000000099999999999 0.00000000099999999999 0.00000000099999999999 0.00000000099999999999 
0.03339939568531442166 0.19205652603696726777 0.46610087682684592236 0.24242158295497370779 0.00000000100000000000 0.00724263377365428652 0.05877898272224441056 0.00000000100000000000 
0.00000000100000000000 0.39095085607081325740 0.30430782733349048819 0.22401857977362327201 0.00125290759071441092 0.00000000100000000000 0.07946982623135842583 0.00000000100000000000 
0.03143753163664425587 0.09409626600648372807 0.87444871962940340371 0.00000020906456650421 0.00000000099999999999 0.00000000099999999999 0.00001727066290196691 0.00000000099999999999 
0.00001010799642763797 0.08153209396773861140 0.91845768192371979310 0.00000000100000000000 0.00000000100000000000 0.00000011211211392245 0.00000000100000000000 0.00000000100000000000 
0.00000000099999999999 0.40371237337743848261 0.25788077712726192869 0.31609321067449613896 0.00000000099999999999 0.00000000099999999999 0.02231363482080339286 0.00000000099999999999 
0.00000000100000000000 0.52323467280828162007 0.09207886923650067390 0.28914451967865922866 0.00830944839663035235 0.00430841265351807490 0.08290708049158086734 0.00001699573482895756 
0.01357295085201263435 0.50383265986068437314 0.22914158684649915676 0.22118715100725169775 0.00000000100000000000 0.00882923227967753570 0.01706509958405984934 0.00637131856981464854 
0.00000000099999999999 0.00000000099999999999 0.95217517777319271577 0.04782481622680728045 0.00000000099999999999 0.00000000099999999999 0.00000000099999999999 0.00000000099999999999 
0.00000000099999999999 0.11910771650051846238 0.88089227749948173507 0.00000000099999999999 0.00000000099999999999 0.00000000099999999999 0.00000000099999999999 0.00000000099999999999 
0.00000000099999999999 0.11718563918309619909 0.72624464889910156362 0.00000001417233985491 0.00000000099999999999 0.00000000099999999999 0.15656969374546236828 0.00000000099999999999 
0.00000000099999999999 0.56606209512743377310 0.10559214889467567755 0.28578388772150842279 0.00000000099999999999 0.00000000099999999999 0.04256186425638207316 0.00000000099999999999 
0.00000475412694290201 0.56262905377884575575 0.13105162722628990735 0.30128817090727866290 0.00502638609623441441 0.00000000100000000000 0.00000000586440831915 0.00000000100000000000 
0.00000000099999999999 0.00118977853796716848 0.85294715525702236025 0.00098669393303257012 0.00000000099999999999 0.00000000099999999999 0.14487636827197800105 0.00000000099999999999 
0.00000000099999999999 0.00000084801496200343 0.99999914598503802932 0.00000000099999999999 0.00000000099999999999 0.00000000099999999999 0.00000000099999999999 0.00000000099999999999 
0.00176934258869251371 0.00000000099999999999 0.99823065141130762346 0.00000000099999999999 0.00000000099999999999 0.00000000099999999999 0.00000000099999999999 0.00000000099999999999 
0.00000000099999999999 0.00000000099999999999 0.90388115639470234530 0.00000000099999999999 0.00000000099999999999 0.00000000099999999999 0.09611883760529765786 0.00000000099999999999 
0.00119186978176181687 0.09141154537841543470 0.90588884351180931631 0.00001744202221712442 0.00000000099999999999 0.00000000099999999999 0.00000000099999999999 0.00149029630579637943 
0.10608820860150808274 0.00660315767252694138 0.85085697324584785850 0.03645164406356226489 0.00000000100000000000 0.00000001341655483422 0.00000000100000000000 0.00000000100000000000 
