0.15879580960230463282 0.00000001227653978489 0.03985383565326070660 0.00000000100000000000 0.70313432337167391939 0.03491113316272059786 0.05662117064041446296 0.00668371429308577906 
0.00000000099999999998 0.00000000099999999998 0.00000000099999999998 0.00000000099999999998 0.99567131135849840096 0.00000000099999999998 0.00432868264150148684 0.00000000099999999998 
0.10053170230601790602 0.10850882436394020114 0.00000000100000000000 0.00000050193055455468 0.79095896739948734488 0.00000000100000000000 0.00000000100000000000 0.00000000100000000000 
0.00000001301523483939 0.11295953710936522396 0.00000000100000000000 0.13574294956288346370 0.72461869926659372432 0.01178471327728043000 0.00008641148245971572 0.01480767528618258215 
0.10259612374963780757 0.00000000100000000000 0.08196825957990624967 0.00000000100000000000 0.71279998659366583524 0.02085731148151757225 0.02776285688236036775 0.05401545971291231429 
0.00000966923547063166 0.05600562817848211972 0.00000000100000000000 0.17103453751442063147 0.77263188850043629241 0.00002572672224819105 0.00000000100000000000 0.00029254784894234594 
0.08688709915911992099 0.00000012202881328537 0.09670828169245837547 0.15243637607110835375 0.65081474128062133389 0.01315231507180250094 0.00000000100000000000 0.00000106369607611549 
0.15223790103183518219 0.00717019959125961195 0.02553010670697672055 0.00000000100000000000 0.78266256956938018430 0.02733347279440108413 0.00009314869367527481 0.00497260061247204507 
0.11366754214481157581 0.00323789308644520076 0.11460116902503278413 0.00000000100000000000 0.70985869808502177758 0.05856243240404341438 0.00005452378739067062 0.00001774046725474927 
0.00000000100000000000 0.00000000100000000000 0.00000000100000000000 0.12884982171229589221 0.73295163211496328071 0.07331413764752207907 0.03410566076155793769 0.03077874476366090559 
0.07335967397170911619 0.00000000100000000000 0.13505893397154217217 0.00000000100000000000 0.66934140174927803102 0.02367923144358062906 0.05202644618680042632 0.04653431067708961588 
0.06608208391149426875 0.00000000100000000000 0.08620309958826341545 0.00000000100000000000 0.79874581111983422588 0.00508159386871871125 0.03073179680291544119 0.01315561270877387522 
0.03707303932888754427 0.11258703043185729065 0.06603960612071285707 0.00000000100000000000 0.77053039329710992789 0.00000000100000000000 0.01376992782143257946 0.00000000100000000000 
0.00000000099999999999 0.00000000099999999999 0.00000000099999999999 0.26749891648503482111 0.72929945157868525385 0.00000000099999999999 0.00000000099999999999 0.00320162693628010808 
0.19634895252535980448 0.00000571292962522083 0.00001504708627642240 0.00000000100000000000 0.73204662911375006917 0.00720021064201339673 0.05456235188990731649 0.00982109481306770241 
0.09233588106119305916 0.06777083098405688177 0.14764711037633609925 0.00000000100000000000 0.69058119881207824520 0.00000000730360095250 0.00166496946273468464 0.00000000100000000000 
0.00541707838550358530 0.07222203787071780623 0.09045585861405386341 0.00000000100000000000 0.77931381230158081053 0.04740909115598800766 0.00420732015329524332 0.00097480051886054541 
0.00000000100000000000 0.00000011698092685204 0.12633746051700914248 0.12866436556156624071 0.69721721291549820787 0.00000000100000000000 0.03141960145640444041 0.01636124056859499659 
0.04785611414967909372 0.00305756051298917498 0.08493749633096216167 0.00002670685694055637 0.73145332058191858682 0.00000111396080838967 0.09297189756257495663 0.03969579004412713413 
0.03753205434603888724 0.04358368294022606920 0.15573668144037458583 0.00000000100000000000 0.69370797923337934598 0.01472591532529328798 0.05471368141238548005 0.00000000430230249088 
0.00000000100000000000 0.00000000100000000000 0.00000548759328643818 0.10247779501451206863 0.75254237517866207074 0.00000000100000000000 0.08587983099368334816 0.05909450821985613722 
0.00000000100000000000 0.02360239227801509340 0.07892674287705547798 0.00000031401604263836 0.78918847171104244964 0.00000019975026058364 0.06626759735743713298 0.04201428101014680755 
0.14561049062593947601 0.00000000688116410506 0.09008438556663420083 0.00000000100000000000 0.70624617239052600581 0.01570802224150550166 0.03742828751642124363 0.00492263377780946358 
0.00000000100000000000 0.00012511758383455869 0.11358224297001739966 0.03653292840126252938 0.82577943610615556214 0.00000000100000000000 0.00000000100000000000 0.02398027193872999049 
0.00011667139594534321 0.00069773844873447248 0.12279229474097633212 0.12538181990464150606 0.69911155262405666466 0.00000006719437958198 0.01950556271542025835 0.03239429297584587447 
0.11068673471807759234 0.00000022071066097898 0.11047987927791234897 0.00000000100000000000 0.74477228923802174521 0.03393104797441747617 0.00012978805770901669 0.00000003902320079452 
0.17057425485451419012 0.00000006115582712079 0.13540696903599286349 0.00000000100000000000 0.67259730156525343592 0.00000629649610034446 0.02141511019104657201 0.00000000570126552120 
0.00000000100000000000 0.07096236766629594739 0.04432817159878387619 0.06225861995819393507 0.73087366749895454898 0.04618830825170739535 0.04538886294078912226 0.00000000108527502848 
0.09959826658509118857 0.04871426325856560019 0.04952529858890455244 0.00000000100000000000 0.72284817681766122544 0.00000000100000000000 0.07931399174977746269 0.00000000100000000000 
0.06626262382874265056 0.04147765576443371988 0.08962934215536356997 0.00000000100000000000 0.75611335598826134863 0.00001553921122103599 0.04650147900961554975 0.00000000304236221447 
0.11136282018787090065 0.07774684474285738223 0.05940035804108782791 0.00000000100000000000 0.70884716671800374055 0.00859330565946870781 0.03404950173118156259 0.00000000191952983870 
0.05187994130252562147 0.00000000099999999999 0.14328555439216514311 0.09747644958038603757 0.68182771721322232850 0.00000000099999999999 0.00000000099999999999 0.02553033451170091256 
0.02354793354362959279 0.11348089465462114778 0.14889673285659357771 0.00000000100000000000 0.67080130844936181056 0.01537013013450879741 0.02611134161792400682 0.00179165774336106443 
0.07273658887660955363 0.00007421541214273717 0.05600098927593093190 0.00158088547974525044 0.85943611522528540192 0.01017120373028614945 0.00000000100000000000 0.00000000100000000000 
0.09378290003738107283 0.03109444115562686947 0.02150566969333546005 0.04534860034527721240 0.73998818400572341503 0.04359492280788804242 0.00422355976934622648 0.02046172218542161719 
0.11558884429215021683 0.02282554152641274106 0.01942459284524509708 0.00000000100000000000 0.68956666609000927259 0.05757604268586904994 0.06934937500577142977 0.02566893655454213774 
0.00000000099999999998 0.00000000099999999998 0.00000000099999999998 0.00000000099999999998 0.99999999299999997593 0.00000000099999999998 0.00000000099999999998 0.00000000099999999998 
0.16785659752944245837 0.00000807572041887271 0.00000000366497703920 0.00000000100000000000 0.71953932712468660071 0.02781394718116987630 0.05916592367576651440 0.02561612410353883082 
0.00000000099999999999 0.00000000099999999999 0.00056478462972257869 0.08479577163622352420 0.88617421693644859992 0.02846522279760534471 0.00000000099999999999 0.00000000099999999999 
0.03177333972518505550 0.00000000100000000000 0.14416930597122407098 0.00000000100000000000 0.73982346358112860418 0.02961000989780423337 0.00390308082049240944 0.05072079800416572082 
0.04081849118034950458 0.00000000100000000000 0.07201781848659741248 0.00000000100000000000 0.79319555905691097042 0.01183057390971879556 0.04737388594389037311 0.03476366942253292236 
0.00000000100000000000 0.00000000100000000000 0.18718312419051277851 0.10593457813677643886 0.66921989164859474464 0.00000708191706868605 0.00000006784822330028 0.03765525425882428057 
0.13517508350650311866 0.00000000100000000000 0.00000000100000000000 0.00000000100000000000 0.77483884615885123548 0.04797638010567936706 0.04200968622896628785 0.00000000100000000000 
0.07778913998137432229 0.00174117253817421247 0.04133183617445611302 0.05414011738984141758 0.71260151174225561110 0.01999898349940065073 0.05714432854122467043 0.03525291013327290501 
0.15046491631910757780 0.00000000100000000000 0.07880323582292848850 0.00000000100000000000 0.73523964637528371746 0.01221208853865976378 0.02328010994402028577 0.00000000100000000000 
0.04252840533753191737 0.00000028242806095165 0.14822358669650698149 0.03093662341497580709 0.75812367661437007893 0.00086203981272784584 0.01932538469582636975 0.00000000100000000000 
0.00000000100000000000 0.00000000100000000000 0.09815313566713765314 0.16430593115221761580 0.67986923903436236039 0.00000000100000000000 0.05767169014628233809 0.00000000100000000000 
0.13945643717412181672 0.02104456258463557883 0.11059338926027639793 0.00000000100000000000 0.65889291383124615198 0.04240411786484398621 0.01786867854792702909 0.00973989973694894262 
0.21693723528152783486 0.00000000222426539824 0.06519608302000981515 0.00000000100000000000 0.65131356758116720762 0.00172333473378768792 0.06482977515924201461 0.00000000100000000000 
0.27252290035134557611 0.00000000173641399485 0.00000000099999999999 0.00000417219537355196 0.71764302042640015777 0.00000000099999999999 0.00000000099999999999 0.00982990229046674067 
0.10477965266948847944 0.00000001311655903756 0.12953184230136569055 0.00000006697490570408 0.68721791231270634714 0.00374749313327025222 0.02559697003562830947 0.04912604945607628587 
0.03854204401722204076 0.00000000100000000000 0.07580101938776608039 0.07554497408654534119 0.66892887966555059087 0.04622741559196930083 0.09495566525094670252 0.00000000100000000000 
0.04616477739841801792 0.00785125887787854228 0.00000000208122072967 0.05329842400075229802 0.77363798736667466205 0.05249887117408977982 0.02824681462768573528 0.03830186447328030874 
0.15260298807461702975 0.00000000100000000000 0.11945627428187177710 0.00000000100000000000 0.66877608937935295597 0.01076839995676818172 0.04839623153093772223 0.00000001477645234198 
0.12796038115926050560 0.06470445628773327518 0.00001031615612450810 0.09050700020324563277 0.70969806179962058312 0.00687783648275303722 0.00012257433543864837 0.00011937357582382410 
0.05748891627158563000 0.11494064500495065895 0.04679599586702381381 0.00000000100000000000 0.66999251337102327941 0.03160367838115844819 0.06914535829327150829 0.01003289181098651270 
0.00000000099999999999 0.00000000099999999999 0.08725611334480182224 0.00000000099999999999 0.52985232798369319429 0.07614215093154029501 0.30674940373996456566 0.00000000099999999999 
0.10329113286188471021 0.10683515322043381224 0.05811159429186466691 0.00595991615467967445 0.70102064005094499866 0.00000000100000000000 0.02478156142019208308 0.00000000100000000000 
0.00000001954146468526 0.00202785970009320164 0.11501668416380059212 0.08102315765840467643 0.72538667875946927222 0.00000077367755305856 0.03585040130950854775 0.04069442518970606965 
0.02807425246457766893 0.13715382061415398729 0.07547959538635373722 0.00000000100000000000 0.59962547401831578497 0.03898212692464820411 0.12068472859195054914 0.00000000100000000000 
0.09897629311874898972 0.06051356795103855074 0.15300789514594620444 0.00493009655600678328 0.62695162300661899657 0.00928377486870290286 0.04633669455865311454 0.00000005479428440531 
0.09058443085060094435 0.08011826544139363793 0.06416619400423066721 0.00000000409933057702 0.76513110260444416877 0.00000000100000000000 0.00000000100000000000 0.00000000100000000000 
0.00036502203541644842 0.00000000100000000000 0.08074057442424772968 0.18007508734035745923 0.68137319176416988320 0.05344247930569941823 0.00400071360222164097 0.00000293052788736133 
0.07074942231520145453 0.00000001752504853609 0.14447752236958508187 0.00000005468177033902 0.73347562491902107418 0.02336134080790739156 0.02792408095274896696 0.00001193642871725474 
0.17194807669306214071 0.06074723721653326608 0.06879243344890138834 0.00012672900592245565 0.67873922173169365379 0.00575639787859912478 0.01388990302528798210 0.00000000100000000000 
0.11857332203067059984 0.00000009434586215389 0.00000525843678763748 0.00000000806950838749 0.80114380689522413093 0.00986044557706177230 0.02764323859985318849 0.04277382604503215946 
0.00000000100000000000 0.00000000100000000000 0.03587698182535033198 0.29730467577982233607 0.66552366864941825408 0.00000000100000000000 0.00129452635732629990 0.00000014438808274520 
0.00000000189103932836 0.00000247529213944503 0.12124032151396074708 0.14058244169004335822 0.64180355447642845057 0.02135416755307218556 0.03883741263780741970 0.03617962494550912983 
0.00358940584927556041 0.00400171020563822293 0.09431870985469710533 0.13616704108241148297 0.69882531557215143980 0.00014544512176545960 0.06123632623534950442 0.00171604607871125056 
0.00000064136757139942 0.06352227879522030773 0.02498965833303839340 0.10685335386893837772 0.73296896938224187501 0.01014517957211770460 0.06151991768087185231 0.00000000100000000000 
0.00000000100000000000 0.04173975262000120118 0.25289859903910011374 0.14626984218215172140 0.55857252980137472864 0.00000000100000000000 0.00000000100000000000 0.00051927335737218913 
0.00000000100000000000 0.00000000100000000000 0.05909249983891532582 0.06625795578188016510 0.47065453348338764927 0.06597527498453950590 0.32413268492041469315 0.01388704899086270518 
0.00000000100000000000 0.00000003146024587706 0.00000000100000000000 0.20071044291980222329 0.73203771417581764425 0.00000000100000000000 0.00000000100000000000 0.06725180744413442047 
0.02335490475528634313 0.00403215978549788419 0.00000000100000000000 0.18414461420119054846 0.74101942677211296573 0.00000000723106231515 0.00000000100000000000 0.04744888525484999148 
0.00000000100000000000 0.00054344063333524337 0.04847792354028193640 0.06070496878262544166 0.70852859182653349368 0.03486795184833300920 0.08074563663186368201 0.06613148573702713751 
0.09904556646582689250 0.00000000100000000000 0.13693910689053684360 0.00000000100000000000 0.69643515808435063619 0.02083896535596050856 0.00000000100000000000 0.04674120020332522135 
0.00000000928996653670 0.00000003398561323459 0.05288989688210939816 0.15378141848947252113 0.68526367170410618090 0.03425214610127300108 0.05422101131935470192 0.01959181222810449027 
0.08381134723501106054 0.04826152482461718018 0.00000000100000000000 0.19144593164866649526 0.67642764575259850535 0.00000000100000000000 0.00000000100000000000 0.00005354753910695382 
0.00000070870248860963 0.00000000100000000000 0.00000000100000000000 0.08594532465222504136 0.89002860790603255392 0.00000000100000000000 0.00000000100000000000 0.02402535473925390339 
0.00000000100000000000 0.00000118017457087767 0.07819259079479745633 0.07062602507322583711 0.74890004038436275291 0.01945047179120731190 0.05027108783480189330 0.03255860294703366575 
0.00000000099999999999 0.00000000099999999999 0.25322819140052338360 0.00000000099999999999 0.40935205367364851936 0.02118714737949988630 0.31623260354632815039 0.00000000099999999999 
0.00000000100000000000 0.00000000100000000000 0.09906892368603123500 0.15983090024287166520 0.64469695098774637554 0.04036549143255228900 0.05584513758151904428 0.00019259406927933033 
0.00110334021833507047 0.01993813617241135122 0.03192868310120552250 0.17502457213157252003 0.70930477702601091305 0.00000670849587691906 0.05895949919352651974 0.00373428366106118032 
0.04714075692067586781 0.00000000100000000000 0.10743885631001895420 0.00000000100000000000 0.68811929971951002472 0.05475688290482488146 0.04330061728677969679 0.05924358485819071485 
0.05431287235495849131 0.00000000135995180838 0.12900268891798596926 0.13538467836346113060 0.61078833715178615371 0.00441164898616429237 0.05199611040387483452 0.01410366246181723668 
0.02398436850285840319 0.00000079684268028623 0.00000748122355010653 0.15220937929249475640 0.74611928013083472777 0.01231874846021438312 0.04572774184430675182 0.01963220370306048915 
0.15049656143277398423 0.00000000100000000000 0.00000122664434160749 0.10942749202561205535 0.71080168121188092023 0.00000003831279452394 0.01170683605794762758 0.01756616331464936481 
0.00190852396932862699 0.00000000100000000000 0.14132975375544276631 0.08795987364807755782 0.66212929112728480252 0.02384308308066887538 0.06263697016036538778 0.02019250325883184538 
0.00109422695461524754 0.00001338305331348568 0.07203999195885049667 0.16321855059095244367 0.73672095455174058110 0.00406594333067754679 0.00299127156025215737 0.01985567799959800372 
0.00156871945513843074 0.00000000100000000000 0.14735765691505114949 0.08299237781060551933 0.65198646739583432375 0.00009714037267113220 0.05967643826691446801 0.05632119878378511607 
0.18299013515652609585 0.00000101476137650279 0.05835182043379322225 0.00000000100000000000 0.70053416868408413531 0.00354274759057384477 0.01964059863241212830 0.03493951374123397541 
0.20167704999426974699 0.04858034627350785173 0.00000000100000000000 0.00000500407458944648 0.74966490417493347742 0.00007269248269952360 0.00000000100000000000 0.00000000100000000000 
0.06313661372454287823 0.00000000100000000000 0.07082427795998785802 0.10586422643293753876 0.65001223631552995652 0.02178004904998647601 0.07080540163978595036 0.01757719387722951956 
0.23073937994633719750 0.00000000100000000000 0.00000000100000000000 0.00005655853958142555 0.72538050705784051786 0.00000001670508882840 0.00000000100000000000 0.04382353475115211006 
0.09886510713166178632 0.03991516601574181256 0.07844825725603539468 0.00072375431459793089 0.71078654457522538745 0.04753338377697099992 0.02234259317385331109 0.00138519375591340962 
0.17031934827824343759 0.03173681826356101326 0.00000025567262671967 0.00000000552808170440 0.68442114365167594503 0.07239660571037545567 0.04109418997699573056 0.00003163291843998967 
0.04161711251212662360 0.00000000100000000000 0.67822015456107942466 0.00000000100000000000 0.16265061867958924280 0.04273393403405294222 0.07477817721315184463 0.00000000100000000000 
0.00000000099999999999 0.00000000099999999999 0.99999999299999997593 0.00000000099999999999 0.00000000099999999999 0.00000000099999999999 0.00000000099999999999 0.00000000099999999999 
0.06768398975506859094 0.00011419005002286553 0.70222138914004583743 0.00000000100000000000 0.08529819506146057995 0.01884077617784491940 0.12584145781555733379 0.00000000100000000000 
0.00000000099999999998 0.00000000099999999998 0.99999999299999997593 0.00000000099999999998 0.00000000099999999998 0.00000000099999999998 0.00000000099999999998 0.00000000099999999998 
0.03143110612321602104 0.03891935585636058237 0.69126270809524892336 0.00000000100000000000 0.09531412473844802502 0.06912008508250590266 0.07395261810422056048 0.00000000100000000000 
0.00000000099999999999 0.00000000099999999999 0.99999999299999997593 0.00000000099999999999 0.00000000099999999999 0.00000000099999999999 0.00000000099999999999 0.00000000099999999999 
0.00000000099999999999 0.00000000099999999999 0.99999999299999997593 0.00000000099999999999 0.00000000099999999999 0.00000000099999999999 0.00000000099999999999 0.00000000099999999999 
0.00000000099999999998 0.00000000099999999998 0.99999999300000008695 0.00000000099999999998 0.00000000099999999998 0.00000000099999999998 0.00000000099999999998 0.00000000099999999998 
0.00000000099999999999 0.00000000099999999999 0.99999999300000008695 0.00000000099999999999 0.00000000099999999999 0.00000000099999999999 0.00000000099999999999 0.00000000099999999999 
0.00000000099999999999 0.00000000099999999999 0.99999999189489918727 0.00000000099999999999 0.00000000099999999999 0.00000000210510071858 0.00000000099999999999 0.00000000099999999999 
0.00000000099999999999 0.00000000099999999999 0.99999999299999997593 0.00000000099999999999 0.00000000099999999999 0.00000000099999999999 0.00000000099999999999 0.00000000099999999999 
0.00000000099999999999 0.00000000099999999999 0.99948733021905911134 0.00000000099999999999 0.00000000099999999999 0.00051266378094095687 0.00000000099999999999 0.00000000099999999999 
0.00000000099999999998 0.00000000099999999998 0.99999999300000008695 0.00000000099999999998 0.00000000099999999998 0.00000000099999999998 0.00000000099999999998 0.00000000099999999998 
0.00000000099999999998 0.00000000099999999998 0.99918290693537903380 0.00000000099999999998 0.00000000099999999998 0.00000000099999999998 0.00081708706462092729 0.00000000099999999998 
0.00000000099999999998 0.00000000099999999998 0.99999999299999997593 0.00000000099999999998 0.00000000099999999998 0.00000000099999999998 0.00000000099999999998 0.00000000099999999998 
0.00000000099999999998 0.00000000099999999998 0.99999999299999997593 0.00000000099999999998 0.00000000099999999998 0.00000000099999999998 0.00000000099999999998 0.00000000099999999998 
0.00000000099999999999 0.00000000099999999999 0.99999999299999997593 0.00000000099999999999 0.00000000099999999999 0.00000000099999999999 0.00000000099999999999 0.00000000099999999999 
0.00000000099999999999 0.00000000099999999999 0.89777408925633872538 0.00000000099999999999 0.00000000099999999999 0.00000000099999999999 0.10222590474366130553 0.00000000099999999999 
0.00000000099999999999 0.00000000099999999999 0.97229664440193019903 0.00000000099999999999 0.00000000099999999999 0.02770334959806986311 0.00000000099999999999 0.00000000099999999999 
0.08391483811431503514 0.05250669881502749436 0.41650487318624368482 0.10956480095550716336 0.21318234317180659310 0.01082287425877321088 0.11350356853687335046 0.00000000296145350913 
0.00000000099999999999 0.00000000099999999999 0.99999999299999997593 0.00000000099999999999 0.00000000099999999999 0.00000000099999999999 0.00000000099999999999 0.00000000099999999999 
0.00000000099999999997 0.00000000099999999997 0.99999999299999997593 0.00000000099999999997 0.00000000099999999997 0.00000000099999999997 0.00000000099999999997 0.00000000099999999997 
0.00000000099999999999 0.00000000099999999999 0.99999999300000008695 0.00000000099999999999 0.00000000099999999999 0.00000000099999999999 0.00000000099999999999 0.00000000099999999999 
0.00000000099999999999 0.00000020111884364022 0.97248480621807775748 0.00000000099999999999 0.00000000099999999999 0.00000000099999999999 0.00000000099999999999 0.02751498766307875973 
0.00000000099999999998 0.00000000099999999998 0.99999999300000008695 0.00000000099999999998 0.00000000099999999998 0.00000000099999999998 0.00000000099999999998 0.00000000099999999998 
0.00000000099999999999 0.00000000099999999999 0.99999999300000008695 0.00000000099999999999 0.00000000099999999999 0.00000000099999999999 0.00000000099999999999 0.00000000099999999999 
0.00000000099999999999 0.00000000099999999999 0.99999999299999997593 0.00000000099999999999 0.00000000099999999999 0.00000000099999999999 0.00000000099999999999 0.00000000099999999999 
0.00000000099999999999 0.00000000099999999999 0.97139954535268635549 0.02860044864731367542 0.00000000099999999999 0.00000000099999999999 0.00000000099999999999 0.00000000099999999999 
0.00000000099999999997 0.00000000099999999997 0.99999999300000008695 0.00000000099999999997 0.00000000099999999997 0.00000000099999999997 0.00000000099999999997 0.00000000099999999997 
0.04546213837510405115 0.00071318181073487714 0.69350651874126556518 0.00187632468949771886 0.14370329686860267016 0.04077120656571209256 0.07396733194908297615 0.00000000100000000000 
0.00000000099999999999 0.00000000099999999999 0.99999999299999997593 0.00000000099999999999 0.00000000099999999999 0.00000000099999999999 0.00000000099999999999 0.00000000099999999999 
0.00000000099999999996 0.00000000099999999996 0.13500058425948824326 0.00000000099999999996 0.00000000099999999996 0.86499940974051192644 0.00000000099999999996 0.00000000099999999996 
0.00000000099999999995 0.00000000099999999995 0.00000000099999999995 0.00000000099999999995 0.00000000099999999995 0.99999999300000008695 0.00000000099999999995 0.00000000099999999995 
0.00000000099999999994 0.00000000099999999994 0.00000000099999999994 0.00000000099999999994 0.00000000099999999994 0.99999999300000008695 0.00000000099999999994 0.00000000099999999994 
0.00000000099999999995 0.00000000099999999995 0.00000000099999999995 0.00000000099999999995 0.00000000099999999995 0.99999999299999997593 0.00000000099999999995 0.00000000099999999995 
0.00000000099999999994 0.00000000099999999994 0.00000000099999999994 0.00000000099999999994 0.00000000099999999994 0.99999999299999997593 0.00000000099999999994 0.00000000099999999994 
0.00000000099999999993 0.00000000099999999993 0.00000000099999999993 0.00000000099999999993 0.00000000099999999993 0.99999999300000008695 0.00000000099999999993 0.00000000099999999993 
0.00000000099999999994 0.00000000099999999994 0.00000000099999999994 0.00000000099999999994 0.00000000099999999994 0.99999999300000008695 0.00000000099999999994 0.00000000099999999994 
0.00000000099999999995 0.00000000099999999995 0.00000000099999999995 0.00000000099999999995 0.00000000099999999995 0.99999999300000008695 0.00000000099999999995 0.00000000099999999995 
0.00000000099999999993 0.00000000099999999993 0.00000000099999999993 0.00000000099999999993 0.00000000099999999993 0.99999999300000008695 0.00000000099999999993 0.00000000099999999993 
0.00000000099999999993 0.00000000099999999993 0.00000000099999999993 0.00000000099999999993 0.00000000099999999993 0.99999999299999997593 0.00000000099999999993 0.00000000099999999993 
0.00000000099999999994 0.00000000099999999994 0.00000000099999999994 0.00000000099999999994 0.00000000099999999994 0.99999999299999997593 0.00000000099999999994 0.00000000099999999994 
0.00000000099999999995 0.00000000099999999995 0.00000000099999999995 0.00000000099999999995 0.00000000099999999995 0.99999999299999997593 0.00000000099999999995 0.00000000099999999995 
0.00000000099999999999 0.00000000099999999999 0.00000000099999999999 0.00000000099999999999 0.00000000099999999999 0.37908726837201439652 0.62091272562798560664 0.00000000099999999999 
0.00000000099999999993 0.00000000099999999993 0.00000000099999999993 0.00000000099999999993 0.00000000099999999993 0.99999999300000008695 0.00000000099999999993 0.00000000099999999993 
0.00000000099999999994 0.00000000099999999994 0.00000000099999999994 0.00000000099999999994 0.00000000099999999994 0.99999999300000008695 0.00000000099999999994 0.00000000099999999994 
0.00000000099999999994 0.00000000099999999994 0.00000000099999999994 0.00000000099999999994 0.00000000099999999994 0.99999999300000008695 0.00000000099999999994 0.00000000099999999994 
0.00000000099999999996 0.00000000099999999996 0.00000000099999999996 0.00000000099999999996 0.00000000099999999996 0.99999999299999997593 0.00000000099999999996 0.00000000099999999996 
0.00000000099999999994 0.00000000099999999994 0.00000000099999999994 0.00000000099999999994 0.00000000099999999994 0.99999999299999997593 0.00000000099999999994 0.00000000099999999994 
0.00000000099999999993 0.00000000099999999993 0.00000000099999999993 0.00000000099999999993 0.00000000099999999993 0.99999999299999997593 0.00000000099999999993 0.00000000099999999993 
0.00000000099999999994 0.00000000099999999994 0.00000000099999999994 0.00000000099999999994 0.00000000099999999994 0.99999999300000008695 0.00000000099999999994 0.00000000099999999994 
0.00000000099999999999 0.00000000099999999999 0.00000000099999999999 0.00000000099999999999 0.00000000099999999999 0.54593178168989198173 0.45406821231010802142 0.00000000099999999999 
0.00000000099999999994 0.00000000099999999994 0.00000000099999999994 0.00000000099999999994 0.00000000099999999994 0.99999999300000008695 0.00000000099999999994 0.00000000099999999994 
0.00000000099999999999 0.00000000099999999999 0.00000000099999999999 0.00000000099999999999 0.00000000099999999999 0.59540871172013754009 0.40459128227986251858 0.00000000099999999999 
0.00000000099999999994 0.00000000099999999994 0.00000000099999999994 0.00000000099999999994 0.00000000099999999994 0.99999999299999997593 0.00000000099999999994 0.00000000099999999994 
0.00000000099999999995 0.00000000099999999995 0.00000000099999999995 0.00000000099999999995 0.00000000099999999995 0.99999999299999997593 0.00000000099999999995 0.00000000099999999995 
0.00000000099999999992 0.00000000099999999992 0.00000000099999999992 0.00000000099999999992 0.00000000099999999992 0.99999999300000008695 0.00000000099999999992 0.00000000099999999992 
0.18664813850635214587 0.47289710174323679182 0.01627462689611496038 0.00000000100000000000 0.00000000100000000000 0.00000000100000000000 0.00000000100000000000 0.32418012885429625669 
0.51898610763348318464 0.00000000099999999999 0.00000000099999999999 0.48101388636651692954 0.00000000099999999999 0.00000000099999999999 0.00000000099999999999 0.00000000099999999999 
0.00000000099999999997 0.00000000099999999997 0.00000000099999999997 0.99999999299999997593 0.00000000099999999997 0.00000000099999999997 0.00000000099999999997 0.00000000099999999997 
0.00000000099999999998 0.93301109651256253219 0.00000000099999999998 0.00000000099999999998 0.00000000099999999998 0.00000000099999999998 0.00000000099999999998 0.06698889748743773465 
0.00000000099999999997 0.00000000099999999997 0.00000000099999999997 0.99999999299999997593 0.00000000099999999997 0.00000000099999999997 0.00000000099999999997 0.00000000099999999997 
0.42645815971906209096 0.00146887638801021883 0.00000000099999999999 0.57207295889292786306 0.00000000099999999999 0.00000000099999999999 0.00000000099999999999 0.00000000099999999999 
0.36060582562934573314 0.00000000099999999999 0.00000000099999999999 0.63939416837065432553 0.00000000099999999999 0.00000000099999999999 0.00000000099999999999 0.00000000099999999999 
0.37038356561274016210 0.00000000100000000000 0.00000000100000000000 0.57182373032238709154 0.00433263014091683166 0.00000000100000000000 0.00000000100000000000 0.05346006992395594543 
0.00000000099999999997 0.00000000099999999997 0.00000000099999999997 0.99999999300000008695 0.00000000099999999997 0.00000000099999999997 0.00000000099999999997 0.00000000099999999997 
0.00000000099999999998 0.00000000099999999998 0.00000000099999999998 0.99999999299999997593 0.00000000099999999998 0.00000000099999999998 0.00000000099999999998 0.00000000099999999998 
0.00000000099999999997 0.00000000099999999997 0.00000000099999999997 0.99999999299999997593 0.00000000099999999997 0.00000000099999999997 0.00000000099999999997 0.00000000099999999997 
0.45757042339791470509 0.00000076058277123730 0.00000000099999999999 0.54242881101931417209 0.00000000099999999999 0.00000000099999999999 0.00000000099999999999 0.00000000099999999999 
0.30360531442878213593 0.49591803600288969500 0.00803504236674010101 0.04227278786928492793 0.03606668371279164037 0.00000000100000000000 0.00000000100000000000 0.11410213361951161704 
0.21142166440371806813 0.09762806826757394751 0.02464125510069338498 0.40712574734559786593 0.25463528025115744757 0.00000000100000000000 0.00454798263125932248 0.00000000100000000000 
0.40779778096030955270 0.00000000099999999999 0.00000000099999999999 0.55222960484750849286 0.00000000099999999999 0.00000000099999999999 0.00000000099999999999 0.03997260919218190850 
0.32511051044834571311 0.00000000099999999999 0.00000000099999999999 0.61380618677357767776 0.00000000099999999999 0.00000000099999999999 0.00000000099999999999 0.06108329777807659094 
0.46340510935877210486 0.00000000100000000000 0.00000000100000000000 0.51423834017020508824 0.00000000100000000000 0.00238886831648826240 0.00000000100000000000 0.01996767815453460299 
0.99999999300000008695 0.00000000099999999993 0.00000000099999999993 0.00000000099999999993 0.00000000099999999993 0.00000000099999999993 0.00000000099999999993 0.00000000099999999993 
0.00000000099999999990 0.00000000099999999990 0.00000000099999999990 0.00000000099999999990 0.00000000099999999990 0.00000000099999999990 0.00000000099999999990 0.99999999299999997593 
0.99999999300000019797 0.00000000099999999993 0.00000000099999999993 0.00000000099999999993 0.00000000099999999993 0.00000000099999999993 0.00000000099999999993 0.00000000099999999993 
0.11671881530304795138 0.65325112459725165337 0.00000000100000000000 0.00000000100000000000 0.00000000718978873814 0.00812242877793867973 0.00000000272687867050 0.22190761940509420858 
0.00000000099999999998 0.99999999300000008695 0.00000000099999999998 0.00000000099999999998 0.00000000099999999998 0.00000000099999999998 0.00000000099999999998 0.00000000099999999998 
0.48897428503837792046 0.00000000203668787794 0.00000000099999999999 0.51102570792493440255 0.00000000099999999999 0.00000000099999999999 0.00000000099999999999 0.00000000099999999999 
0.99999999300000019797 0.00000000099999999993 0.00000000099999999993 0.00000000099999999993 0.00000000099999999993 0.00000000099999999993 0.00000000099999999993 0.00000000099999999993 
0.12283020915169959308 0.62494416509928918391 0.00131031259530413140 0.00000084853012896746 0.00000001416672939040 0.00820818061424488134 0.00000000100000000000 0.24270626884260407263 
0.44089245255876274854 0.04117205855495354588 0.00000000099999999999 0.51793548388628385393 0.00000000099999999999 0.00000000099999999999 0.00000000099999999999 0.00000000099999999999 
0.55915524090477841668 0.00000000099999999999 0.00000000099999999999 0.44084475309522164199 0.00000000099999999999 0.00000000099999999999 0.00000000099999999999 0.00000000099999999999 
0.08243939669253963487 0.65959856168475416993 0.00000000099999999999 0.00000000099999999999 0.00000000305975441558 0.00000000099999999999 0.00000000099999999999 0.25796203456295185852 
0.44716083047368515579 0.00000004250420825005 0.00000000099999999999 0.55283912202210661047 0.00000000099999999999 0.00000000099999999999 0.00000000099999999999 0.00000000099999999999 
0.00000000099999999997 0.00000000099999999997 0.00000000099999999997 0.99999999299999997593 0.00000000099999999997 0.00000000099999999997 0.00000000099999999997 0.00000000099999999997 
0.00000000099999999997 0.99999999300000019797 0.00000000099999999997 0.00000000099999999997 0.00000000099999999997 0.00000000099999999997 0.00000000099999999997 0.00000000099999999997 
0.47725290062492864429 0.00000000099999999999 0.00000000099999999999 0.52274675433388007040 0.00000000099999999999 0.00000000099999999999 0.00000000099999999999 0.00000034004119135386 
0.15612550726516360999 0.55827544700234199571 0.00000000099999999999 0.00000000099999999999 0.00000000099999999999 0.00000000099999999999 0.00000000099999999999 0.28559904073249459122 
0.00000000099999999998 0.99999999300000008695 0.00000000099999999998 0.00000000099999999998 0.00000000099999999998 0.00000000099999999998 0.00000000099999999998 0.00000000099999999998 
0.12277385097350532184 0.58632001221130269908 0.00000000099999999999 0.00000001428859010486 0.00082935806843144777 0.00000000099999999999 0.00000000099999999999 0.29007676145817046232 
0.00021292186300217293 0.77889485863804686083 0.00000000099999999999 0.00000000099999999999 0.00000000099999999999 0.00000000099999999999 0.00000000099999999999 0.22089221449895118932 
0.00000000099999999997 0.00000000099999999997 0.00000000099999999997 0.99999999300000008695 0.00000000099999999997 0.00000000099999999997 0.00000000099999999997 0.00000000099999999997 
0.37243363512175597929 0.00000000100000000000 0.00000000100000000000 0.62721971877957716224 0.00014292848356650011 0.00000000100000000000 0.00020371361510027215 0.00000000100000000000 
0.99999999300000008695 0.00000000099999999993 0.00000000099999999993 0.00000000099999999993 0.00000000099999999993 0.00000000099999999993 0.00000000099999999993 0.00000000099999999993 
0.99999999300000019797 0.00000000099999999994 0.00000000099999999994 0.00000000099999999994 0.00000000099999999994 0.00000000099999999994 0.00000000099999999994 0.00000000099999999994 
0.44597500402232670424 0.12732399003897740264 0.00000000099999999999 0.42670100093869600677 0.00000000099999999999 0.00000000099999999999 0.00000000099999999999 0.00000000099999999999 
0.12499471753779319017 0.52191730044025674840 0.00946816826473487888 0.07984919342993150593 0.00000000100000000000 0.00000000100000000000 0.04283751376255751780 0.22093310456472622927 
0.00000000099999999998 0.00000000099999999998 0.00000000099999999998 0.99999999299999997593 0.00000000099999999998 0.00000000099999999998 0.00000000099999999998 0.00000000099999999998 
0.40899272277012410637 0.00000001028588334968 0.00000000099999999999 0.53896487594315922731 0.00000000099999999999 0.00000000099999999999 0.00000000099999999999 0.05204238700083322483 
0.52942968992333061529 0.00000000099999999998 0.00000000099999999998 0.46996081145506779508 0.00000000099999999998 0.00000000099999999998 0.00000000099999999998 0.00060949362160181431 
0.29643105144130532658 0.23880049206215836488 0.02822110421419503704 0.24928651156350134510 0.00000000099999999999 0.00000000099999999999 0.00000000099999999999 0.18726083771884008411 
0.13844443555920746269 0.43418545568679400848 0.00000020188185786562 0.23385386966686139143 0.00000000100000000000 0.00481212681320236906 0.01182506296582241066 0.17687884642625448239 
0.49441806551022582372 0.00000055833159525393 0.00000000099999999999 0.47831239068800540659 0.00000000099999999999 0.00000000099999999999 0.00000000099999999999 0.02726898147017365118 
0.43914263038990430932 0.00008667806096569250 0.00000000100000000000 0.56076570993001950693 0.00000000100000000000 0.00000000100000000000 0.00000000100000000000 0.00000497761911054449 
0.13118038351146016351 0.43594973615620047358 0.00000000099999999999 0.17488934674785244772 0.00000000099999999999 0.00000000099999999999 0.00000000099999999999 0.25798052958448719485 
0.00000000099999999998 0.99999999300000008695 0.00000000099999999998 0.00000000099999999998 0.00000000099999999998 0.00000000099999999998 0.00000000099999999998 0.00000000099999999998 
0.16257045721125618076 0.51287741297511235672 0.01256430509266144233 0.11496245632474702547 0.00390771664800293808 0.00000000100000000000 0.00000000100000000000 0.19311764974822012708 
0.48289555902441327895 0.00000000099999999999 0.00000000099999999999 0.49971733208266538862 0.00000000099999999999 0.00000000099999999999 0.00000000099999999999 0.01738710389292131772 
0.33157973457755846036 0.09422518214994925201 0.00000000099999999999 0.57419507827249238741 0.00000000099999999999 0.00000000099999999999 0.00000000099999999999 0.00000000099999999999 
0.00000000099999999998 0.00000000099999999998 0.00000000099999999998 0.99999999300000008695 0.00000000099999999998 0.00000000099999999998 0.00000000099999999998 0.00000000099999999998 
0.00000000099999999999 0.61779451900517712293 0.00000000099999999999 0.14799953089657069683 0.00000000099999999999 0.00000000099999999999 0.00000000099999999999 0.23420594509825229390 
0.15986345481619884668 0.60087707697778003357 0.00000000100000000000 0.00013481644858708429 0.00000000100000000000 0.00241268955381906828 0.00000000100000000000 0.23671195920361509657 
0.33364043884518840288 0.01450204816412394709 0.00000000100000000000 0.65184017376643277331 0.00000000100000000000 0.00000000100000000000 0.00000000100000000000 0.00001733522425495487 
0.99999999300000019797 0.00000000099999999994 0.00000000099999999994 0.00000000099999999994 0.00000000099999999994 0.00000000099999999994 0.00000000099999999994 0.00000000099999999994 
0.53790760440924745289 0.00000000099999999999 0.00000000099999999999 0.46209238959075277231 0.00000000099999999999 0.00000000099999999999 0.00000000099999999999 0.00000000099999999999 
0.53738650940282284285 0.00000000099999999999 0.00000000099999999999 0.46261348459717727133 0.00000000099999999999 0.00000000099999999999 0.00000000099999999999 0.00000000099999999999 
0.99999999300000019797 0.00000000099999999992 0.00000000099999999992 0.00000000099999999992 0.00000000099999999992 0.00000000099999999992 0.00000000099999999992 0.00000000099999999992 
0.99999999300000008695 0.00000000099999999994 0.00000000099999999994 0.00000000099999999994 0.00000000099999999994 0.00000000099999999994 0.00000000099999999994 0.00000000099999999994 
