0.22656584049792360958 0.40085055242208994519 0.00001315955497278487 0.00000001158409778037 0.02929177972579906711 0.00142098337317172053 0.03064566309277151276 0.31121200974917351267 
0.99999999300000008695 0.00000000099999999980 0.00000000099999999980 0.00000000099999999980 0.00000000099999999980 0.00000000099999999980 0.00000000099999999980 0.00000000099999999980 
0.00000000099999999999 0.28158610215284585188 0.00000000099999999999 0.00000000099999999999 0.00000000099999999999 0.00000000099999999999 0.00000000099999999999 0.71841389184715398475 
0.00000000099999999998 0.00000000099999999998 0.00000000099999999998 0.00000000099999999998 0.00000000099999999998 0.00000000099999999998 0.00000000099999999998 0.99999999299999997593 
0.28119136734922517418 0.68284538546968276407 0.00000000100000000000 0.03596139384645801601 0.00000000100000000000 0.00000184933463411678 0.00000000100000000000 0.00000000100000000000 
0.00000000099999999999 0.42491189802016265942 0.00000000099999999999 0.00000000099999999999 0.00000000099999999999 0.00000000099999999999 0.00000000099999999999 0.57508809597983723272 
0.17621336868733036840 0.53534556688993739648 0.00474957993879149276 0.00000000100000000000 0.00000000100000000000 0.13627344516207823277 0.00003502908323368487 0.14738300823862898747 
0.15056808056577308808 0.45850009619030335228 0.00000000100000000000 0.00000000100000000000 0.00000000100000000000 0.00000000100000000000 0.00298828575965563075 0.38794353348426791062 
0.20018364860632395508 0.47455522797680882441 0.03679060466671695007 0.00000000100000000000 0.00000001181919810898 0.00000000100000000000 0.04311471641775296154 0.24535578851319930771 
0.21289845267257964667 0.49321746358349577433 0.00000000100000000000 0.01416090333383753473 0.00000000796192424720 0.00019015713700010043 0.04739641589242605396 0.23213659841873676704 
0.00000000099999999996 0.99999999300000008695 0.00000000099999999996 0.00000000099999999996 0.00000000099999999996 0.00000000099999999996 0.00000000099999999996 0.00000000099999999996 
0.27084987052161940690 0.72915010022442505733 0.00000000099999999999 0.00000000099999999999 0.00000000099999999999 0.00000000099999999999 0.00000000099999999999 0.00000002425395566717 
0.22397670681021400463 0.44586065757379111929 0.00000000772961378961 0.00000000100000000000 0.00000000100000000000 0.00000000100000000000 0.00000000100000000000 0.33016262388638117908 
0.00000000099999999999 0.26054258573026167767 0.00000000099999999999 0.00000000099999999999 0.00000000099999999999 0.00000000099999999999 0.00000000099999999999 0.73945740826973804793 
0.09675633466823733986 0.42724081662126422998 0.00000000100000000000 0.00000000100000000000 0.02966013656131437359 0.00001926561221094739 0.00000430140400499527 0.44631914313296816577 
0.20761848412585043322 0.46574127531428433091 0.07004620624322040190 0.02781773065592836949 0.00000000100000000000 0.00000022263748968076 0.00000000100000000000 0.22877607902322677491 
0.00000000099999999995 0.99999999300000019797 0.00000000099999999995 0.00000000099999999995 0.00000000099999999995 0.00000000099999999995 0.00000000099999999995 0.00000000099999999995 
0.20973210220210244947 0.41605180893759047267 0.07353687843495340659 0.00000040060616354900 0.00689467381719969727 0.00026618119296834377 0.00000000100000000000 0.29351795380902218069 
0.22383805025283085022 0.42176190382425399195 0.00873557263699871640 0.00000287774339424253 0.08053630869504770085 0.00000000100000000000 0.00000000100000000000 0.26512528484747460711 
0.00000000099999999998 0.99999998893479269402 0.00000000110225812712 0.00000000099999999998 0.00000000496294928572 0.00000000099999999998 0.00000000099999999998 0.00000000099999999998 
0.17863923501623871215 0.49399432550291383359 0.00000000100000000000 0.02164059042856670070 0.03185185327461365068 0.00000047773595889910 0.00000000100000000000 0.27387351604170823149 
0.27813248703594611877 0.72186750696405399541 0.00000000099999999999 0.00000000099999999999 0.00000000099999999999 0.00000000099999999999 0.00000000099999999999 0.00000000099999999999 
0.00000000099999999997 0.99999999300000008695 0.00000000099999999997 0.00000000099999999997 0.00000000099999999997 0.00000000099999999997 0.00000000099999999997 0.00000000099999999997 
0.99999999300000019797 0.00000000099999999990 0.00000000099999999990 0.00000000099999999990 0.00000000099999999990 0.00000000099999999990 0.00000000099999999990 0.00000000099999999990 
0.22267490474607748441 0.38742941226668703436 0.06447154716630758287 0.00859019379754263034 0.00002270321452145449 0.00853369930517721732 0.00000000100000000000 0.30827753850368655453 
0.16412953642939101528 0.44608787656744597339 0.04616388639793790605 0.00000000100000000000 0.00000000100000000000 0.00000000100000000000 0.02768907386185876299 0.31592962374336647224 
0.00000000099999999996 0.99999999300000019797 0.00000000099999999996 0.00000000099999999996 0.00000000099999999996 0.00000000099999999996 0.00000000099999999996 0.00000000099999999996 
0.28245697479182579892 0.48002156985432087311 0.00000184561281098955 0.01655365853536951495 0.00918647381915901201 0.00000007110481225058 0.03455878299039865514 0.17722062329130292002 
0.21369204942550926174 0.53026475351183666174 0.00001610766788141887 0.01923689361841186482 0.04438393941146153571 0.00000000100000000000 0.00000000100000000000 0.19240625436489944278 
0.99999999300000008695 0.00000000099999999994 0.00000000099999999994 0.00000000099999999994 0.00000000099999999994 0.00000000099999999994 0.00000000099999999994 0.00000000099999999994 
0.18407669081066890815 0.46518816010769958869 0.00209981860873678606 0.02121542997117427734 0.01259019762326448605 0.00000000100000000000 0.00270144459223034235 0.31212825728622572985 
0.00217535621625662224 0.49390270589845941540 0.09974284897176587117 0.00000000099999999999 0.00000000099999999999 0.00000000099999999999 0.00000000099999999999 0.40417908491351822731 
0.19614898133534638958 0.53092788251239808606 0.08318380957264721876 0.04673418269989552259 0.00058148114615383514 0.00000000100000000000 0.00838293851521803961 0.13404072321834081816 
0.99999999300000019797 0.00000000099999999992 0.00000000099999999992 0.00000000099999999992 0.00000000099999999992 0.00000000099999999992 0.00000000099999999992 0.00000000099999999992 
0.08193301847093853452 0.31144029652724602997 0.00005408843742096199 0.00000000100000000000 0.00054445940781957809 0.00000000100000000000 0.03722026080360377881 0.56880787435297097687 
0.21885109309337533179 0.46734373270314294446 0.00000000297969253088 0.03111274115239196988 0.03812663743957150908 0.00881536203052548165 0.03656241067255276006 0.19918801992874754503 
0.99999999300000008695 0.00000000099999999981 0.00000000099999999981 0.00000000099999999981 0.00000000099999999981 0.00000000099999999981 0.00000000099999999981 0.00000000099999999981 
0.14575060185740285057 0.43457003928195686582 0.00000000100000000000 0.01258462005920509864 0.02789019701587861291 0.00000000100000000000 0.01296829146061769834 0.36623624832493895109 
0.00000000099999999991 0.99999999300000019797 0.00000000099999999991 0.00000000099999999991 0.00000000099999999991 0.00000000099999999991 0.00000000099999999991 0.00000000099999999991 
0.27163147671817022832 0.72836851728182983035 0.00000000099999999999 0.00000000099999999999 0.00000000099999999999 0.00000000099999999999 0.00000000099999999999 0.00000000099999999999 
0.25745964307789415138 0.74254035092210590729 0.00000000099999999999 0.00000000099999999999 0.00000000099999999999 0.00000000099999999999 0.00000000099999999999 0.00000000099999999999 
0.22576819754887447744 0.34092477047101960030 0.12162244068477127967 0.00997286078907445514 0.00000000100000000000 0.00005669123486971840 0.00000000100000000000 0.30165503727139059142 
0.13307240748425294696 0.48820186129010856302 0.00000000100000000000 0.00000000100000000000 0.00868429644805952285 0.00000000100000000000 0.03215746235800840541 0.33788396941957060671 
0.15732989787977597063 0.41307088645302825203 0.00014459079430162274 0.00002586128120286462 0.03535592855741345047 0.00000000100000000000 0.01361911332309965160 0.38045372071117816715 
0.20624434723137102798 0.50489015754294097604 0.02300067531884454272 0.00000000100000000000 0.00000001306074135950 0.01469159551010527053 0.00204335544344363441 0.24912985489255307092 
0.99999999300000019797 0.00000000099999999992 0.00000000099999999992 0.00000000099999999992 0.00000000099999999992 0.00000000099999999992 0.00000000099999999992 0.00000000099999999992 
0.32653286078651644342 0.32079933052418080353 0.04218011748696507551 0.00000000100000000000 0.02283893472820466494 0.03299492170841895194 0.00000000100000000000 0.25465383276571396109 
0.21662057508743698397 0.41960264544875253145 0.04978063886883984240 0.01596143233414042822 0.00000913923047761971 0.01251311515391920898 0.03744998188367272551 0.24806247199276046378 
0.22046900249803952354 0.41162662802996807798 0.00430739206387889800 0.00000000100000000000 0.04814376810430145287 0.09498018120323566127 0.00006432270347291208 0.22040870439710347206 
0.00000000099999999998 0.35325539511154208094 0.00000000099999999998 0.00000000099999999998 0.00000000099999999998 0.00003306862448419164 0.00000000099999999998 0.64671153126397362687 
0.24795060266927443360 0.47027332359500922943 0.06080246814718767712 0.03488013544705101387 0.00000319709047954340 0.00810316555048879415 0.00019163091662879729 0.17779547658388064613 
0.99999999300000008695 0.00000000099999999994 0.00000000099999999994 0.00000000099999999994 0.00000000099999999994 0.00000000099999999994 0.00000000099999999994 0.00000000099999999994 
0.18316954923950481970 0.38326055907938333389 0.00000000100000000000 0.00000265697997069980 0.00281155117047529558 0.00000000100000000000 0.03583444119284059926 0.39492124033782538550 
0.26721872887171016497 0.54187718107109950072 0.04559109165068800373 0.00000000260510550567 0.01301135825091698922 0.06469069093769837242 0.00008653360570247942 0.06752441300707906491 
0.11688473596495141393 0.22227517360560983262 0.00000000100000000000 0.01434043410133801523 0.00000000100000000000 0.03109018699679241132 0.00000000100000000000 0.61540946633130821919 
0.30359776315901859656 0.57273164239050544655 0.00000000100000000000 0.09080672375531040341 0.01170317848649349290 0.00000000100000000000 0.02116068920867210379 0.00000000100000000000 
0.99999999300000008695 0.00000000099999999991 0.00000000099999999991 0.00000000099999999991 0.00000000099999999991 0.00000000099999999991 0.00000000099999999991 0.00000000099999999991 
0.17064800703042781738 0.37755860882831937531 0.00408204657608862622 0.03220579674867833642 0.01871733892046316752 0.00000000100000000000 0.00000000100000000000 0.39678819989602265306 
0.99999999300000008695 0.00000000099999999993 0.00000000099999999993 0.00000000099999999993 0.00000000099999999993 0.00000000099999999993 0.00000000099999999993 0.00000000099999999993 
0.19387614091460203536 0.33567500102585318134 0.04221952814462315295 0.05698720800985940249 0.10621720021948022339 0.00000000100000000000 0.03233015993881942912 0.23269476074676270771 
0.28245361608060154390 0.71751328938745029262 0.00003292744812585296 0.00000000100000000000 0.00000000100000000000 0.00000016308382235400 0.00000000100000000000 0.00000000100000000000 
0.00000000099999999995 0.99999999300000008695 0.00000000099999999995 0.00000000099999999995 0.00000000099999999995 0.00000000099999999995 0.00000000099999999995 0.00000000099999999995 
0.00000000099999999997 0.99999999300000008695 0.00000000099999999997 0.00000000099999999997 0.00000000099999999997 0.00000000099999999997 0.00000000099999999997 0.00000000099999999997 
0.21494616769264021650 0.78505377483876992439 0.00000000209670770684 0.00000000099999999999 0.00000000099999999999 0.00000000099999999999 0.00000005137188218988 0.00000000099999999999 
0.08890816842700408063 0.37689625980609786637 0.02996123890751230257 0.00001357959129467365 0.00968064662015055352 0.02664962242627627945 0.00365488401525929964 0.46423560020640508572 
0.17820165933263798497 0.32813937563741391035 0.00000000100000000000 0.00001860415125264821 0.00211933090777281351 0.00000000100000000000 0.00252560398685857746 0.48899542398406425914 
0.00000000099999999998 0.00000000099999999998 0.00000000099999999998 0.00000000099999999998 0.00000000099999999998 0.00000000099999999998 0.00000000099999999998 0.99999999299999997593 
0.20645920293573816195 0.45477606337437748163 0.07633314712116513745 0.00749929933283097032 0.00000000112828900028 0.07171637808300661276 0.01554796847821540706 0.16766793954637712605 
0.23250218349761822556 0.42849777144808515184 0.01972134822673268090 0.00000000100000000000 0.04663038745288834719 0.04327303461043820187 0.00000330888821266487 0.22937196487602470873 
0.23360592695238324712 0.45335254151434428715 0.00000000100000000000 0.00831236793902548517 0.03000662864371211186 0.02703442221122189307 0.00016066212619062449 0.24752744961312250771 
0.12564642458171659811 0.36918446456654907539 0.19870116101944107490 0.01931185862081324228 0.00000000100000000000 0.01061747926346000639 0.00000000100000000000 0.27653860994802004214 
0.04243310944065242785 0.12482286495267609638 0.04542402300367824608 0.00000000100000000000 0.33291465791849306211 0.00000000100000000000 0.06371703298302296148 0.39068830970147711001 
0.00000000099999999999 0.27869046839362504597 0.00000000099999999999 0.00000000099999999999 0.00000000099999999999 0.00000000099999999999 0.00000000099999999999 0.72130952560637473514 
0.00000000099999999999 0.35780737751786145795 0.00000000099999999999 0.00000001840445173318 0.00000000099999999999 0.00000000099999999999 0.00000000099999999999 0.64219259907768666551 
0.19694241871226017548 0.42872654485455818918 0.00025513985069566364 0.02512233997479462744 0.06076428217439334978 0.00000000100000000000 0.02346310421498361970 0.26472616921831426673 
0.16007937030143787327 0.47318412496395906297 0.06644381685902134294 0.01156950929278494772 0.00000000100000000000 0.00000000100000000000 0.01113664343067141856 0.27758653315212533652 
0.16863068839184258696 0.43634049388666806824 0.00114509604650091983 0.00000000100000000000 0.03775010488387947616 0.01463172894528781860 0.02493881492391803595 0.31656307192190319411 
0.00000000099999999999 0.28233147842944761319 0.00000000099999999999 0.00000000099999999999 0.00000000099999999999 0.07493137722000418888 0.00000000099999999999 0.64273713935054799240 
0.00000000099999999994 0.99999999300000008695 0.00000000099999999994 0.00000000099999999994 0.00000000099999999994 0.00000000099999999994 0.00000000099999999994 0.00000000099999999994 
0.23694543990563196600 0.42947016599422788152 0.01231684183289379064 0.00032773124829768948 0.03868124020580324812 0.00000000100000000000 0.01052236619801541311 0.27173621361513028427 
0.64422907378125171540 0.00000000099999999998 0.00028782980007667383 0.00000000099999999998 0.35548309141867162619 0.00000000099999999998 0.00000000099999999998 0.00000000099999999998 
0.00000000099999999997 0.99999999300000008695 0.00000000099999999997 0.00000000099999999997 0.00000000099999999997 0.00000000099999999997 0.00000000099999999997 0.00000000099999999997 
0.13294019420834071732 0.39269942269502106091 0.00014570617932151012 0.00000000100000000000 0.03743824791705452348 0.02664643086189668469 0.00000000350032782932 0.41012999363803764874 
0.99999999300000008695 0.00000000099999999995 0.00000000099999999995 0.00000000099999999995 0.00000000099999999995 0.00000000099999999995 0.00000000099999999995 0.00000000099999999995 
0.18423407483240708538 0.35184216380282717918 0.07217740644983899889 0.00000000100000000000 0.03711301340876911603 0.06820611313409584431 0.00007071238151638218 0.28635651499054554092 
0.00000000100000000000 0.53440758905481866581 0.00000000100000000000 0.00000000100000000000 0.00936956172464899900 0.00000000100000000000 0.00000000378599894948 0.45622284143453356586 
0.00000000099999999998 0.00000000099999999998 0.00000000099999999998 0.00000000099999999998 0.00000000099999999998 0.00000000099999999998 0.00000000099999999998 0.99999999299999997593 
0.26889989215427673175 0.63589940107929288082 0.05141940094411009965 0.00000000100000000000 0.02333349924725366953 0.00564456460122273167 0.01480323997384376360 0.00000000100000000000 
0.09370133004049729930 0.42684606915487222079 0.01820739887178246183 0.00000000100000000000 0.00000002189664549304 0.00000000100000000000 0.00000095754420080510 0.46124422049200181073 
0.18524371940037803741 0.37873032018538760335 0.09409176944170931367 0.01847893267848092075 0.04165241558499366975 0.00000005749116529577 0.00000014558360700176 0.28180263963427826246 
0.00000000100000000000 0.52772296440501753612 0.00061450057785343516 0.00000000100000000000 0.00000000108244576743 0.00000000100000000000 0.00000027683511768097 0.47166225409956569203 
0.00000000099999999999 0.35249799298359230093 0.00000000099999999999 0.00000000099999999999 0.00000000099999999999 0.00000000099999999999 0.00000000099999999999 0.64750200101640753569 
0.16686566594637783356 0.39503923925473194423 0.02084526547827665957 0.00000000100000000000 0.05259552482755095598 0.04609201735805269068 0.01767430543223238310 0.30088798070277755770 
0.10941048120614443873 0.00000000099999999999 0.00000000099999999999 0.00000000099999999999 0.00000000099999999999 0.00000000099999999999 0.00000000099999999999 0.89058951279385545341 
0.23940142954314541646 0.47932694013287985291 0.01910377095826971267 0.00036760179101343803 0.00006227047748339740 0.00000000129524845182 0.03619544888832466889 0.22554253691363493339 
0.20712887544413585705 0.44076541091672760686 0.00000000100000000000 0.00034050456038036585 0.00495921691176522735 0.07293975340519598394 0.05321552095246618458 0.22065071680932885068 
0.07003418097259456188 0.17061857439947419879 0.66232512257094977581 0.00000000100000000000 0.06448767374121358587 0.00000000100000000000 0.03253444531576792781 0.00000000100000000000 
0.00000000099999999999 0.00000000099999999999 0.99999999299999997593 0.00000000099999999999 0.00000000099999999999 0.00000000099999999999 0.00000000099999999999 0.00000000099999999999 
0.07127474858242578704 0.10865443436696432811 0.68558959320328860532 0.00065967163788287089 0.11399016935935157857 0.01290312144578640782 0.00692826040430024985 0.00000000100000000000 
0.00000000099999999998 0.00000000099999999998 0.99999999299999997593 0.00000000099999999998 0.00000000099999999998 0.00000000099999999998 0.00000000099999999998 0.00000000099999999998 
0.00000000100000000000 0.20298358903922048002 0.67885071020255793872 0.00000000100000000000 0.05023930037244321578 0.00000000100000000000 0.06792639638577846473 0.00000000100000000000 
0.00000000099999999999 0.00000000099999999999 0.99999999299999997593 0.00000000099999999999 0.00000000099999999999 0.00000000099999999999 0.00000000099999999999 0.00000000099999999999 
0.00000000099999999999 0.00000000099999999999 0.99999999299999997593 0.00000000099999999999 0.00000000099999999999 0.00000000099999999999 0.00000000099999999999 0.00000000099999999999 
0.00000000099999999998 0.00000000099999999998 0.99999999300000008695 0.00000000099999999998 0.00000000099999999998 0.00000000099999999998 0.00000000099999999998 0.00000000099999999998 
0.00000000099999999999 0.00000000099999999999 0.99999999299999997593 0.00000000099999999999 0.00000000099999999999 0.00000000099999999999 0.00000000099999999999 0.00000000099999999999 
0.00000000099999999999 0.00000000099999999999 0.99999999299999997593 0.00000000099999999999 0.00000000099999999999 0.00000000099999999999 0.00000000099999999999 0.00000000099999999999 
0.10436443787618789047 0.00000000100000000000 0.80883053032103002788 0.00000000100000000000 0.06853470421624660580 0.00000000100000000000 0.01827032358653546754 0.00000000100000000000 
0.00000000099999999999 0.00000000099999999999 0.99999278333187768819 0.00000000099999999999 0.00000000099999999999 0.00000000099999999999 0.00000721066812241950 0.00000000099999999999 
0.00000000099999999998 0.00000000099999999998 0.99999999299999997593 0.00000000099999999998 0.00000000099999999998 0.00000000099999999998 0.00000000099999999998 0.00000000099999999998 
0.00000000099999999998 0.00000000099999999998 0.99604432678324228423 0.00000000099999999998 0.00395566721675764000 0.00000000099999999998 0.00000000099999999998 0.00000000099999999998 
0.00000000099999999998 0.00000000099999999998 0.99999999299999997593 0.00000000099999999998 0.00000000099999999998 0.00000000099999999998 0.00000000099999999998 0.00000000099999999998 
0.00000000099999999998 0.00000000099999999998 0.99999999299999997593 0.00000000099999999998 0.00000000099999999998 0.00000000099999999998 0.00000000099999999998 0.00000000099999999998 
0.00000000100000000000 0.15599000211991795317 0.74543106021948735140 0.00000001764391849054 0.08042314324598190400 0.00000518642325068046 0.01815058834744372879 0.00000000100000000000 
0.00000000099999999998 0.00000000099999999998 0.99995711962686795182 0.00000000099999999998 0.00004287437313200727 0.00000000099999999998 0.00000000099999999998 0.00000000099999999998 
0.00000000099999999998 0.00000000099999999998 0.99995452466855128115 0.00000000099999999998 0.00000000099999999998 0.00000000099999999998 0.00004546933144872160 0.00000000099999999998 
0.02928302732984908521 0.03740661411941181846 0.41871408304372859099 0.01326018612284905404 0.11377407132463820960 0.12388436452763060269 0.00709729194113677825 0.25658036159075592320 
0.00000000100000000000 0.08834664988841456346 0.83485809545523059771 0.00000000100000000000 0.07679524965635488309 0.00000000100000000000 0.00000000100000000000 0.00000000100000000000 
0.00000000099999999997 0.00000000099999999997 0.99999999299999997593 0.00000000099999999997 0.00000000099999999997 0.00000000099999999997 0.00000000099999999997 0.00000000099999999997 
0.00000000099999999999 0.00000000099999999999 0.99999999299999997593 0.00000000099999999999 0.00000000099999999999 0.00000000099999999999 0.00000000099999999999 0.00000000099999999999 
0.00000000099999999999 0.00000000099999999999 0.98862684264971367742 0.01137315135028643329 0.00000000099999999999 0.00000000099999999999 0.00000000099999999999 0.00000000099999999999 
0.00000000099999999998 0.00000000099999999998 0.99999999300000008695 0.00000000099999999998 0.00000000099999999998 0.00000000099999999998 0.00000000099999999998 0.00000000099999999998 
0.00000000099999999999 0.00000000099999999999 0.99999999299999997593 0.00000000099999999999 0.00000000099999999999 0.00000000099999999999 0.00000000099999999999 0.00000000099999999999 
0.00000000099999999998 0.00000000099999999998 0.99999999299999997593 0.00000000099999999998 0.00000000099999999998 0.00000000099999999998 0.00000000099999999998 0.00000000099999999998 
0.00000000099999999999 0.00000000099999999999 0.99999999299999997593 0.00000000099999999999 0.00000000099999999999 0.00000000099999999999 0.00000000099999999999 0.00000000099999999999 
0.00000000099999999997 0.00000000099999999997 0.99999999300000008695 0.00000000099999999997 0.00000000099999999997 0.00000000099999999997 0.00000000099999999997 0.00000000099999999997 
0.03729399812224439698 0.10061778796921226620 0.67288591780645767848 0.00000000578329032582 0.07206989001306507436 0.00009854831797538829 0.03963520846086575344 0.07739864352688916038 
0.00000000099999999999 0.00000000099999999999 0.99999999299999997593 0.00000000099999999999 0.00000000099999999999 0.00000000099999999999 0.00000000099999999999 0.00000000099999999999 
0.00000000099999999996 0.00000000099999999996 0.13714444793364205522 0.00000000099999999996 0.00000000099999999996 0.00000000099999999996 0.86285554606635783692 0.00000000099999999996 
0.00000000099999999996 0.00000000099999999996 0.00000000099999999996 0.00000000099999999996 0.00000000099999999996 0.00000000099999999996 0.99999999299999986491 0.00000000099999999996 
0.00000000099999999995 0.00000000099999999995 0.00000000099999999995 0.00000000099999999995 0.00000000099999999995 0.00000000099999999995 0.99999999299999986491 0.00000000099999999995 
0.00000000099999999995 0.00000000099999999995 0.00000000099999999995 0.00000000099999999995 0.00000000099999999995 0.00000000099999999995 0.99999999299999986491 0.00000000099999999995 
0.00000000099999999994 0.00000000099999999994 0.00000000099999999994 0.00000000099999999994 0.00000000099999999994 0.00000000099999999994 0.99999999299999997593 0.00000000099999999994 
0.00000000099999999993 0.00000000099999999993 0.00000000099999999993 0.00000000099999999993 0.00000000099999999993 0.00000000099999999993 0.99999999299999986491 0.00000000099999999993 
0.00000000099999999994 0.00000000099999999994 0.00000000099999999994 0.00000000099999999994 0.00000000099999999994 0.00000000099999999994 0.99999999299999986491 0.00000000099999999994 
0.00000000099999999995 0.00000000099999999995 0.00000000099999999995 0.00000000099999999995 0.00000000099999999995 0.00000000099999999995 0.99999999299999997593 0.00000000099999999995 
0.00000000099999999993 0.00000000099999999993 0.00000000099999999993 0.00000000099999999993 0.00000000099999999993 0.00000000099999999993 0.99999999299999997593 0.00000000099999999993 
0.00000000099999999993 0.00000000099999999993 0.00000000099999999993 0.00000000099999999993 0.00000000099999999993 0.00000000099999999993 0.99999999299999986491 0.00000000099999999993 
0.00000000099999999994 0.00000000099999999994 0.00000000099999999994 0.00000000099999999994 0.00000000099999999994 0.00000000099999999994 0.99999999299999997593 0.00000000099999999994 
0.00000000099999999995 0.00000000099999999995 0.00000000099999999995 0.00000000099999999995 0.00000000099999999995 0.00000000099999999995 0.99999999299999997593 0.00000000099999999995 
0.00000000099999999999 0.00000000099999999999 0.00000000099999999999 0.00000000099999999999 0.62124357999119039775 0.00000000099999999999 0.37875641400880954990 0.00000000099999999999 
0.00000000099999999993 0.00000000099999999993 0.00000000099999999993 0.00000000099999999993 0.00000000099999999993 0.00000000099999999993 0.99999999299999986491 0.00000000099999999993 
0.00000000099999999994 0.00000000099999999994 0.00000000099999999994 0.00000000099999999994 0.00000000099999999994 0.00000000099999999994 0.99999999299999986491 0.00000000099999999994 
0.00000000099999999994 0.00000000099999999994 0.00000000099999999994 0.00000000099999999994 0.00000000099999999994 0.00000000099999999994 0.99999999299999986491 0.00000000099999999994 
0.00000000099999999996 0.00000000099999999996 0.00000000099999999996 0.00000000099999999996 0.00000000099999999996 0.00000000099999999996 0.99999999299999986491 0.00000000099999999996 
0.00000000099999999994 0.00000000099999999994 0.00000000099999999994 0.00000000099999999994 0.00000000099999999994 0.00000000099999999994 0.99999999299999997593 0.00000000099999999994 
0.00000000099999999993 0.00000000099999999993 0.00000000099999999993 0.00000000099999999993 0.00000000099999999993 0.00000000099999999993 0.99999999299999986491 0.00000000099999999993 
0.00000000099999999994 0.00000000099999999994 0.00000000099999999994 0.00000000099999999994 0.00000000099999999994 0.00000000099999999994 0.99999999299999997593 0.00000000099999999994 
0.00000000099999999999 0.00000000099999999999 0.00000000099999999999 0.00000000099999999999 0.45378109200245136945 0.00000000099999999999 0.54621890199754852269 0.00000000099999999999 
0.00000000099999999994 0.00000000099999999994 0.00000000099999999994 0.00000000099999999994 0.00000000099999999994 0.00000000099999999994 0.99999999299999986491 0.00000000099999999994 
0.00000000099999999999 0.00000000099999999999 0.00000000099999999999 0.00000000099999999999 0.40403067884696708401 0.00000000099999999999 0.59596931515303286364 0.00000000099999999999 
0.00000000099999999994 0.00000000099999999994 0.00000000099999999994 0.00000000099999999994 0.00000000099999999994 0.00000000099999999994 0.99999999299999986491 0.00000000099999999994 
0.00000000099999999995 0.00000000099999999995 0.00000000099999999995 0.00000000099999999995 0.00000000099999999995 0.00000000099999999995 0.99999999299999986491 0.00000000099999999995 
0.00000000099999999993 0.00000000099999999993 0.00000000099999999993 0.00000000099999999993 0.00000000099999999993 0.00000000099999999993 0.99999999299999997593 0.00000000099999999993 
0.04926621741163041135 0.00000041819194883628 0.02354906856594676801 0.72339827214893226426 0.00000000100000000000 0.20378338340089158232 0.00000000100000000000 0.00000263828065019013 
0.00000000099999999999 0.00000000099999999999 0.00000000099999999999 0.00000000099999999999 0.00000000099999999999 0.99999999299999997593 0.00000000099999999999 0.00000000099999999999 
0.00000000099999999999 0.00000000099999999999 0.00000000099999999999 0.00876672143023015868 0.00000000099999999999 0.99123327036108532795 0.00000000099999999999 0.00000000320868458458 
0.00000000100000000000 0.00002497343413998063 0.00000000100000000000 0.80812054450082027035 0.00000000100000000000 0.12710767881228737797 0.00000000100000000000 0.06474679925275234060 
0.04515366002629222358 0.00000000099999999999 0.00000000099999999999 0.00000088190602378142 0.00000000099999999999 0.95484545306768409123 0.00000000099999999999 0.00000000099999999999 
0.00000000099999999999 0.01606820466423680357 0.00000000099999999999 0.00121813048508151835 0.00000000099999999999 0.98271365985068159787 0.00000000099999999999 0.00000000099999999999 
0.00000000099999999999 0.00000000099999999999 0.00000000099999999999 0.00000000099999999999 0.00000000099999999999 0.99999999299999997593 0.00000000099999999999 0.00000000099999999999 
0.00000000099999999999 0.00000000099999999999 0.00000000099999999999 0.04470131065699111533 0.00000000099999999999 0.86466728978117801674 0.00000000099999999999 0.09063139456183091913 
0.00000000099999999999 0.00000000099999999999 0.00000000099999999999 0.00000000099999999999 0.00000000099999999999 0.99999999299999997593 0.00000000099999999999 0.00000000099999999999 
0.00000000100000000000 0.00000000100000000000 0.00000000100000000000 0.00000000100000000000 0.00000002516572465843 0.99999996883427533234 0.00000000100000000000 0.00000000100000000000 
0.02142342882365528417 0.00000000099999999999 0.00000000099999999999 0.04837126480572107035 0.00000000099999999999 0.93020530137062373832 0.00000000099999999999 0.00000000099999999999 
0.00000000100000000000 0.00000000100000000000 0.00000000100000000000 0.00000020305965520342 0.00000000100000000000 0.99187599457526598457 0.00000000100000000000 0.00812379736507890145 
0.00000000100000000000 0.06101889170100129045 0.00831917786038983455 0.47594545822269040958 0.00000000100000000000 0.37328745528713053181 0.00000000100000000000 0.08142901392878788835 
0.00000000203114479331 0.08533184813132334290 0.03319155938250188675 0.03618162514070466518 0.00000017706859094475 0.54393996951246381677 0.00000000100000000000 0.30135481773327066346 
0.00000000099999999999 0.00000000099999999999 0.00000000099999999999 0.02835020557475565958 0.00000000099999999999 0.97164978842524429847 0.00000000099999999999 0.00000000099999999999 
0.00000000099999999999 0.00000000099999999999 0.00000000099999999999 0.05215910489788604804 0.00000000099999999999 0.94784088910211383716 0.00000000099999999999 0.00000000099999999999 
0.00022526061741394738 0.00000005782671321781 0.00000000100000000000 0.01960244336404277921 0.00000000100000000000 0.96197453572891644669 0.01819746354733929941 0.00000023691557445366 
0.00000000100000000000 0.00000000100000000000 0.02976089478084644607 0.04316143186154314249 0.00000000100000000000 0.85434735270612371938 0.00000000100000000000 0.07273031665148660396 
0.00000000099999999995 0.00000000099999999995 0.00000000099999999995 0.99999999300000008695 0.00000000099999999995 0.00000000099999999995 0.00000000099999999995 0.00000000099999999995 
0.03974470534578630754 0.00000000099999999999 0.00000000099999999999 0.07524362883243870814 0.00000000099999999999 0.88501166082177495920 0.00000000099999999999 0.00000000099999999999 
0.04206048991297231532 0.05257723682043986130 0.00000000100000000000 0.77103171152585048276 0.00000146321637296377 0.12278973172277551917 0.01153880801970233461 0.00000055778188645881 
0.03922393438332812815 0.00011156750609743929 0.00000438729978452169 0.71511750146901176262 0.00000000100000000000 0.14407271859479164888 0.00653691716313564361 0.09493297258385097193 
0.00000000099999999999 0.00000000099999999999 0.00000000099999999999 0.00000002124926458863 0.00000000099999999999 0.99999997275073548852 0.00000000099999999999 0.00000000099999999999 
0.00000000099999999999 0.00000000099999999999 0.00000000099999999999 0.00007045518073408552 0.00000000099999999999 0.99992953881926593951 0.00000000099999999999 0.00000000099999999999 
0.00000000100000000000 0.10781080621012795184 0.00000000100000000000 0.72896656206475929363 0.00000000100000000000 0.16322257114573382464 0.00000000206642939447 0.00000005551294974179 
0.00000000099999999999 0.00000000099999999999 0.00000000099999999999 0.00180856383333752985 0.00000000099999999999 0.99819143016666245227 0.00000000099999999999 0.00000000099999999999 
0.00000000099999999999 0.00000000099999999999 0.00000000099999999999 0.00000000099999999999 0.01614610912482640145 0.98385388487517366762 0.00000000099999999999 0.00000000099999999999 
0.00078107684085422405 0.00000456857133610793 0.00000000100000000000 0.78866621572368400539 0.00000000100000000000 0.10548202118354234325 0.00000000100000000000 0.10506611468058350833 
0.00000000099999999999 0.00000000099999999999 0.00000000099999999999 0.00000000222555817364 0.00000000099999999999 0.99999999177444187648 0.00000000099999999999 0.00000000099999999999 
0.00000000099999999998 0.00000000099999999998 0.00000000099999999998 0.00099452001871705486 0.00000000099999999998 0.99900547398128280996 0.00000000099999999998 0.00000000099999999998 
0.00000000100000000000 0.05601152397862264182 0.00000024258426494463 0.74411039452175642417 0.03462711404163509171 0.16510659706990929441 0.00000000100000000000 0.00014412580381156456 
0.00000000099999999999 0.00000000099999999999 0.00000000099999999999 0.00001152159442876163 0.00000000099999999999 0.93278864890238410990 0.00000000099999999999 0.06719982450318705280 
0.00000591565284272914 0.00001149163811155326 0.00000000100000000000 0.76444201715542359210 0.00000000100000000000 0.17028737435414453838 0.00000000100000000000 0.06525319819947758559 
0.00004240008157167955 0.06662672084874017575 0.00000000100000000000 0.79508422804988398980 0.00000000100000000000 0.13811326858789205185 0.00000000100000000000 0.00013337943191202894 
0.00000000099999999999 0.08149577668395110996 0.00000000099999999999 0.76510816547334981053 0.00000000099999999999 0.14587512933835705686 0.00000000099999999999 0.00752092450434217914 
0.00291470269070990716 0.00000198524048402738 0.00000000100000000000 0.82433270313881901181 0.00000000100000000000 0.07012507039351392746 0.00000001889647392352 0.10262551763999913645 
0.00000000099999999998 0.00000000099999999998 0.00000000099999999998 0.00000000099999999998 0.00000000099999999998 0.99999999300000008695 0.00000000099999999998 0.00000000099999999998 
0.00000022780279867957 0.00846995553667159035 0.00000000100000000000 0.00000000100000000000 0.00000001387955149793 0.99152979878097813327 0.00000000100000000000 0.00000000100000000000 
0.00000095780378510544 0.00770510280098735990 0.00000000100000000000 0.08410349954573291542 0.00000000100000000000 0.90670829378423478673 0.00000000100000000000 0.00148214306525991683 
0.00000000100000000000 0.00000000102154640281 0.00000000100000000000 0.05543516517570251656 0.00000000100000000000 0.83495862617392491156 0.01210059324453474291 0.09750561138429154895 
0.00000000099999999999 0.02662580919045987385 0.00000000099999999999 0.08658513939023114447 0.00000000099999999999 0.88419472286853284526 0.00000000099999999999 0.00259432455077608084 
0.00000000100000000000 0.10468850081587174894 0.00000391186384986311 0.62924040262627001230 0.03703519531760178507 0.22903198637640664881 0.00000000100000000000 0.00000000100000000000 
0.01247527580241424364 0.00000000100000000000 0.00935631786300848006 0.00000000100000000000 0.00069137209091922624 0.97747703024365806268 0.00000000100000000000 0.00000000100000000000 
0.00024587218464371092 0.00000000100000000000 0.01500161092943028303 0.07016854585043508230 0.00000000100000000000 0.91458396703549094120 0.00000000100000000000 0.00000000100000000000 
0.00000000099999999998 0.00000000099999999998 0.00000000099999999998 0.00000000254135588742 0.00000000099999999998 0.99999999145864415517 0.00000000099999999998 0.00000000099999999998 
0.00000000099999999999 0.00000000099999999999 0.03458967178579044205 0.37786918472144154224 0.00000000099999999999 0.51579573978705983706 0.00000000099999999999 0.07174539970570811831 
0.00000000100000000000 0.04239819084585689374 0.01548971224206381961 0.51721678208059529425 0.00178234615388484126 0.41519187538403357074 0.00792107567575640187 0.00000001661780905849 
0.00000000099999999999 0.00000239687566127508 0.00000000099999999999 0.04410312262173450570 0.00000000099999999999 0.95498144351603175828 0.00000000099999999999 0.00091303298657257725 
0.00000000100000000000 0.02363809889019303015 0.00000000100000000000 0.00320023994501011325 0.00000000100000000000 0.97316165616479688438 0.00000000100000000000 0.00000000100000000000 
0.00000002469297277607 0.01036201852760510259 0.00000000100000000000 0.62261809219985653208 0.00000000100000000000 0.36701986057956559328 0.00000000100000000000 0.00000000100000000000 
0.00000000100000000000 0.02602809292892478005 0.01870114821714794970 0.67845022286847100901 0.00689298791666149730 0.19740417063870915881 0.01202737135883568710 0.06049600507124995585 
0.00000000100000000000 0.00346792753660532787 0.01590644383049028693 0.58236478316661821619 0.00000000388462580731 0.29247697233970443298 0.00000000100000000000 0.10578386724195588953 
0.00000000099999999999 0.00000000099999999999 0.00000000099999999999 0.00007978504993979009 0.00000000099999999999 0.99512456181946862266 0.00000000099999999999 0.00479564813059157793 
0.00000000099999999999 0.00000000099999999999 0.00000000099999999999 0.05189852741851129492 0.00000000099999999999 0.94810146658148863885 0.00000000099999999999 0.00000000099999999999 
0.00000000099999999999 0.00000000099999999999 0.02852549744858641836 0.07992046580844737458 0.00000000099999999999 0.79065154046634211760 0.00000000099999999999 0.10090249227662398401 
0.03486023628749335135 0.00122669579405097740 0.00000000100000000000 0.72780468862573910460 0.00000000100000000000 0.22052541554951043956 0.00000000100000000000 0.01558296074320601743 
0.00000000100000000000 0.03793807506733021945 0.00000000100000000000 0.70762564860975141201 0.00000000100000000000 0.23211358534361281603 0.01923301259183490125 0.00308967538747070879 
0.00000000100000000000 0.00000000100000000000 0.02950705727811955489 0.03253874226333637598 0.00000000100000000000 0.93795309221159639534 0.00000000100000000000 0.00000110424694757049 
0.00000000099999999999 0.00000000099999999999 0.00000000099999999999 0.00000000099999999999 0.00000000099999999999 0.99999966569310572151 0.00000032193292576934 0.00000000737396863318 
0.00000000099999999999 0.00000000099999999999 0.00000000099999999999 0.00000000099999999999 0.00000000099999999999 0.99999993156339161970 0.00000000099999999999 0.00000006243660838246 
0.00000000099999999999 0.00000000099999999999 0.00000000099999999999 0.00000000099999999999 0.00000000099999999999 0.99818479223729628114 0.00000000099999999999 0.00181520176270378209 
0.00000000099999999999 0.00000000099999999999 0.00000000099999999999 0.04686326152902629827 0.00000000099999999999 0.95305292081143377914 0.00000000099999999999 0.00008381265954000466 
0.00000000100000000000 0.00000000100000000000 0.00267645381105305682 0.04397904645414616592 0.00000000100000000000 0.88693482877688289978 0.00000000100000000000 0.06640966695791782060 
