0.04629289586175308613 0.03521803534034544103 0.06341815845885766245 0.74238868463611118464 0.03387347342069228773 0.03408820098933362103 0.00000000100000000000 0.04472055029290675915 
0.00000000099999999974 0.00000000099999999974 0.00000000099999999974 0.00000000099999999974 0.00000000099999999974 0.99999999299999997593 0.00000000099999999974 0.00000000099999999974 
0.00000000099999999999 0.00000000099999999999 0.00000000099999999999 0.88736246296315424154 0.00000000099999999999 0.00000000099999999999 0.11263753103684566448 0.00000000099999999999 
0.05737166897310311264 0.01652538148583105118 0.00010540893719676470 0.76504296599677479307 0.03705812611517537297 0.03702977616516970466 0.08686667132674924519 0.00000000100000000000 
0.00000006250167868083 0.02015222272198435513 0.02886376313280141284 0.71054328760051355118 0.06491646197860420631 0.09088820531101941824 0.00000000100000000000 0.08463599575339823822 
0.05071625501023710458 0.00000000100000000000 0.00000000100000000000 0.88114694242991942197 0.00000000100000000000 0.00000000100000000000 0.06813679755984346220 0.00000000100000000000 
0.15287439836979097030 0.01829522129762289895 0.00000015406736894581 0.72217533659569010940 0.00389189736630371963 0.00887259816619035899 0.00000000619195986853 0.09389038794507315044 
0.00000005047087282428 0.02913060082996671643 0.01662215623000122197 0.81918340199165606830 0.00000000100000000000 0.06486900542293663752 0.07016449613374690919 0.00003028792081974336 
0.00000000217505436449 0.06177785051633647578 0.00243220277599485871 0.77083327267679568884 0.00000000100000000000 0.00473341847978236713 0.04021031370608361272 0.12001293866995252357 
0.02065229915678818556 0.06892892034744897700 0.04324322587109326321 0.75121151044935252639 0.04663417020390080159 0.06932987197141610158 0.00000000100000000000 0.00000000100000000000 
0.00000000100000000000 0.02346995170991745053 0.05821286899526922909 0.72568559593971460053 0.03295731059924512929 0.02428454635520283303 0.00553245059234301183 0.12985727480830785985 
0.00000000100000000000 0.00915223229687728984 0.04104737865474401143 0.83099382324632597996 0.00004476369251146563 0.05819503864313395336 0.00000000100000000000 0.06056676146640729841 
0.00000000100000000000 0.00000000100000000000 0.02701057303022258091 0.77331686480328587496 0.00000000100000000000 0.06163486976823839142 0.08791091050208195423 0.05012677889617130761 
0.14606143034007385006 0.00000000100000000000 0.00000000100000000000 0.77479392136610780728 0.00344515903236491429 0.07545531158460420940 0.00024417467684911706 0.00000000100000000000 
0.07630495945751790410 0.01226335327291955268 0.05957584415853788007 0.81179854940176354727 0.00000000473069449609 0.00000000100000000000 0.03999951432357803927 0.00005777365498863403 
0.00796068836744025406 0.00000000100000000000 0.00020917384102748057 0.76092217913505055815 0.04533646401322124347 0.02235256696741167587 0.00221086525230707216 0.16100806142354157080 
0.00000000100000000000 0.05187402764176328451 0.01083373171668295352 0.77775902437251198673 0.02467156571210188734 0.04975467778314986850 0.00000000100000000000 0.08510697077378988340 
0.02724869797525327278 0.00000000100000000000 0.04273797059547813915 0.71901214062403695504 0.03699241488591477334 0.06669395241047193501 0.00000000100000000000 0.10731482150884491533 
0.00000000100000000000 0.00001056767105316405 0.10484768171544379955 0.76533098078630767969 0.04142172973185104939 0.01405338146087913714 0.00000000100000000000 0.07433565663446523031 
0.00000000100000000000 0.01187460201258578110 0.06652815425097223512 0.71386619615864055355 0.00142452987979164287 0.03288178527345117508 0.01987959612860510858 0.15354513529595345545 
0.00039135169488814503 0.00000000100000000000 0.08769480615077626662 0.77877304345465714341 0.06437566381287881945 0.06876513188679979349 0.00000000100000000000 0.00000000100000000000 
0.00000000100000000000 0.00005186840629488287 0.08305093858697659703 0.78838688975245729829 0.03464655406775734442 0.03476098270881774338 0.00000000100000000000 0.05910276447769617636 
0.02003558134720109102 0.01313700758076230546 0.04606770805763536758 0.75906558247723932009 0.02209907844537866914 0.02471278486125502369 0.01398544254086979237 0.10089681468965860933 
0.00000000099999999999 0.00000000099999999999 0.00000000099999999999 0.87988399542203354908 0.00870665633235178683 0.00000000099999999999 0.00000000099999999999 0.11140934324561475866 
0.03812104633503698298 0.00000046465137511060 0.02916525025067256971 0.71638122166920015221 0.03753221204731636146 0.07480571234359927046 0.00000006465763952602 0.10399402804515998910 
0.01560230296180264813 0.03596064404896964078 0.00250729748368321102 0.83085882949184930446 0.00497042576237806833 0.00000000100000000000 0.00000000100000000000 0.11010049825131709711 
0.04933413713695856267 0.00000283469153381839 0.02635566185839760198 0.74304313058609072762 0.03017110683469955215 0.01174139065738272897 0.00000000100000000000 0.13935173723493701758 
0.00000000863309499389 0.04409831759896212788 0.05787102153321044273 0.74846432741839619140 0.00023228382616045229 0.04203960766342004080 0.06429914863712743456 0.04299528468962839772 
0.00000000100000000000 0.00000000100000000000 0.08457837830770777166 0.77368168400013148656 0.03100619304962695666 0.02326792274765448684 0.02237382691590937903 0.06509199297897000358 
0.00000000100000000000 0.00101112555091631114 0.05564967213243370014 0.75225438144827161402 0.03300308574029674202 0.07668621975876373231 0.00000000100000000000 0.08139551336931799552 
0.00000000100000000000 0.00196962485213671807 0.04131353657550545372 0.79254202483896096787 0.00000000100000000000 0.00000000100000000000 0.09997930509668850885 0.06419550563670828325 
0.02479575798254607388 0.00000000100000000000 0.00000000100000000000 0.74554103828673035093 0.03413189412501999725 0.10063610752408240490 0.00000000157786157123 0.09489519850375958965 
0.00000000100000000000 0.01698934806402808972 0.03929633993847249374 0.72878101717472187904 0.03303780159311441728 0.00000000100000000000 0.04468680607668464727 0.13720868515297859891 
0.00000000099999999987 0.00000000099999999987 0.00000000099999999987 0.00000000099999999987 0.00000000099999999987 0.99999999299999997593 0.00000000099999999987 0.00000000099999999987 
0.00284846106000895142 0.04473102781384185461 0.01671276667634390839 0.79952020825000547077 0.00000001547081704230 0.04888520391215361860 0.08682144451416574926 0.00048087230266332905 
0.01033106190046746004 0.05752340931729065659 0.07530372344156330278 0.72312454196082542879 0.00844148029600492490 0.03665025034038261326 0.07202633977026065559 0.01659919297320491816 
0.00000000099999999975 0.00000000099999999975 0.00000000099999999975 0.00000000099999999975 0.00000000099999999975 0.99999999299999997593 0.00000000099999999975 0.00000000099999999975 
0.00396869678922420061 0.02763571840068286892 0.06323128423129437126 0.77389111590640247140 0.00141954620335568477 0.03772778024640437156 0.09212326156255314091 0.00000259666008286487 
0.00000000099999999999 0.01607770877442575574 0.00000000099999999999 0.98392228522557423354 0.00000000099999999999 0.00000000099999999999 0.00000000099999999999 0.00000000099999999999 
0.00000000100000000000 0.03058334336493106348 0.01503713965085768343 0.74757504144552655578 0.03074362165810448286 0.04723596393041143426 0.00000000100000000000 0.12882488795016872052 
0.00000000100000000000 0.00955674554995724138 0.05683484096929955487 0.80860560252119739744 0.02554929606268498132 0.02692141280272125972 0.00000000100000000000 0.07253210009413967041 
0.00000900774387528510 0.01067167623072939886 0.01000095471996341988 0.66790067997727942117 0.05420590817685927432 0.12840999357980106832 0.00000000100000000000 0.12880177857149224807 
0.00000143225785970340 0.05162847904638556695 0.03809841805036449924 0.89891166511283282503 0.01136000253255751297 0.00000000100000000000 0.00000000100000000000 0.00000000100000000000 
0.03341804283248574897 0.01591588072644279511 0.06733221253627008629 0.79027043301380472951 0.05518830358242978601 0.00000000100000000000 0.00000000100000000000 0.03787512530856688292 
0.04789675930115308566 0.01421289636323404271 0.03628734005920217914 0.79873402222995615318 0.01369680368150799805 0.02625245554452922125 0.00000000100000000000 0.06291972182041738471 
0.00000000100000000000 0.00012640341425276198 0.02138054147651354334 0.82606148371290755161 0.00000000100000000000 0.00000000100000000000 0.00000000100000000000 0.15243156739632626739 
0.05461126587014582257 0.00000000100000000000 0.06654834345963472897 0.60286097481430589440 0.00000000100000000000 0.22828746658159299043 0.00000000100000000000 0.04769194627432067624 
0.02020547348296603332 0.04566935511946328130 0.01918837568728038595 0.68976199199732801670 0.00008600941540846138 0.04967473055110762509 0.06762087608715791620 0.10779318765928824764 
0.13289183606107579649 0.00059827004131923561 0.07186534758093061914 0.67084908502078555159 0.00162504274497342143 0.04579787793709042681 0.00000010755827601042 0.07637243305554888839 
0.15693319774950087453 0.00000000099999999999 0.00000000099999999999 0.81832186729705014283 0.00000000100834415640 0.00000000099999999999 0.02474492994510485086 0.00000000099999999999 
0.00979050250014364652 0.00556068758227367451 0.03458495758149773142 0.66390911622266268743 0.01192472692552369942 0.09441714429144924814 0.06544008774375935367 0.11437277715268995282 
0.04529843909363525517 0.04480497977266165166 0.10366867469451032657 0.73507064528683541127 0.00000000100000000000 0.00000000100000000000 0.00000000100000000000 0.07115725815235747487 
0.00017602242552670200 0.05366793909770783272 0.03090734420438810345 0.81854470861077488486 0.05426435137570874423 0.04210562279504665578 0.00033401049084702040 0.00000000100000000000 
0.06511516421848402569 0.00897117557495442919 0.05649041481908299162 0.69606269964866651634 0.00554434397710457973 0.04365979786060591311 0.00473428779522616985 0.11942211610587545600 
0.11133271766688768167 0.00857283848108318820 0.00000774633372445254 0.73817147320619380668 0.00000000100000000000 0.05198995623382462322 0.08992526607828610352 0.00000000100000000000 
0.00000000100000000000 0.02891364571944635489 0.07551974449218704089 0.69765976712218291667 0.07037023549230024544 0.03688174562904711351 0.02970686113007492760 0.06094799941476137378 
0.00000000099999999999 0.07809220575539034537 0.31304558578083313547 0.45962645840113758311 0.00000000099999999999 0.05705643581848877238 0.00000000099999999999 0.09217931124415031097 
0.00001107440093157104 0.00000000100000000000 0.04454911700243964490 0.74118564762204253160 0.00000000100000000000 0.07421405614798136374 0.12000141095731614582 0.02003869186928880150 
0.00000000099999999989 0.00000000099999999989 0.00000000099999999989 0.00000000099999999989 0.00000000099999999989 0.99999999299999997593 0.00000000099999999989 0.00000000099999999989 
0.00000000100000000000 0.04161985946759516608 0.12803493237999608034 0.60476772143388024539 0.00000000100000000000 0.02594484182975940328 0.12593986160147482845 0.07369278128729428445 
0.05278235791752887429 0.00946058515399915943 0.05904942532735363292 0.67834684074299944623 0.02610102592253718892 0.01425373236803678494 0.01357601160460903365 0.14643002096293597503 
0.00000001163397934489 0.00000000100000000000 0.00000000279694587817 0.87642706778378609567 0.00000056825766930071 0.00000000100000000000 0.06248599895071851873 0.06108634857690100478 
0.09518493018598339628 0.05849686820437795948 0.01661490318036527858 0.69817198904118005220 0.00000000100000000000 0.07420925621793358906 0.00182851225706060871 0.05549353991309921574 
0.00000000100000000000 0.02659465730982664422 0.03993744290500722549 0.79960987072073985704 0.00097932151987702555 0.00000000100000000000 0.00000031244573314821 0.13287839309881593897 
0.07184470540227232138 0.01105038503317093933 0.02631229993753217422 0.70992842940126588136 0.00000000100000000000 0.05930573404702985801 0.07716788066118324130 0.04439056451754560401 
0.00000000100000000000 0.00741365021560631832 0.02638506101436994059 0.81124664144592728565 0.00000007145450179748 0.07588157157253938578 0.07907260381753969392 0.00000039947951547308 
0.17941015696104603561 0.00000000100000000000 0.02099450608882247674 0.66339025565461684497 0.00000000144342433123 0.13293076403422515730 0.00327431381786501448 0.00000000100000000000 
0.05495948672292060716 0.01947620926065155023 0.04063426000765054530 0.67317555780030191581 0.00402128032601829690 0.03541400762988635570 0.04794833748089868258 0.12437086077167198994 
0.05787221730878250314 0.00049875544856498684 0.06969412113151078614 0.67858726512799805164 0.00000980321711611092 0.08962170381969779276 0.02053390842999886987 0.08318222551633092099 
0.02168916971169354210 0.01191402622787910912 0.07025718794649879473 0.76776069177608019523 0.00000000100000000000 0.03068836503295391954 0.07617792371566824150 0.02151263458922627464 
0.00161152218680830537 0.00000000100000000000 0.00790290928382234720 0.56146649373612211864 0.00000000100000000000 0.14197284950505686951 0.09752938639152376743 0.18951683689666667942 
0.01131069318867817738 0.06467019274438762233 0.32544208943746738560 0.53489967644815206160 0.00020949038783202702 0.00145768474704623336 0.00000002134363826051 0.06201015170279819411 
0.07007178398327780500 0.00000000100000000000 0.00000000100000000000 0.82883166690607368299 0.02421839177866260198 0.00000000100000000000 0.07687815333198606826 0.00000000100000000000 
0.08812751297983312249 0.00000000100000000000 0.00000000100000000000 0.81761847472759308086 0.00000000100000000000 0.00000000100000000000 0.09425400729257372989 0.00000000100000000000 
0.00000000100000000000 0.03035001779782802236 0.09647469258334095965 0.75486383467744433418 0.07050894847997388193 0.00033561804111691476 0.00000000100000000000 0.04746688642029602695 
0.00000000191215498613 0.02696454676419266297 0.00000000100000000000 0.72403496063112837700 0.06237172659106881428 0.06546189620625236794 0.00000000100000000000 0.12116686589520263284 
0.07280660520345411113 0.03801953972766938111 0.06616481486546632595 0.72214875668627098726 0.01095392707091981561 0.05991807650820600573 0.00228106517480479399 0.02770721476320863255 
0.17900069034428231496 0.00000000099999999999 0.00000000099999999999 0.77903381748917510663 0.00000000099999999999 0.00000000099999999999 0.04196548716654265737 0.00000000099999999999 
0.00000000099999999999 0.00000000099999999999 0.00000000099999999999 0.99999999070885348118 0.00000000329114651717 0.00000000099999999999 0.00000000099999999999 0.00000000099999999999 
0.00000000100000000000 0.01548380356168010431 0.06211325145991817426 0.76108640591679976861 0.03065938476747069250 0.05196233301211594657 0.00013144192345198479 0.07856337835856354312 
0.00000000099999999999 0.02611071209810973681 0.32995732967324870044 0.36922072085274765252 0.00000000099999999999 0.03613346625820947067 0.00000000099999999999 0.23857776811768444114 
0.06551044850557918853 0.03887136654538932840 0.06134726375459665509 0.70839724014011518083 0.00180406799930742361 0.02466009322276066854 0.00000007223628915013 0.09940944759596234692 
0.07388560801222192331 0.00000189338308326171 0.06410793119154002684 0.75554071449675075378 0.00000000100000000000 0.03699548187230120022 0.04571998054643420378 0.02374838949766877247 
0.00000000100000000000 0.05339778175663929122 0.05166202907371635067 0.72437491042090085269 0.04575617040638275956 0.01802546050788801646 0.00000000100000000000 0.10678364583447284841 
0.10435478357856417531 0.00704705256701610057 0.05740532576700049794 0.62399096396742093074 0.01839435783709065034 0.07904566703348669954 0.00001828115586971166 0.10974356809355131914 
0.06194303671474910011 0.00886191282872496149 0.04584344804282203950 0.79587998572174545320 0.01833067915022698613 0.06377947490948272791 0.00536146163224851709 0.00000000100000000000 
0.17224436868994016936 0.00000000100000000000 0.01059269101770875764 0.78017399574560319930 0.00000000343444198372 0.03609664476173726766 0.00089229435056870088 0.00000000100000000000 
0.01350910831895051935 0.02545315789063141293 0.06602232130282974232 0.71643762774345676192 0.02484252260121639841 0.01264901868317681519 0.00000000100000000000 0.14108624245973827582 
0.05567513551326134374 0.01231891927192620313 0.02161316696325049982 0.74653858296212882717 0.00000000100000000000 0.11161193209883447930 0.04010568281785314992 0.01213657937274554080 
0.02034728792623098984 0.00000581581450147335 0.06650423358938427343 0.69850422410185952771 0.05531008223954182734 0.01520330964009799536 0.00000000100000000000 0.14412504568838385710 
0.05556224872257497366 0.00412933847437791258 0.01232359688782460987 0.76136123484063755740 0.00201375305654407245 0.02121261784521385682 0.06868024830689993532 0.07471696186592700906 
0.06928124308527491837 0.00000000100000000000 0.00000000100000000000 0.81494329233214524155 0.00000000100000000000 0.03536264728549726871 0.08041281329708266368 0.00000000100000000000 
0.08988192175229768599 0.02055281274334034777 0.07559768841992189903 0.70272879577552094243 0.01589969087169983489 0.02621430345777994372 0.00000000100000000000 0.06912478597943930159 
0.12844704351040450718 0.00000725342170928879 0.00000000100000000000 0.72896890515931500598 0.05525937263531769533 0.08731679983958998137 0.00000062343366343072 0.00000000100000000000 
0.00710427969152018900 0.04521426724180083179 0.02371690000033164700 0.72844054709282035631 0.04111412490521450247 0.06805069849662881420 0.00000451773151501271 0.08635466484016866839 
0.09083386088514393275 0.07135381095793937034 0.05159819288108471319 0.73145859566812521102 0.00000018680155635329 0.01220814022553118154 0.04254704658922853905 0.00000016599139060458 
0.00000000414249558455 0.03591266061771500318 0.07646744526545065646 0.19547301942022823895 0.00101743054211230984 0.00000339477957209286 0.00000000100000000000 0.69112604423242607332 
0.00000000099999999999 0.00000000099999999999 0.00000000099999999999 0.00000000099999999999 0.00000000099999999999 0.00000000099999999999 0.00000000099999999999 0.99999999299999997593 
0.00024847525220004395 0.01865941139289544609 0.12408148281142990232 0.11463649088189699354 0.00000000100000000000 0.00000000100000000000 0.03906400841456664913 0.70331012924701086231 
0.00000000099999999997 0.00000000099999999997 0.00000000099999999997 0.00000000099999999997 0.00000000099999999997 0.00000000099999999997 0.00000000099999999997 0.99999999299999997593 
0.00000005141199256130 0.06714701414174102656 0.06887354605120303563 0.13240715477538134159 0.00000000100000000000 0.00000000100000000000 0.03658809403169236557 0.69498413758798949225 
0.00000000099999999998 0.00000000099999999998 0.00000000099999999998 0.00000000099999999998 0.00000000099999999998 0.00000000099999999998 0.00000000099999999998 0.99999999300000008695 
0.00000000099999999999 0.00000000099999999999 0.00000000099999999999 0.00000000099999999999 0.00000000099999999999 0.00000000099999999999 0.00000000099999999999 0.99999999299999997593 
0.00000000099999999998 0.00000000099999999998 0.00000000099999999998 0.00000000099999999998 0.00000000099999999998 0.00000000099999999998 0.00000000099999999998 0.99999999299999997593 
0.00000000099999999999 0.00000000099999999999 0.00000000099999999999 0.00000000099999999999 0.00000000099999999999 0.00000000099999999999 0.00000000099999999999 0.99999999300000008695 
0.00000000099999999999 0.00000000099999999999 0.00000000099999999999 0.00000000099999999999 0.00000000099999999999 0.00000000099999999999 0.00000000099999999999 0.99999999299999997593 
0.00000000099999999999 0.00000000099999999999 0.00000000099999999999 0.00000000099999999999 0.00000000099999999999 0.00000000099999999999 0.00000000099999999999 0.99999999300000008695 
0.00000000099999999999 0.00000000099999999999 0.00000000099999999999 0.00000000099999999999 0.00000000099999999999 0.00000000099999999999 0.00000000099999999999 0.99999999299999997593 
0.00000000099999999998 0.00000000099999999998 0.00000000099999999998 0.00000000099999999998 0.00000000099999999998 0.00000000099999999998 0.00000000099999999998 0.99999999299999997593 
0.00000000099999999999 0.00105552660418587558 0.10990142038232317279 0.00000000099999999999 0.00000000099999999999 0.05398887301600639732 0.00000000099999999999 0.83505417599748454904 
0.00000000099999999999 0.01964843353983961038 0.00000000099999999999 0.00000000099999999999 0.00000000099999999999 0.08815569673949949503 0.00000000099999999999 0.89219586472066092497 
0.00000000099999999998 0.00000000099999999998 0.00000000099999999998 0.00000000099999999998 0.00000000099999999998 0.00000000099999999998 0.00000000099999999998 0.99999999299999997593 
0.02909442248046099216 0.02053824875410677209 0.09991371805173579479 0.06257129158192481500 0.00352087923322104293 0.00000000100000000000 0.00000273310116043840 0.78435870579739019881 
0.00000000099999999998 0.00000000099999999998 0.00000000239532938158 0.00000000099999999998 0.00000000099999999998 0.00000000099999999998 0.00000000099999999998 0.99999999160467067938 
0.00000000099999999998 0.00000991549330255718 0.00000000099999999998 0.00000000099999999998 0.00000000099999999998 0.00000000099999999998 0.00000000099999999998 0.99999007850669729969 
0.12960037688940559408 0.01336953287710735024 0.10805283653816345757 0.13328297863829288716 0.00000000100000000000 0.15741535720125315878 0.06567817881338931796 0.39260073804238809769 
0.00000000099999999999 0.00000000099999999999 0.01522070866590093455 0.00000000099999999999 0.00000000099999999999 0.07733726865179087195 0.00000000099999999999 0.90744201768230814409 
0.00000000099999999996 0.00000000099999999996 0.00000000099999999996 0.00000000099999999996 0.00000000099999999996 0.00000000099999999996 0.00000000099999999996 0.99999999299999997593 
0.00000000099999999999 0.00000000099999999999 0.00000000099999999999 0.00000000099999999999 0.00000000099999999999 0.00000000099999999999 0.00000000099999999999 0.99999999300000008695 
0.00000000099999999999 0.00000000099999999999 0.00000000099999999999 0.00000000099999999999 0.00240460896263297672 0.00000000099999999999 0.00000000099999999999 0.99759538503736699955 
0.00000000099999999998 0.00000000099999999998 0.00000000099999999998 0.00000000099999999998 0.00000000099999999998 0.00000000099999999998 0.00000000099999999998 0.99999999299999997593 
0.00000000099999999998 0.00000000099999999998 0.00000000099999999998 0.00000000099999999998 0.00000000099999999998 0.00000000099999999998 0.00000000099999999998 0.99999999300000008695 
0.00000000099999999999 0.00000000099999999999 0.00000000099999999999 0.00000000099999999999 0.00000000099999999999 0.00000000099999999999 0.00000000099999999999 0.99999999300000008695 
0.00002732982938003488 0.00000000099999999999 0.00000000099999999999 0.00000000099999999999 0.00000000099999999999 0.00000000099999999999 0.00000000099999999999 0.99997266417061991817 
0.00000000099999999997 0.00000000099999999997 0.00000000099999999997 0.00000000099999999997 0.00000000099999999997 0.00000000099999999997 0.00000000099999999997 0.99999999299999997593 
0.02349325041191342722 0.04028851705337391925 0.07354306175285407754 0.17051188955010168624 0.00000000100000000000 0.00000000100000000000 0.00005412290506112706 0.69210915632669567366 
0.00000000099999999999 0.00000000099999999999 0.00000000099999999999 0.00000000099999999999 0.00000000099999999999 0.00000000099999999999 0.00000000099999999999 0.99999999300000008695 
0.00000000099999999996 0.91031672398099394705 0.00000000099999999996 0.00000000099999999996 0.00000000099999999996 0.08968327001900611162 0.00000000099999999996 0.00000000099999999996 
0.00000000099999999995 0.99999999300000019797 0.00000000099999999995 0.00000000099999999995 0.00000000099999999995 0.00000000099999999995 0.00000000099999999995 0.00000000099999999995 
0.00000000099999999995 0.99999999300000019797 0.00000000099999999995 0.00000000099999999995 0.00000000099999999995 0.00000000099999999995 0.00000000099999999995 0.00000000099999999995 
0.00000000099999999995 0.99999999300000019797 0.00000000099999999995 0.00000000099999999995 0.00000000099999999995 0.00000000099999999995 0.00000000099999999995 0.00000000099999999995 
0.00000000099999999994 0.99999999300000019797 0.00000000099999999994 0.00000000099999999994 0.00000000099999999994 0.00000000099999999994 0.00000000099999999994 0.00000000099999999994 
0.00000000099999999993 0.99999999300000008695 0.00000000099999999993 0.00000000099999999993 0.00000000099999999993 0.00000000099999999993 0.00000000099999999993 0.00000000099999999993 
0.00000000099999999994 0.99999999300000008695 0.00000000099999999994 0.00000000099999999994 0.00000000099999999994 0.00000000099999999994 0.00000000099999999994 0.00000000099999999994 
0.00000000099999999995 0.99999999300000008695 0.00000000099999999995 0.00000000099999999995 0.00000000099999999995 0.00000000099999999995 0.00000000099999999995 0.00000000099999999995 
0.00000000099999999993 0.99999999300000008695 0.00000000099999999993 0.00000000099999999993 0.00000000099999999993 0.00000000099999999993 0.00000000099999999993 0.00000000099999999993 
0.00000000099999999993 0.99999999300000008695 0.00000000099999999993 0.00000000099999999993 0.00000000099999999993 0.00000000099999999993 0.00000000099999999993 0.00000000099999999993 
0.00000000099999999994 0.99999999300000008695 0.00000000099999999994 0.00000000099999999994 0.00000000099999999994 0.00000000099999999994 0.00000000099999999994 0.00000000099999999994 
0.00000000099999999995 0.99999999300000008695 0.00000000099999999995 0.00000000099999999995 0.00000000099999999995 0.00000000099999999995 0.00000000099999999995 0.00000000099999999995 
0.00000000099999999999 0.37761996477089326829 0.62238002922910673487 0.00000000099999999999 0.00000000099999999999 0.00000000099999999999 0.00000000099999999999 0.00000000099999999999 
0.00000000099999999993 0.99999999300000008695 0.00000000099999999993 0.00000000099999999993 0.00000000099999999993 0.00000000099999999993 0.00000000099999999993 0.00000000099999999993 
0.00000000099999999994 0.99999999300000019797 0.00000000099999999994 0.00000000099999999994 0.00000000099999999994 0.00000000099999999994 0.00000000099999999994 0.00000000099999999994 
0.00000000099999999994 0.99999999300000008695 0.00000000099999999994 0.00000000099999999994 0.00000000099999999994 0.00000000099999999994 0.00000000099999999994 0.00000000099999999994 
0.00000000099999999996 0.99999999300000019797 0.00000000099999999996 0.00000000099999999996 0.00000000099999999996 0.00000000099999999996 0.00000000099999999996 0.00000000099999999996 
0.00000000099999999994 0.99999999300000008695 0.00000000099999999994 0.00000000099999999994 0.00000000099999999994 0.00000000099999999994 0.00000000099999999994 0.00000000099999999994 
0.00000000099999999993 0.99999999300000019797 0.00000000099999999993 0.00000000099999999993 0.00000000099999999993 0.00000000099999999993 0.00000000099999999993 0.00000000099999999993 
0.00000000099999999994 0.99999999300000019797 0.00000000099999999994 0.00000000099999999994 0.00000000099999999994 0.00000000099999999994 0.00000000099999999994 0.00000000099999999994 
0.00000000099999999999 0.54581147777674932087 0.45418851622325079331 0.00000000099999999999 0.00000000099999999999 0.00000000099999999999 0.00000000099999999999 0.00000000099999999999 
0.00000000099999999994 0.99999999300000019797 0.00000000099999999994 0.00000000099999999994 0.00000000099999999994 0.00000000099999999994 0.00000000099999999994 0.00000000099999999994 
0.00000000099999999999 0.59480831342683393448 0.40519168057316629072 0.00000000099999999999 0.00000000099999999999 0.00000000099999999999 0.00000000099999999999 0.00000000099999999999 
0.00000000099999999994 0.99999999300000008695 0.00000000099999999994 0.00000000099999999994 0.00000000099999999994 0.00000000099999999994 0.00000000099999999994 0.00000000099999999994 
0.00000000099999999995 0.99999999300000019797 0.00000000099999999995 0.00000000099999999995 0.00000000099999999995 0.00000000099999999995 0.00000000099999999995 0.00000000099999999995 
0.00000000099999999993 0.99999999300000008695 0.00000000099999999993 0.00000000099999999993 0.00000000099999999993 0.00000000099999999993 0.00000000099999999993 0.00000000099999999993 
0.11899873718988648874 0.00000000100000000000 0.00000000100000000000 0.00000000596040668320 0.32835933993468885417 0.01114495607155869400 0.51484410007026681910 0.02665285877319250110 
0.96264371693862726964 0.00000000099999999999 0.00000000099999999999 0.00000000099999999999 0.00000000099999999999 0.03735627706137284454 0.00000000099999999999 0.00000000099999999999 
0.92963694587668332936 0.00000000099999999999 0.00000000099999999999 0.00000000099999999999 0.00000000099999999999 0.01376825855030117118 0.05659479057301569638 0.00000000099999999999 
0.00000004735154908816 0.00000000099999999999 0.00000000099999999999 0.00000000099999999999 0.28215831418198383806 0.00000000099999999999 0.71784163346646689963 0.00000000099999999999 
0.92786195323399556223 0.00000000099999999999 0.00000000099999999999 0.00000000099999999999 0.00650507215413570917 0.06563296961186879108 0.00000000099999999999 0.00000000099999999999 
0.97685931625847133297 0.00000000100000000000 0.00000000100000000000 0.00000001697729391073 0.02313882221154156538 0.00000000100000000000 0.00000184055269326048 0.00000000100000000000 
0.99999988166937692213 0.00000000099999999999 0.00000000099999999999 0.00000000099999999999 0.00000000099999999999 0.00000000099999999999 0.00000011233062311823 0.00000000099999999999 
0.89829641555389261320 0.00000000100000000000 0.00000000100000000000 0.03430154171514822325 0.06612637836287323101 0.00000000100000000000 0.00127566036808588325 0.00000000100000000000 
0.99999999300000019797 0.00000000099999999999 0.00000000099999999999 0.00000000099999999999 0.00000000099999999999 0.00000000099999999999 0.00000000099999999999 0.00000000099999999999 
0.99997308387816497000 0.00000000100000000000 0.00002690035231775414 0.00000000100000000000 0.00000000100000000000 0.00000000100000000000 0.00000001076951742968 0.00000000100000000000 
0.93988005408397978790 0.00000000100000000000 0.00000000100000000000 0.00000001240559344237 0.05984701639693356529 0.00000000100000000000 0.00027291311349332249 0.00000000100000000000 
0.91612348669539456214 0.00000000099999999999 0.00000000099999999999 0.00000000099999999999 0.00000000099999999999 0.02510030046699245065 0.05877620783761319107 0.00000000099999999999 
0.29002924340545949144 0.00000000100000000000 0.00000000100000000000 0.03662828506450331589 0.09605903837784474097 0.02198933196368742238 0.54548578786176360467 0.00980831132674147947 
0.56258854805267988208 0.00000000100000000000 0.00037316918361959844 0.28400774306315923479 0.00000000100000000000 0.00593889882451079185 0.11098668294151378677 0.03610495593451673590 
0.94605086150759654107 0.00000000099999999999 0.00000000099999999999 0.00000000099999999999 0.05394913249240370495 0.00000000099999999999 0.00000000099999999999 0.00000000099999999999 
0.93940750398902472806 0.00000000099999999999 0.00000000099999999999 0.00000000099999999999 0.06059248782893681545 0.00000000099999999999 0.00000000318203866934 0.00000000099999999999 
0.93647424692984460037 0.01641674648216321503 0.00000000100000000000 0.00046674174098133684 0.04664226084701086211 0.00000000100000000000 0.00000000100000000000 0.00000000100000000000 
0.84397051601180250735 0.00000000100000000000 0.00000000100000000000 0.00005676547202633749 0.00000000100000000000 0.00000000100000000000 0.11591951838418361465 0.04005319613198767698 
0.00000000099999999990 0.00000000099999999990 0.00000000099999999990 0.00000000099999999990 0.99999999299999997593 0.00000000099999999990 0.00000000099999999990 0.00000000099999999990 
0.84258854945230832190 0.00000000100000000000 0.00000000100000000000 0.02678838604897201131 0.00985769500279480917 0.00000000100000000000 0.12076536549592498115 0.00000000100000000000 
0.00000000142772394817 0.00642889176253953840 0.00000000296750129291 0.00075846880559669210 0.23433838323204173038 0.00000000100000000000 0.75847424980459676735 0.00000000100000000000 
0.07542213940208138123 0.00639748456345909291 0.00000000100000000000 0.03820324450003151351 0.27352656036571904030 0.01148366599903193411 0.58502647136614005507 0.00994043280353700855 
0.97304271237078610035 0.00000000099999999999 0.00000000099999999999 0.00000000099999999999 0.02695728162921409363 0.00000000099999999999 0.00000000099999999999 0.00000000099999999999 
0.98932742451189603639 0.00000000099999999999 0.00000000099999999999 0.00000000099999999999 0.01067256948810411596 0.00000000099999999999 0.00000000099999999999 0.00000000099999999999 
0.06387746595721431608 0.00000084688152395581 0.00000000100000000000 0.00001755166712480030 0.21463893620512600191 0.00000000100000000000 0.70107763234233133609 0.02038756494667959621 
0.97328283561142026059 0.00000000099999999999 0.00000000099999999999 0.00000000099999999999 0.02671715796048866609 0.00000000099999999999 0.00000000142809110443 0.00000000099999999999 
0.98276072730386410115 0.00000000099999999999 0.01363566529810669725 0.00000000099999999999 0.00360360239802934041 0.00000000099999999999 0.00000000099999999999 0.00000000099999999999 
0.02264114468442803355 0.00000000099999999999 0.00000000099999999999 0.00000000099999999999 0.26985115163541417704 0.00000000099999999999 0.70750769868015783715 0.00000000099999999999 
0.98872938579277647175 0.00000000099999999999 0.00000000099999999999 0.00000000099999999999 0.01127060820722364416 0.00000000099999999999 0.00000000099999999999 0.00000000099999999999 
0.96942319790333586482 0.00000000099999999998 0.00000000099999999998 0.00000000099999999998 0.03057679609666416262 0.00000000099999999998 0.00000000099999999998 0.00000000099999999998 
0.00000000099999999998 0.00000000099999999998 0.00000000099999999998 0.00000000099999999998 0.00000000099999999998 0.00000000099999999998 0.99999999299999997593 0.00000000099999999998 
0.97632457385487358970 0.00000000099999999999 0.00000000099999999999 0.00006690212343338889 0.01851672060167327064 0.00000000099999999999 0.00509179942001980555 0.00000000099999999999 
0.05350495090454925051 0.00000000099999999999 0.00000000099999999999 0.00000000099999999999 0.29150555299225389128 0.01546205420941352583 0.63952743789378330153 0.00000000099999999999 
0.00000000099999999999 0.00000000099999999999 0.00000000099999999999 0.00000000099999999999 0.18633913827691878096 0.00000000099999999999 0.81366085572308111118 0.00000000099999999999 
0.06894752185233196662 0.00000000100000000000 0.00000000100000000000 0.03081565093033409100 0.35013627175091621702 0.00004762189308997802 0.55005293057332760309 0.00000000100000000000 
0.00000000099999999999 0.00000000099999999999 0.00000000099999999999 0.00000000099999999999 0.26034526294265236679 0.00000000099999999999 0.73965473105734758086 0.00000000099999999999 
0.94510368331569949429 0.00000000099999999998 0.00000000099999999998 0.00000000099999999998 0.05489631068430055744 0.00000000099999999998 0.00000000099999999998 0.00000000099999999998 
0.95118106680555591925 0.00000000099999999999 0.00000000099999999999 0.00000000099999999999 0.00000000099999999999 0.04881892719444420881 0.00000000099999999999 0.00000000099999999999 
0.84562534409715994776 0.00000000099999999999 0.00000000099999999999 0.00030691476944786993 0.00000000099999999999 0.00863858615229826793 0.14542915098109393535 0.00000000099999999999 
0.80351835361531454005 0.00740131458062386147 0.00000000100000000000 0.03684164921138765453 0.00000000100000000000 0.03101441454630603917 0.12122426504636792111 0.00000000100000000000 
0.84041939052653991116 0.00000000099999999999 0.00000000099999999999 0.00000005950431001232 0.00000000099999999999 0.00000000099999999999 0.15958054496915016762 0.00000000099999999999 
0.15359322049672494148 0.00000000100000000000 0.03956810044317582431 0.00000000100000000000 0.23158542860279912601 0.00000000100000000000 0.55431238019651973836 0.02094086726078052407 
0.93566923714942096257 0.00000000100000000000 0.00000000100000000000 0.00000000100000000000 0.01630332691688296878 0.04802743093369622740 0.00000000100000000000 0.00000000100000000000 
0.91780310200506687313 0.00000000099999999999 0.00000000099999999999 0.00000000099999999999 0.07368853528256365248 0.00000000099999999999 0.00000000099999999999 0.00850835771236953600 
0.99940454253852273325 0.00000000099999999998 0.00000000099999999998 0.00000000099999999998 0.00000388347144413114 0.00000000099999999998 0.00059156899003328777 0.00000000099999999998 
0.48854748395526520488 0.00000000099999999999 0.00000000099999999999 0.00000000099999999999 0.20606985680476783140 0.03242101006032087340 0.24902184669164698083 0.02393979948799900004 
0.30927255306855117034 0.00341073055010143126 0.00592158551787422792 0.00000000100000000000 0.15386205242804562587 0.02797922198931254364 0.49955385444611488666 0.00000000100000000000 
0.92496807329920327501 0.00000000099999999999 0.00000000099999999999 0.00997320328139742786 0.06505261360036238005 0.00000000099999999999 0.00000610581903693256 0.00000000099999999999 
0.96941617444801819747 0.00000000100000000000 0.00000000100000000000 0.00000000825939742299 0.03058381229258457651 0.00000000100000000000 0.00000000100000000000 0.00000000100000000000 
0.25868137480141628615 0.00000000099999999999 0.00000000099999999999 0.00000000099999999999 0.25243099485651304681 0.00000000099999999999 0.48888762534207064192 0.00000000099999999999 
0.00000000099999999998 0.00000000099999999998 0.00000000099999999998 0.00000000099999999998 0.00000000099999999998 0.00000000099999999998 0.99999999299999986491 0.00000000099999999998 
0.22910443779069683545 0.00000000100000000000 0.00000000100000000000 0.00000396716186888552 0.19903437417563710210 0.01590056192794617879 0.54411891500315101577 0.01183774194070004102 
0.97479348102372131990 0.00000000099999999999 0.00000000099999999999 0.00000000099999999999 0.02520646091560369353 0.00000005306067496521 0.00000000099999999999 0.00000000099999999999 
0.90561421580174483736 0.00000000099999999999 0.00000000099999999999 0.00000000099999999999 0.00010883020534404713 0.00000000099999999999 0.09427694899291123865 0.00000000099999999999 
0.78335155699973191279 0.00000000100000000000 0.00000000100000000000 0.00000000100000000000 0.00000000267772576587 0.07230000083829744850 0.14434843548424469706 0.00000000100000000000 
0.09759393130295992980 0.00000000099999999999 0.00000000099999999999 0.00000000099999999999 0.24070347123446353410 0.01974960477572111975 0.64195298868685546356 0.00000000099999999999 
0.12068532724802047418 0.00934234041448466120 0.00000000100000000000 0.00000000100000000000 0.24352788096060873357 0.00000000100000000000 0.62644444737688598224 0.00000000100000000000 
0.90856933173757570277 0.00000000099999999999 0.00000000099999999999 0.00000000099999999999 0.00498534485190140712 0.06322232423042960237 0.02322299518009340175 0.00000000099999999999 
0.99999999300000019797 0.00000000099999999999 0.00000000099999999999 0.00000000099999999999 0.00000000099999999999 0.00000000099999999999 0.00000000099999999999 0.00000000099999999999 
0.99999999300000008695 0.00000000099999999999 0.00000000099999999999 0.00000000099999999999 0.00000000099999999999 0.00000000099999999999 0.00000000099999999999 0.00000000099999999999 
0.95928719304979603866 0.00000000099999999999 0.00000000099999999999 0.00000000099999999999 0.00000000099999999999 0.04071280095020403389 0.00000000099999999999 0.00000000099999999999 
0.90604651111563960786 0.00000000099999999999 0.00000000099999999999 0.00000000099999999999 0.00000000099999999999 0.00000000099999999999 0.09395348288436035367 0.00000000099999999999 
0.87084645254888592980 0.00000000100000000000 0.00000000100000000000 0.02341260247385400575 0.00018156710206479728 0.00000000100000000000 0.09609796381431981449 0.00946141106087551760 
