0.00000026115163421699 0.01732192528443397134 0.00000193376165507388 0.02735085834832907264 0.46021404296244439180 0.03791568856556058048 0.04784816006471338812 0.40934712986122934186 
0.00000000099999999989 0.00000000099999999989 0.00000000099999999989 0.00000000099999999989 0.00000000099999999989 0.00000000099999999989 0.00000000099999999989 0.99999999300000008695 
0.00000000099999999998 0.00000000099999999998 0.00000000099999999998 0.00000000099999999998 0.99999999299999997593 0.00000000099999999998 0.00000000099999999998 0.00000000099999999998 
0.00000000099999999998 0.00000000099999999998 0.00000000099999999998 0.00000000099999999998 0.99999999300000008695 0.00000000099999999998 0.00000000099999999998 0.00000000099999999998 
0.00000000100000000000 0.01239718991735249201 0.04794938211278333001 0.00203787184046615513 0.31867077055090914373 0.02558630491289184267 0.01850353205468943316 0.57485494761090749627 
0.01316756241566834247 0.00000000100000000000 0.00000000100000000000 0.01173866076351041433 0.72618179022603768225 0.00240770487361446168 0.00000000100000000000 0.24650427872116917327 
0.00000000100000000000 0.07015797931885389693 0.00000000100000000000 0.12626602396808433992 0.38611015245142887853 0.00820342142798140099 0.00000000100000000000 0.40926241983365158061 
0.02078047381243321168 0.01151407311846478626 0.00000000100000000000 0.00000000100000000000 0.54772795546072594597 0.02217856613282861641 0.00655783091713637439 0.39124109855841110450 
0.00000000100000000000 0.08474347851581336133 0.00000000100000000000 0.00000000100000000000 0.46781866999128030038 0.05643793778549848622 0.00014767145840561351 0.39085223924900225345 
0.00000000100000000000 0.00000000100000000000 0.02320768913544907566 0.00075173013420081500 0.42715682409994487623 0.06237032342113503491 0.01772522249231448660 0.46878820871695581207 
0.01285517473381931133 0.10400470658275613733 0.01415477437672780885 0.00000000100000000000 0.31221827785299732794 0.02413276194443591052 0.03763135911249108206 0.49500294439677233749 
0.00000000100000000000 0.04423981894673868764 0.00000000100000000000 0.00000000100000000000 0.45193742189411645338 0.00801463572832932999 0.02906655280263300417 0.46674156762818252986 
0.03282035788401194837 0.03631401652507189326 0.00000000100000000000 0.00000000100000000000 0.49150183004894171246 0.00000000100000000000 0.01449752373717037336 0.42486626880480410362 
0.00000000099999999998 0.00000000099999999998 0.00000000099999999998 0.00000000099999999998 0.99999999299999997593 0.00000000099999999998 0.00000000099999999998 0.00000000099999999998 
0.00000021324239641987 0.00039368303168365004 0.00091107464995177306 0.02913418792970751472 0.60155597505696467575 0.00673455929556486879 0.05318540294640075605 0.30808490384733039358 
0.05231951706809293001 0.11045172961251648047 0.00000000100000000000 0.00000000100000000000 0.37765327690330779964 0.00000000100000000000 0.00000000100000000000 0.45957547241608293076 
0.00001171242043526919 0.03781147322626605967 0.00000048115762460544 0.00000000100000000000 0.42597657251755238761 0.05400491832428017114 0.00027695564832577757 0.48191788570551580273 
0.00000000100000000000 0.10059972006348652518 0.00190759706089459495 0.00687153067584934940 0.44947994693113368925 0.00000000100000000000 0.02265984892948662288 0.41848135433914934733 
0.00000000100000000000 0.04091195253371621848 0.01418255403330008317 0.00000000100000000000 0.41132511276861699612 0.00000023790253845027 0.09288969736315944026 0.44069044339866869642 
0.00000192624002463024 0.12267209151547633916 0.00000001492353507755 0.00000000100000000000 0.36323225303170530998 0.01338003475423049822 0.04875409626196235829 0.45195958227306587407 
0.00000000100000000000 0.00000000100000000000 0.03455298256765141490 0.00000070779945382533 0.46378557081499810488 0.00000000100000000000 0.06589153604806749498 0.43576919976982925187 
0.00000000099999999997 0.00000000099999999997 0.00000000099999999997 0.00000000099999999997 0.00000000099999999997 0.00000000099999999997 0.00000000099999999997 0.99999999299999997593 
0.00000401985598884005 0.06139758246336114722 0.00304785358251419281 0.00000000100000000000 0.46821320805550264987 0.01455246022432672010 0.03686995572774107860 0.41591491909056527154 
0.00000000100000000000 0.07640735737152624940 0.00000000100000000000 0.00000000100000000000 0.44476553110969496707 0.00000000100000000000 0.00000000100000000000 0.47882710651877885555 
0.00022511394898342628 0.09581962084024581161 0.00741897537095207935 0.02139634524204064858 0.46122226287248735410 0.00000000100000000000 0.01408976707574912529 0.39982791364954145541 
0.00000000100000000000 0.07184734359395089642 0.00000000100000000000 0.00000000100000000000 0.47505852311842017288 0.03637760077346788995 0.00011433463624229579 0.41660219487791882997 
0.00000000099999999997 0.00000000099999999997 0.00000000099999999997 0.00000000099999999997 0.00000000099999999997 0.00000000099999999997 0.00000000099999999997 0.99999999300000008695 
0.03351774952576355715 0.00921398705661062231 0.00000000100000000000 0.00000000100000000000 0.39675929980292939936 0.04671904284106839778 0.03889056637399868760 0.47489935239962932645 
0.03600772199845130028 0.01836882953434636895 0.00000000100000000000 0.00000000100000000000 0.40314528979772557005 0.00000000100000000000 0.06876934137604326369 0.47370881429343347779 
0.00000000099999999997 0.00000000099999999997 0.00000000099999999997 0.00000000099999999997 0.00000000099999999997 0.00000000099999999997 0.00000000099999999997 0.99999999299999997593 
0.04579676485267457353 0.03001090091329450260 0.00000000100000000000 0.00000000100000000000 0.48059179808919999521 0.00557490828536042794 0.03399989817463675706 0.40402572768483391297 
0.00000000099999999999 0.13398342786856329290 0.00473048927092604814 0.00092601070195134363 0.55404602430123983670 0.00000000099999999999 0.00000000099999999999 0.30631404485731944520 
0.06332213585750713636 0.10978988395076968998 0.00015302177333554150 0.00000000100000000000 0.32850110527858900067 0.01402058145661679023 0.01995300510129954796 0.46426026558188226989 
0.00000000099999999996 0.00000000099999999996 0.00000000099999999996 0.00000000099999999996 0.00000000099999999996 0.00000000099999999996 0.00000000099999999996 0.99999999300000008695 
0.00000000100000000000 0.01025625593916334490 0.00069968574790286000 0.00000000100000000000 0.67719173550245115312 0.03948293820123102704 0.01018824522802289946 0.26218113738122866829 
0.05032559249664950163 0.00003038642655440977 0.00000087841545126933 0.00000131786774041293 0.37961036222894367631 0.05302774658288385984 0.05631117351423072653 0.46069254246754615112 
0.00000000099999999989 0.00000000099999999989 0.00000000099999999989 0.00000000099999999989 0.00000000099999999989 0.00000000099999999989 0.00000000099999999989 0.99999999299999997593 
0.01953874372281968336 0.00000000100000000000 0.01097528684207122081 0.00000000100000000000 0.51495453932603207914 0.02387054648616284552 0.04697384678691651771 0.38368703483599758686 
0.00000000099999999993 0.00000000099999999993 0.00000000099999999993 0.00000000099999999993 0.00000000099999999993 0.00000000099999999993 0.00000000099999999993 0.99999999299999997593 
0.00000000898208862154 0.09806138332411500069 0.01590379363334195467 0.00000000100000000000 0.32671709687946087763 0.02856677435087517231 0.00001452348929498979 0.53073641834082341262 
0.00000000099999999996 0.00000000099999999996 0.00000000099999999996 0.00000000099999999996 0.00000000099999999996 0.00000000099999999996 0.00000000099999999996 0.99999999299999997593 
0.00000000100000000000 0.16874860828098992016 0.01974280041011810399 0.00000025748790167510 0.44264212339192887669 0.00000000100000000000 0.00000000100000000000 0.36886620742906145454 
0.00000000100000000000 0.00000000100000000000 0.00000000100000000000 0.00000000100000000000 0.55179786730142998952 0.04446319488265172010 0.03355110038056842436 0.37018783343534983343 
0.00000000100000000000 0.02093551138140819709 0.02172175681164598832 0.00023890259407183985 0.51619797278545020980 0.01941863528404785474 0.05026084668615169587 0.37122637345722414581 
0.00000000100000000000 0.05553516979831899653 0.00000000100000000000 0.02503859284127975260 0.43661830673774049139 0.01352812386415322941 0.00864720645480832745 0.46063259830369923664 
0.00000000100000000000 0.10172804204739242795 0.00000000100000000000 0.00000000100000000000 0.39451877778231486671 0.00087219323871036577 0.02206272511630150840 0.48081825881528084121 
0.00000000100000000000 0.08280829629095506905 0.00000000100000000000 0.02547854342376076539 0.44684376131155756351 0.00000000100000000000 0.04467615772222396919 0.40019323825150260321 
0.04250271093780091936 0.07688012675902906878 0.00000000100000000000 0.00420609293159142882 0.38565813544184629480 0.04707421834485560341 0.00773609107205321458 0.43594262351282342394 
0.00000000100000000000 0.02735857324409000577 0.00000000100000000000 0.09952332568870275731 0.36967861178511968179 0.00264075159628443046 0.06356397364044892584 0.43723476204535433043 
0.00000000099999999998 0.00000000099999999998 0.00000000099999999998 0.00000000099999999998 0.99999999300000008695 0.00000000099999999998 0.00000000099999999998 0.00000000099999999998 
0.00000090370999351337 0.10041488457547124991 0.03670341208980697212 0.00623227582705710489 0.37494307014769495678 0.00679510722107042400 0.01060323800497737882 0.46430710842392847182 
0.00000000100000000000 0.04408383180071624718 0.00000000100000000000 0.01315645611131416488 0.36636816476883699023 0.04326413631254220210 0.08824306881214910581 0.44488434019444134115 
0.00006987603998450271 0.00000000100000000000 0.00696058744935764730 0.00000000100000000000 0.53556692784872117485 0.04746655842452161128 0.01681949147717928805 0.39311655676023576911 
0.00569371538639179813 0.08003953196582147545 0.00000000100000000000 0.05021192004392642516 0.29897368172705091061 0.00805691424970864795 0.03641240164824304654 0.52061183397885779645 
0.01455454004762055109 0.00005315202189292884 0.00819304659511522516 0.04926997402851354679 0.74334193408947812909 0.00927960023387521503 0.00007559359559845445 0.17523215938790595581 
0.00000000099999999997 0.00000000099999999997 0.00000000099999999997 0.00000000099999999997 0.00000000099999999997 0.00000000099999999997 0.00000000099999999997 0.99999999299999997593 
0.00000000099999999998 0.00000000099999999998 0.00000000099999999998 0.00000000099999999998 0.00000000099999999998 0.03638351372204352147 0.29575825295739960330 0.66785822832055685705 
0.06882100289004469684 0.04081449821236766279 0.00000000100000000000 0.00000015184039782890 0.49987179466701719965 0.00000000100000000000 0.02194083969801161396 0.36855171069216108304 
0.00082114303677675545 0.09056797844407410425 0.00681045748669342147 0.00000000100000000000 0.46197941226524635860 0.00000000100000000000 0.02537840388631632665 0.41444260288089307398 
0.08973257267433734641 0.05718105296647703339 0.00000000100000000000 0.00000000100000000000 0.35195618261516137260 0.04055355235314268836 0.11615178206980718290 0.34442485532107436352 
0.03656441790967158989 0.11311781229523754089 0.00000000100000000000 0.04706845331830515622 0.26043055311878071656 0.00763253021189153058 0.03355171493285056400 0.50163451721326290933 
0.00000000099999999997 0.00000000099999999997 0.00000000099999999997 0.00000000099999999997 0.00000000099999999997 0.00000000099999999997 0.00000000099999999997 0.99999999300000008695 
0.00000000100000000000 0.05757445749468850099 0.00000000100000000000 0.06974845362654570613 0.37017951950136152028 0.04814680473466941696 0.00000000380307594290 0.45435075883965891919 
0.00000000100000000000 0.11012150152185944119 0.00000000100000000000 0.00000000100000000000 0.38025175391413629233 0.02243417935299229712 0.02151111286341074458 0.46568144934760119513 
0.01638423211862875123 0.05987351518108378901 0.00003907975591149701 0.04351118948749477938 0.57564436796204987434 0.00875817988228756034 0.01625154876764043840 0.27953788684490332717 
0.00002366748271718141 0.00000000291086296720 0.00798828917427015991 0.00000000100000000000 0.59746796737810559108 0.00624527022678475572 0.01952195238978135169 0.36875284943747793642 
0.00000000100000000000 0.07765309001810963285 0.00000000100000000000 0.08558686280362569343 0.75804833338617982896 0.00000000100000000000 0.00375409702456378381 0.07495761376752112237 
0.00000000137652258804 0.09480155889568796235 0.02457351612056656726 0.04018641350670749957 0.38560953020339489017 0.01994884772036835743 0.02989240280176311271 0.40498772937498883628 
0.00000000100000000000 0.04500635013925673167 0.00000000553380237680 0.04471737296129639494 0.37863426710613728998 0.00000375970066486909 0.06257142163537661450 0.46906682192346588200 
0.04495091461398219301 0.00000159738272732486 0.00000000100000000000 0.00241892624187387299 0.43654228454897353595 0.01224149152412024391 0.05051971159631898217 0.45332507309200392731 
0.04592318165988293344 0.23743241518028862513 0.00000048651343682025 0.01478057992901121026 0.36811896715505298960 0.00000000100000000000 0.00000000100000000000 0.33374436756232739310 
0.00000000100000000000 0.05740980685041458670 0.00000000100000000000 0.00000000100000000000 0.49098972387556721886 0.06204248922883633804 0.34592617622947441358 0.04363180081570755542 
0.00000000099999999998 0.00000000099999999998 0.00000000099999999998 0.00000000099999999998 0.99999999299999997593 0.00000000099999999998 0.00000000099999999998 0.00000000099999999998 
0.00000000099999999998 0.00000000099999999998 0.00000000099999999998 0.00000000099999999998 0.99999999300000008695 0.00000000099999999998 0.00000000099999999998 0.00000000099999999998 
0.00000000100000000000 0.00565674167236484941 0.03939799735640846234 0.00000000100000000000 0.43814306182682138946 0.03387798276109865725 0.08252286927617548395 0.40040134510713115690 
0.00000000100000000000 0.10175431125205317007 0.03199056750630098478 0.00000000100000000000 0.41898520389846372058 0.01696836902426061833 0.00000000100000000000 0.43030154531892156333 
0.00000000100000000000 0.03451687681780372940 0.00109076823152145434 0.02831022642147148008 0.48009017223899363991 0.02999048984948357588 0.04843855822153390195 0.37756290721919227860 
0.01804444697080782173 0.00000000100000000000 0.00000000100000000000 0.11425498033366389417 0.71567546775670831671 0.00000000100000000000 0.00000000100000000000 0.15202510093881982378 
0.00000000099999999996 0.00000000099999999996 0.00000000099999999996 0.00000000099999999996 0.00000000099999999996 0.00000000099999999996 0.00000000099999999996 0.99999999300000008695 
0.00000000100000000000 0.04469693521462372865 0.01047505123649317312 0.00000000100000000000 0.41440564810667879225 0.01773566526439536092 0.04773182116532313779 0.46495487701248566781 
0.00000000099999999998 0.13585374620720072625 0.00000000099999999998 0.00000000099999999998 0.00000000099999999998 0.00003356216024873992 0.30451274883428097739 0.55959993879826952501 
0.00000000100000000000 0.07152129850279734247 0.00000000989866279976 0.05961245682104571869 0.29379419790265937085 0.03158120209656548050 0.04545762578425814604 0.49803320799401107344 
0.00991990495049728700 0.02537115033585290655 0.00000000100000000000 0.03962228616555069083 0.54555242568663453451 0.00000000100000000000 0.05372201220677193939 0.32581221865469250920 
0.00000000099999999998 0.00000000099999999998 0.00000000099999999998 0.00000000099999999998 0.00000000099999999998 0.00000000099999999998 0.00000000099999999998 0.99999999300000008695 
0.00000000100000000000 0.10151418318054722389 0.00011540478704411897 0.08543119265937414164 0.39718827954895513654 0.00056747602094083124 0.05229018225658771390 0.36289328054655084488 
0.00000000120128728590 0.00000000100000000000 0.00000000100000000000 0.00000837447468502491 0.62674691191057740891 0.00149407806826739958 0.04112432316838727370 0.33062630917679552978 
0.00000000099999999998 0.00000000099999999998 0.00000000099999999998 0.00000000099999999998 0.99999999300000008695 0.00000000099999999998 0.00000000099999999998 0.00000000099999999998 
0.00000000100000000000 0.11299592602042778100 0.00144572425323947042 0.00972532226157745219 0.35338511219122209495 0.02359590870850923963 0.05183664135797293182 0.44701536420705101360 
0.00000023037863398607 0.06596926748087429682 0.00000009719260997563 0.00620664314496639259 0.59917596545335805036 0.00000350414569367982 0.00000614742644577283 0.32863814477741776221 
0.00000000100000000000 0.12218488362488832966 0.03340947057397308101 0.00000000413080155502 0.40460831087256710070 0.00000073102407385068 0.05369578804181416448 0.38610081073188190492 
0.00044814382746653840 0.04800095886342364143 0.01020941596850313826 0.00889642375771804508 0.62809732168454335266 0.00499892270897281214 0.01559424206824152996 0.28375457112113083857 
0.00000000099999999998 0.00000000099999999998 0.00000000099999999998 0.00000000099999999998 0.99999999300000008695 0.00000000099999999998 0.00000000099999999998 0.00000000099999999998 
0.00000000100000000000 0.04992376602096173371 0.00000000100000000000 0.05739191559858254632 0.45727106626009389467 0.02155188121736531168 0.06703547591295402897 0.34682589299004251693 
0.00000000100000000000 0.00000000100000000000 0.02638190555826618391 0.02899050953040475595 0.80748853583323498828 0.00015149627974906513 0.01078161403258430864 0.12620593676576066788 
0.02230722931868839298 0.04171770788434133598 0.00000000115288464276 0.00044589545880591906 0.37451553657628994243 0.04547619770814570472 0.01093029896457032614 0.50460713293627368348 
0.00815053295481540235 0.00000000100000000000 0.00000601875681870450 0.07101897561796728653 0.40482595428392242898 0.06441718484431335767 0.02997866275457514856 0.42160266978758759171 
0.00000000100000000000 0.70182328972351248897 0.00000000105617341561 0.00000000100000000000 0.00000000100000000000 0.02971096510379980446 0.06127965024877116834 0.20718609086774322781 
0.00000000099999999999 0.99999999300000008695 0.00000000099999999999 0.00000000099999999999 0.00000000099999999999 0.00000000099999999999 0.00000000099999999999 0.00000000099999999999 
0.00842803811641360499 0.70003729969359729246 0.00000000100000000000 0.00114401863947968178 0.00000000100000000000 0.01460526308366714293 0.10471470100224432309 0.17107067746459797553 
0.00000000099999999997 0.99999999300000019797 0.00000000099999999997 0.00000000099999999997 0.00000000099999999997 0.00000000099999999997 0.00000000099999999997 0.00000000099999999997 
0.04231760141378950596 0.68200923378991118451 0.00000000100000000000 0.00005366221471601753 0.04160337579761575616 0.06923687342962844826 0.07525677906874787826 0.08952247328559109762 
0.00000000099999999998 0.99999999300000019797 0.00000000099999999998 0.00000000099999999998 0.00000000099999999998 0.00000000099999999998 0.00000000099999999998 0.00000000099999999998 
0.00000000099999999999 0.99999999300000008695 0.00000000099999999999 0.00000000099999999999 0.00000000099999999999 0.00000000099999999999 0.00000000099999999999 0.00000000099999999999 
0.00000000099999999998 0.99999999300000019797 0.00000000099999999998 0.00000000099999999998 0.00000000099999999998 0.00000000099999999998 0.00000000099999999998 0.00000000099999999998 
0.00000000099999999999 0.99999999300000008695 0.00000000099999999999 0.00000000099999999999 0.00000000099999999999 0.00000000099999999999 0.00000000099999999999 0.00000000099999999999 
0.00000000099999999998 0.99999999300000019797 0.00000000099999999998 0.00000000099999999998 0.00000000099999999998 0.00000000099999999998 0.00000000099999999998 0.00000000099999999998 
0.00073750779283905795 0.77143309387881331407 0.00000000100000000000 0.00000000100000000000 0.00000000100000000000 0.03669923058791246112 0.07984342995065046855 0.11128673478978480527 
0.00000000099999999999 0.99979143658047464616 0.00000000099999999999 0.00000000099999999999 0.00000000099999999999 0.00020855741952552541 0.00000000099999999999 0.00000000099999999999 
0.00000000099999999998 0.99999999300000008695 0.00000000099999999998 0.00000000099999999998 0.00000000099999999998 0.00000000099999999998 0.00000000099999999998 0.00000000099999999998 
0.00000000099999999998 0.99949375292107300872 0.00000000099999999998 0.00000000099999999998 0.00000000099999999998 0.00000000099999999998 0.00050624107892708616 0.00000000099999999998 
0.00000000099999999998 0.99999999300000019797 0.00000000099999999998 0.00000000099999999998 0.00000000099999999998 0.00000000099999999998 0.00000000099999999998 0.00000000099999999998 
0.00000000099999999998 0.99999999300000019797 0.00000000099999999998 0.00000000099999999998 0.00000000099999999998 0.00000000099999999998 0.00000000099999999998 0.00000000099999999998 
0.00000000099999999999 0.99999999300000008695 0.00000000099999999999 0.00000000099999999999 0.00000000099999999999 0.00000000099999999999 0.00000000099999999999 0.00000000099999999999 
0.00000000099999999999 0.88354132658610573525 0.00000000099999999999 0.00000000099999999999 0.00000000099999999999 0.00000000099999999999 0.11645866741389440668 0.00000000099999999999 
0.00000000099999999998 0.98373668091868549102 0.00000000099999999998 0.00000000099999999998 0.00000000099999999998 0.01626331308131459194 0.00000000099999999998 0.00000000099999999998 
0.03277616227246756692 0.41679210961047302719 0.00217154027168910612 0.12668809575763911868 0.23853777999451697411 0.00837756730365870131 0.11777575917347435364 0.05688098561608137538 
0.00000000099999999999 0.99999999300000008695 0.00000000099999999999 0.00000000099999999999 0.00000000099999999999 0.00000000099999999999 0.00000000099999999999 0.00000000099999999999 
0.00000000099999999997 0.99999999300000019797 0.00000000099999999997 0.00000000099999999997 0.00000000099999999997 0.00000000099999999997 0.00000000099999999997 0.00000000099999999997 
0.00000000099999999999 0.99999999300000008695 0.00000000099999999999 0.00000000099999999999 0.00000000099999999999 0.00000000099999999999 0.00000000099999999999 0.00000000099999999999 
0.00000000099999999999 0.99220618399821391975 0.00779381000178616667 0.00000000099999999999 0.00000000099999999999 0.00000000099999999999 0.00000000099999999999 0.00000000099999999999 
0.00000000099999999998 0.99999999300000008695 0.00000000099999999998 0.00000000099999999998 0.00000000099999999998 0.00000000099999999998 0.00000000099999999998 0.00000000099999999998 
0.00000000099999999999 0.99999999300000008695 0.00000000099999999999 0.00000000099999999999 0.00000000099999999999 0.00000000099999999999 0.00000000099999999999 0.00000000099999999999 
0.00000000099999999999 0.99999999300000019797 0.00000000099999999999 0.00000000099999999999 0.00000000099999999999 0.00000000099999999999 0.00000000099999999999 0.00000000099999999999 
0.00000000099999999999 0.99999999300000019797 0.00000000099999999999 0.00000000099999999999 0.00000000099999999999 0.00000000099999999999 0.00000000099999999999 0.00000000099999999999 
0.00000000099999999997 0.99999999300000008695 0.00000000099999999997 0.00000000099999999997 0.00000000099999999997 0.00000000099999999997 0.00000000099999999997 0.00000000099999999997 
0.00000000606171346580 0.67465033241844518663 0.00000000838544841843 0.01430576397524210668 0.08438015453631199370 0.04099111542700008270 0.07682403419277181178 0.10884858500306689166 
0.00000000099999999999 0.99999999300000008695 0.00000000099999999999 0.00000000099999999999 0.00000000099999999999 0.00000000099999999999 0.00000000099999999999 0.00000000099999999999 
0.00000000099999999996 0.13908326464315429183 0.00000000099999999996 0.00000000099999999996 0.00000000099999999996 0.86091672935684582235 0.00000000099999999996 0.00000000099999999996 
0.00000000099999999995 0.00000000099999999995 0.00000000099999999995 0.00000000099999999995 0.00000000099999999995 0.99999999299999997593 0.00000000099999999995 0.00000000099999999995 
0.00000000099999999995 0.00000000099999999995 0.00000000099999999995 0.00000000099999999995 0.00000000099999999995 0.99999999300000008695 0.00000000099999999995 0.00000000099999999995 
0.00000000099999999995 0.00000000099999999995 0.00000000099999999995 0.00000000099999999995 0.00000000099999999995 0.99999999299999997593 0.00000000099999999995 0.00000000099999999995 
0.00000000099999999994 0.00000000099999999994 0.00000000099999999994 0.00000000099999999994 0.00000000099999999994 0.99999999299999997593 0.00000000099999999994 0.00000000099999999994 
0.00000000099999999993 0.00000000099999999993 0.00000000099999999993 0.00000000099999999993 0.00000000099999999993 0.99999999299999997593 0.00000000099999999993 0.00000000099999999993 
0.00000000099999999994 0.00000000099999999994 0.00000000099999999994 0.00000000099999999994 0.00000000099999999994 0.99999999299999997593 0.00000000099999999994 0.00000000099999999994 
0.00000000099999999995 0.00000000099999999995 0.00000000099999999995 0.00000000099999999995 0.00000000099999999995 0.99999999299999997593 0.00000000099999999995 0.00000000099999999995 
0.00000000099999999993 0.00000000099999999993 0.00000000099999999993 0.00000000099999999993 0.00000000099999999993 0.99999999300000008695 0.00000000099999999993 0.00000000099999999993 
0.00000000099999999993 0.00000000099999999993 0.00000000099999999993 0.00000000099999999993 0.00000000099999999993 0.99999999299999997593 0.00000000099999999993 0.00000000099999999993 
0.00000000099999999994 0.00000000099999999994 0.00000000099999999994 0.00000000099999999994 0.00000000099999999994 0.99999999300000008695 0.00000000099999999994 0.00000000099999999994 
0.00000000099999999995 0.00000000099999999995 0.00000000099999999995 0.00000000099999999995 0.00000000099999999995 0.99999999300000008695 0.00000000099999999995 0.00000000099999999995 
0.00000000099999999999 0.00000000099999999999 0.00000000099999999999 0.00000000099999999999 0.00000000099999999999 0.37830425666335154578 0.62169573733664851289 0.00000000099999999999 
0.00000000099999999993 0.00000000099999999993 0.00000000099999999993 0.00000000099999999993 0.00000000099999999993 0.99999999300000008695 0.00000000099999999993 0.00000000099999999993 
0.00000000099999999994 0.00000000099999999994 0.00000000099999999994 0.00000000099999999994 0.00000000099999999994 0.99999999299999997593 0.00000000099999999994 0.00000000099999999994 
0.00000000099999999994 0.00000000099999999994 0.00000000099999999994 0.00000000099999999994 0.00000000099999999994 0.99999999299999997593 0.00000000099999999994 0.00000000099999999994 
0.00000000099999999996 0.00000000099999999996 0.00000000099999999996 0.00000000099999999996 0.00000000099999999996 0.99999999300000008695 0.00000000099999999996 0.00000000099999999996 
0.00000000099999999994 0.00000000099999999994 0.00000000099999999994 0.00000000099999999994 0.00000000099999999994 0.99999999300000008695 0.00000000099999999994 0.00000000099999999994 
0.00000000099999999993 0.00000000099999999993 0.00000000099999999993 0.00000000099999999993 0.00000000099999999993 0.99999999300000008695 0.00000000099999999993 0.00000000099999999993 
0.00000000099999999994 0.00000000099999999994 0.00000000099999999994 0.00000000099999999994 0.00000000099999999994 0.99999999300000008695 0.00000000099999999994 0.00000000099999999994 
0.00000000099999999999 0.00000000099999999999 0.00000000099999999999 0.00000000099999999999 0.00000000099999999999 0.54644921153102066214 0.45355078246897923000 0.00000000099999999999 
0.00000000099999999994 0.00000000099999999994 0.00000000099999999994 0.00000000099999999994 0.00000000099999999994 0.99999999300000008695 0.00000000099999999994 0.00000000099999999994 
0.00000000099999999999 0.00000000099999999999 0.00000000099999999999 0.00000000099999999999 0.00000000099999999999 0.59540158794519271179 0.40459840605480718034 0.00000000099999999999 
0.00000000099999999994 0.00000000099999999994 0.00000000099999999994 0.00000000099999999994 0.00000000099999999994 0.99999999299999997593 0.00000000099999999994 0.00000000099999999994 
0.00000000099999999995 0.00000000099999999995 0.00000000099999999995 0.00000000099999999995 0.00000000099999999995 0.99999999299999997593 0.00000000099999999995 0.00000000099999999995 
0.00000000099999999992 0.00000000099999999992 0.00000000099999999992 0.00000000099999999992 0.00000000099999999992 0.99999999300000008695 0.00000000099999999992 0.00000000099999999992 
0.52412689187271943592 0.01403561461251139064 0.31408244856776534881 0.11923146827182970475 0.00000000100000000000 0.00000000100000000000 0.00000000100000000000 0.02852357367517428799 
0.00000000099999999999 0.00000000099999999999 0.00000000099999999999 0.99999999299999997593 0.00000000099999999999 0.00000000099999999999 0.00000000099999999999 0.00000000099999999999 
0.05764926923837546124 0.00000000099999999999 0.00000000099999999999 0.94235072476162451416 0.00000000099999999999 0.00000000099999999999 0.00000000099999999999 0.00000000099999999999 
0.69589746263915097657 0.00000000099999999999 0.30385876707916154027 0.00024376528168756396 0.00000000099999999999 0.00000000099999999999 0.00000000099999999999 0.00000000099999999999 
0.00000022808837656638 0.00000000099999999999 0.01059408232508899858 0.98940567965758940971 0.00000000099999999999 0.00000000099999999999 0.00000000099999999999 0.00000000592894510121 
0.05824022825041529766 0.00000000099999999999 0.00000000099999999999 0.93856102236277405559 0.00000000099999999999 0.00000000099999999999 0.00000000099999999999 0.00319874438681060861 
0.00000943829838090717 0.00000000099999999999 0.00000000099999999999 0.99992024032100867981 0.00000000099999999999 0.00000000099999999999 0.00000000099999999999 0.00007031638061053591 
0.01137797844709591624 0.00000000100000000000 0.05474353229492157774 0.86828277924736974036 0.06559570601061273654 0.00000000100000000000 0.00000000100000000000 0.00000000100000000000 
0.00000000099999999999 0.00000000099999999999 0.00000000099999999999 0.99999999299999997593 0.00000000099999999999 0.00000000099999999999 0.00000000099999999999 0.00000000099999999999 
0.00000000100000000000 0.00000000100000000000 0.00000000100000000000 0.99998253157343031106 0.00000000100000000000 0.00000000100000000000 0.00001746242656984569 0.00000000100000000000 
0.00000352046330542041 0.00000000100000000000 0.06250001356227863347 0.92571571071142355613 0.00000000100000000000 0.00000000100000000000 0.00000000100000000000 0.01178075126299253997 
0.02799817511603428649 0.00000000100000000000 0.00000154392914789036 0.96864415226265920822 0.00335612469215875115 0.00000000100000000000 0.00000000100000000000 0.00000000100000000000 
0.46406827516635534847 0.01329930982066251412 0.15103354016639777835 0.30195738879339234506 0.04872431615467524152 0.00000000100000000000 0.00000000100000000000 0.02091716789851673711 
0.07592942385955606110 0.04313993462945817092 0.00000000100000000000 0.53770642153341874359 0.33871967927894713890 0.00000000100000000000 0.00325554855828699393 0.00124899014033295636 
0.00000000099999999999 0.00000000099999999999 0.05188736779452118170 0.94811262620547898106 0.00000000099999999999 0.00000000099999999999 0.00000000099999999999 0.00000000099999999999 
0.00000000099999999999 0.00000000099999999999 0.07508356918634261079 0.92491642481365754502 0.00000000099999999999 0.00000000099999999999 0.00000000099999999999 0.00000000099999999999 
0.00000000349719079905 0.00000000100000000000 0.04418474671619657818 0.94002527605502506081 0.00000241971873568453 0.01578755101285172005 0.00000000100000000000 0.00000000100000000000 
0.09483298799748704488 0.02932394932703356882 0.00000085668267683887 0.83336556960903085400 0.04247663338377170861 0.00000000100000000000 0.00000000100000000000 0.00000000100000000000 
0.00000000099999999990 0.00000000099999999990 0.99999999299999997593 0.00000000099999999990 0.00000000099999999990 0.00000000099999999990 0.00000000099999999990 0.00000000099999999990 
0.13274692086951009329 0.00000000100000000000 0.00260296423236115043 0.84186691395596535692 0.00000001141490697151 0.00000000100000000000 0.00000000100000000000 0.02278318652725640908 
0.70344072045431904616 0.00000000100000000000 0.24766921569972072392 0.00000070073060789264 0.00000000100000000000 0.00015711351014693588 0.00000000100000000000 0.04873224660520546897 
0.60532513754865602262 0.00000097011698584523 0.25328524195900015137 0.06386677009495629609 0.04397083862707670820 0.00893454510003050158 0.00000000100000000000 0.02461649555329446792 
0.00000000499765199511 0.00000000099999999999 0.02040301243393287389 0.97959697756841512817 0.00000000099999999999 0.00000000099999999999 0.00000000099999999999 0.00000000099999999999 
0.00000099951211842321 0.00000000099999999999 0.01579259379295213858 0.98420640169492934479 0.00000000099999999999 0.00000000099999999999 0.00000000099999999999 0.00000000099999999999 
0.63410123532565376703 0.00333624081975642016 0.26052058916727266480 0.07552548259961026911 0.01199698119399036575 0.01340257247380062175 0.00000000100000000000 0.00111689741991578286 
0.06808786155954993369 0.00000000099999999999 0.00000000099999999999 0.93191213244045023600 0.00000000099999999999 0.00000000099999999999 0.00000000099999999999 0.00000000099999999999 
0.00000000099999999999 0.00000000099999999999 0.00000403912008544737 0.98761608720887250623 0.00000000099999999999 0.00000000099999999999 0.01237986867104210950 0.00000000099999999999 
0.68325858244704562594 0.00000000100000000000 0.28245923412588047618 0.02600206091359012761 0.00828011851348393370 0.00000000100000000000 0.00000000100000000000 0.00000000100000000000 
0.00000058271359165965 0.00000000099999999999 0.00918363068003247990 0.99081578160637584496 0.00000000099999999999 0.00000000099999999999 0.00000000099999999999 0.00000000099999999999 
0.00000000099999999998 0.00000000099999999998 0.04770365771623143181 0.95229633628376875176 0.00000000099999999998 0.00000000099999999998 0.00000000099999999998 0.00000000099999999998 
0.99999999300000008695 0.00000000099999999997 0.00000000099999999997 0.00000000099999999997 0.00000000099999999997 0.00000000099999999997 0.00000000099999999997 0.00000000099999999997 
0.00000002153660177985 0.00000000099999999999 0.03355108409612589382 0.94651913057588965561 0.01992975979138281520 0.00000000099999999999 0.00000000099999999999 0.00000000099999999999 
0.63309525100685759558 0.00000000099999999999 0.30255236977047794689 0.06435237422266457119 0.00000000099999999999 0.00000000099999999999 0.00000000099999999999 0.00000000099999999999 
0.76294459685578563946 0.00000000099999999999 0.23705539714421444697 0.00000000099999999999 0.00000000099999999999 0.00000000099999999999 0.00000000099999999999 0.00000000099999999999 
0.66414550518248594013 0.00000000099999999999 0.27204777318437778355 0.04962369369124966512 0.01418302394188659769 0.00000000099999999999 0.00000000099999999999 0.00000000099999999999 
0.99999999300000019797 0.00000000099999999998 0.00000000099999999998 0.00000000099999999998 0.00000000099999999998 0.00000000099999999998 0.00000000099999999998 0.00000000099999999998 
0.00000000099999999998 0.00000000099999999998 0.00076932427328836660 0.99923066972671170660 0.00000000099999999998 0.00000000099999999998 0.00000000099999999998 0.00000000099999999998 
0.00000000099999999999 0.00000000099999999999 0.00000000099999999999 0.95375168457958880985 0.00000000099999999999 0.00000000099999999999 0.00000000099999999999 0.04624830942041117943 
0.13880268552604407839 0.00000000099999999999 0.00000000099999999999 0.84097744778991012637 0.00000000099999999999 0.00000000099999999999 0.00000000099999999999 0.02021986168404595399 
0.11748311005604128443 0.00000000100000000000 0.00000000100000000000 0.79823194322453105976 0.07532849257660612086 0.00895644796607514976 0.00000000100000000000 0.00000000317674620038 
0.17106985498164234416 0.00000000099999999999 0.00000000099999999999 0.82892355350376623058 0.00000658651459155861 0.00000000099999999999 0.00000000099999999999 0.00000000099999999999 
0.58821827460977726965 0.00255845554537481113 0.20220039664962560777 0.14186055918909715179 0.00000000100000000000 0.00000000100000000000 0.03924734420701028043 0.02591496779911498655 
0.00000000100000000000 0.01381854044975567609 0.02284020773706394586 0.96020885518593046548 0.00000000100000000000 0.00000000100000000000 0.00313239262724985526 0.00000000100000000000 
0.00000229220820697682 0.00545468654359604170 0.08034645660109890342 0.91419656064709819976 0.00000000100000000000 0.00000000100000000000 0.00000000100000000000 0.00000000100000000000 
0.00432949751123031228 0.00000000099999999998 0.00010882810258179196 0.99556166938618795292 0.00000000099999999998 0.00000000099999999998 0.00000000099999999998 0.00000000099999999998 
0.29246476508993407561 0.03411072061633920599 0.16800744514885354586 0.47447747781706639536 0.03093958832780673712 0.00000000099999999999 0.00000000099999999999 0.00000000099999999999 
0.48494680401844159068 0.00751536870194275015 0.16704653484379261563 0.32699558282952356780 0.00000286851656212089 0.00607649770707177714 0.00741634238266546467 0.00000000100000000000 
0.10778546051873753864 0.00000000099999999999 0.00000000099999999999 0.88259409372704977770 0.00962044075421278864 0.00000000099999999999 0.00000000099999999999 0.00000000099999999999 
0.00008226768039770358 0.00000000100000000000 0.03092450736688915486 0.94782961899908724224 0.00000000100000000000 0.00000000100000000000 0.00000000100000000000 0.02116360195362610233 
0.45038997460533558570 0.00000000099999999999 0.28250252687456811618 0.26710749352009632851 0.00000000099999999999 0.00000000099999999999 0.00000000099999999999 0.00000000099999999999 
0.99999999300000019797 0.00000000099999999998 0.00000000099999999998 0.00000000099999999998 0.00000000099999999998 0.00000000099999999998 0.00000000099999999998 0.00000000099999999998 
0.54657156680069052257 0.01294879435767958172 0.19600735404146765739 0.22121320783172657154 0.02323322658718339137 0.00000000100000000000 0.00000042120143572091 0.00002542817981664837 
0.00000000099999999999 0.00000000099999999999 0.04524415580064269221 0.95475583819935727625 0.00000000099999999999 0.00000000099999999999 0.00000000099999999999 0.00000000099999999999 
0.11256014688564840165 0.00000000099999999999 0.00000005165452425206 0.88743979645982740134 0.00000000099999999999 0.00000000099999999999 0.00000000099999999999 0.00000000099999999999 
0.14470611003316327658 0.03413475466699356781 0.00000000099999999999 0.76841867937578556269 0.05274045192405751870 0.00000000099999999999 0.00000000099999999999 0.00000000099999999999 
0.99999999300000019797 0.00000000099999999998 0.00000000099999999998 0.00000000099999999998 0.00000000099999999998 0.00000000099999999998 0.00000000099999999998 0.00000000099999999998 
0.61890043255503346398 0.00000000100000000000 0.25043389570378266074 0.11945591855534977432 0.00000000100000000000 0.01120974918583413082 0.00000000100000000000 0.00000000100000000000 
0.00203137045215725327 0.02212889926435832044 0.03939148151981411439 0.93644824476367027888 0.00000000100000000000 0.00000000100000000000 0.00000000100000000000 0.00000000100000000000 
0.00010074178557429681 0.00000000099999999999 0.00000000099999999999 0.99989924965864929174 0.00000000099999999999 0.00000000355577632986 0.00000000099999999999 0.00000000099999999999 
0.00000000099999999999 0.00000000099999999999 0.00000000099999999999 0.99999997446410704427 0.00000001953589287216 0.00000000099999999999 0.00000000099999999999 0.00000000099999999999 
0.00000000099999999999 0.00000000099999999999 0.00000000099999999999 0.99999999299999997593 0.00000000099999999999 0.00000000099999999999 0.00000000099999999999 0.00000000099999999999 
0.00000000123144499122 0.00000000099999999999 0.07091057114147951423 0.92908938153800879611 0.00000000099999999999 0.00000000099999999999 0.00000000099999999999 0.00000004208906687645 
0.03684291445106031154 0.00028538466428637728 0.02994845923356390105 0.86630090776355717086 0.06662233088753215238 0.00000000100000000000 0.00000000100000000000 0.00000000100000000000 
