0.03176280621229796847 0.04893928854726402322 0.00223585866391979313 0.00000000100000000000 0.10963817594201151484 0.04336274551966397967 0.05597676733634717600 0.70808435677849557166 
0.00000000099999999998 0.00000000099999999998 0.00000000099999999998 0.00000000099999999998 0.00000000099999999998 0.00000000099999999998 0.00000000099999999998 0.99999999300000008695 
0.00000000100000000000 0.06108420631457179423 0.00000000100000000000 0.00000903815676667580 0.13319366433567456087 0.00000000100000000000 0.00000000100000000000 0.80571308719298695422 
0.00883842886398386422 0.09284129482006527045 0.00000000100000000000 0.00842854795120965943 0.16736260611115741370 0.00000000100000000000 0.00231784633163134492 0.72021127392195249950 
0.01760538134204480548 0.08656464806183068739 0.00000454917338405209 0.00000000100000000000 0.06074412170700942137 0.08477811107590360606 0.02571119298126539263 0.72459199465856205524 
0.00000077324188779537 0.00000000100000000000 0.12463640806162873398 0.08985896514046659567 0.02336704934978762332 0.00000000100000000000 0.00000000100000000000 0.76213680120622928627 
0.01051233863627034845 0.01431936165157096999 0.07824997123323160220 0.00000000100000000000 0.16343349393203113196 0.09499226623986642415 0.00000019701905343363 0.63849237028797600768 
0.02578130454473182009 0.00000053647595525541 0.00000000100000000000 0.08401813041018267592 0.09525974883176419050 0.01865697283535958789 0.00563571244673772339 0.77064759345526867573 
0.05310924388500565946 0.03559051537995280845 0.00354592612694076522 0.00003523055667372032 0.06508592989328440548 0.12285516255295456101 0.00022248680797653532 0.71955550479721153145 
0.06830309539328822954 0.04432024758668370867 0.12190275514415715996 0.00000000100000000000 0.00000000100000000000 0.00000000677938499413 0.03557938719463242527 0.72989450590185345202 
0.02158609678984215949 0.08724426514981996339 0.00000000961130809955 0.00002237417303091788 0.00000434917438063824 0.14848905424081546012 0.04478755209210070337 0.69786629876870209799 
0.00289911461337853497 0.03341714471552949955 0.04365420766804123387 0.00000000100000000000 0.00000000539777560683 0.08600595003378994075 0.02868082572467511859 0.80534275084681006263 
0.00000000100000000000 0.00000000100000000000 0.00000000100000000000 0.11041978337944954869 0.05144187486575447360 0.06455815872295128655 0.01275684737371113840 0.76082333265813362200 
0.00000000100000000000 0.00000000854864310389 0.25990955840126661602 0.00654077745814231771 0.00000000276062995155 0.00000000100000000000 0.00000000100000000000 0.73354964983131809575 
0.00491262843520137802 0.00000001070382728856 0.00000000102530298989 0.07495827946579580736 0.12995181674001712868 0.00910400509330410931 0.05097117182520989609 0.73010208671134135816 
0.00000000142258708659 0.06803037157029238891 0.00000032285363792273 0.00000000100000000000 0.07812553942553113195 0.15172121449635966872 0.00001900915275265577 0.70210354007883923888 
0.04626168874053839669 0.07544918209757887906 0.00000000100000000000 0.00000000100000000000 0.00000000852950517666 0.09151910081622291471 0.00332000662553496228 0.78345001119061963291 
0.00000000100000000000 0.04222580205923169572 0.11076057312322498682 0.00000000130714836985 0.00039088715475359083 0.12467839583015291605 0.02955986535314995139 0.69238447417233850434 
0.00000545859686364689 0.05813041081734311721 0.00000014962028010414 0.00000002378072089279 0.04692890920750488609 0.08546223876541786391 0.09090067693020777162 0.71857213228166172403 
0.01048352379868339700 0.00580201161338438076 0.00000000100000000000 0.05847880881920151236 0.00995039972558858614 0.16529440251619306745 0.05198104732677658740 0.69800980520017241737 
0.00000000100000000000 0.08893057042559504577 0.08463644071937923008 0.00000000100000000000 0.00000757854090369425 0.00013559846105565124 0.08563801356491201888 0.74065179628815436264 
0.00000051565208739688 0.01728516936101375662 0.00000000100000000000 0.07838436309070646868 0.00000000100000000000 0.07454317717344825789 0.06485281740896081670 0.76493395531378316488 
0.01298821961218585806 0.06373434534466386470 0.00000000100000000000 0.00000000100000000000 0.08126716820284302090 0.09431015304515381892 0.03858480316732010307 0.70911530862783345164 
0.00000000100000000000 0.03882679007732168369 0.00000000100000000000 0.00000000100000000000 0.04949586416799956617 0.11075886001850797358 0.00000000100000000000 0.80091848173617075091 
0.00000014414266167038 0.05221352068561233711 0.12376933157205288749 0.00000119165779235257 0.00005553564948635556 0.11835322003154084836 0.02031535511795293930 0.68529170114290061111 
0.03010865857077624219 0.02535878563667736188 0.00000000100000000000 0.00000000100000000000 0.09477135649997853184 0.10673374472994540119 0.00377352007676012803 0.73925393248586224182 
0.00015043194484240616 0.04107029778776587897 0.05753541865202373151 0.00000000100000000000 0.07029802290410142040 0.13244962159755888087 0.02363628716430376739 0.67485991894940389191 
0.03986148926586649544 0.06040299331727017745 0.00000000100000000000 0.00000000388903683051 0.06895928180307513145 0.04909104730712542108 0.04847982670562332730 0.73320535671200248728 
0.00000000100000000000 0.06681243591297725271 0.06144257521740314337 0.00000000100107218296 0.00000000868569635152 0.05870068455376490496 0.07578675054740685590 0.73725754308167945617 
0.00001054245068213461 0.06160723214007377685 0.03744096139118129052 0.00000000100000000000 0.00003879691327671754 0.09263632867283480565 0.04524237474916713991 0.76302376268278404581 
0.00334308752542441731 0.06412010840769448439 0.00000000100000000000 0.02354834077614559318 0.08438745738224091852 0.06934801264704094914 0.03591783342370687138 0.71933515883774679089 
0.00000000099999999999 0.00000000125456313887 0.16263286109339311625 0.03771583443883215481 0.00000000099999999999 0.12494881218354653152 0.00000000099999999999 0.67470248802966492629 
0.01210300664521321047 0.10093307639414349219 0.00000035826866693875 0.00006978308772799451 0.03163984065189370809 0.15783013712510757243 0.02563622883476704417 0.67178756899248015522 
0.00001728007234958380 0.00761569913111919024 0.06440366113850261309 0.00000025768029280719 0.00000050832521300592 0.06110927542523979933 0.00000000100000000000 0.86685331722728298232 
0.04103758653864788414 0.03261367771282236427 0.00000000100000000000 0.02868529912439634830 0.13732417572602731437 0.00535324313937035091 0.01135693912935677001 0.74362907762937902056 
0.05760985825220740764 0.05189316625682888207 0.00000000100000000000 0.01522140263393098082 0.09659265685312985739 0.01913644801680235846 0.06990789803282000670 0.68963856895428043980 
0.00000000099999999997 0.00000000099999999997 0.00000000099999999997 0.00000000099999999997 0.00000000099999999997 0.00000000099999999997 0.00000000099999999997 0.99999999299999997593 
0.02674682967890504998 0.00000002621098602614 0.00000000100000000000 0.08875085024805014211 0.10703994795010576824 0.00063393938511009922 0.05654657179509625653 0.72028183373174670123 
0.02131904702425716988 0.00000000100000000000 0.10591108065985896380 0.00000000100000000000 0.00000000100000000000 0.02174289295986910758 0.00000002005306828414 0.85102695630294633578 
0.02412358499996434050 0.07889553031516124970 0.00000000100000000000 0.00008694427682624330 0.00000026503598525936 0.15555909192568026511 0.00131284933894242105 0.74002173310744023826 
0.01008433697213324647 0.05389396659231917436 0.00000007618468569390 0.00000000100000000000 0.03109507812714822766 0.06382534100626305329 0.04979458656418996043 0.79130661355326059603 
0.00026983088557187834 0.04890366819325967646 0.11652508456619140031 0.00000000100000000000 0.00000000363811222287 0.17858911010648653717 0.00000025630703712661 0.65571204530334115113 
0.04778668834679918737 0.00000050864471061037 0.00000000100000000000 0.00048728118341268809 0.14001341524402685645 0.00000000100000000000 0.03929136377002606650 0.77242074081102463090 
0.02005616602821068753 0.04715560348374639443 0.00000000100000000000 0.00000000164237990205 0.13367830574448008596 0.03780160787128088173 0.05439652936907392322 0.70691178486082817400 
0.01489573588586174877 0.01603918500135361261 0.00000000100000000000 0.00000000100000000000 0.14275235503774250101 0.07470440813916949530 0.02293260431925284865 0.72867570961661987106 
0.00027122506402819051 0.01413967261221288352 0.00000000100000000000 0.00000000100000000000 0.08092108402678516166 0.14833257420539736060 0.01792219855642290458 0.73841324353515347401 
0.00000000100000000000 0.00001345814929078900 0.17196248324473453750 0.00000000133342439904 0.00000000100000000000 0.08721802416331980723 0.06081517780020817554 0.67999085330902220292 
0.04010534636935639274 0.00000000100000000000 0.00000000100000000000 0.10842566690140449659 0.07318229123288809423 0.11912152460463865111 0.01253960260757561347 0.64662556628413681015 
0.00145350581718496239 0.00878113603767199241 0.08133767177912551438 0.00043711398383843470 0.12139204125788391475 0.07324985245031247205 0.06508643649972974121 0.64826224217425298946 
0.00000000099999999999 0.03878236804394873116 0.21659752715765598352 0.00608285379928397846 0.01538063764922999004 0.00000000099999999999 0.00000000099999999999 0.72315661034988121258 
0.00327691989668440434 0.05520660855162538849 0.00000000167069350045 0.01145611160191570103 0.09490314769617215485 0.13245732435957485729 0.02291289544434746417 0.67978699077898652181 
0.04141678473938456562 0.00000000100000000000 0.01850296742079406837 0.00000367947283733934 0.09802054892011961840 0.07989314433644861824 0.09480474839887285954 0.66735812571154284889 
0.05112836157203096143 0.00006710661998342142 0.00000023919163311626 0.09354457897830409374 0.06577570409364806581 0.00000195616811712600 0.02551060872421214917 0.76397144465207100783 
0.00902845265533948685 0.00515221396098080025 0.06348550509218953142 0.01771200230242887114 0.06693823176829737098 0.12631066681969613241 0.04508952722648223999 0.66628340017458553834 
0.00275330334759932857 0.00026882277233326494 0.12512751091372847911 0.10147935219798642770 0.06547846604686792527 0.00094241036895582908 0.00127207609302241987 0.70267805825950624410 
0.02620863345526732932 0.12060088968210748439 0.00000000100000000000 0.00000000100000000000 0.04690708527030033881 0.05772992288179909504 0.06776733842216085824 0.68078612828836482240 
0.07223309026308868952 0.00000000099999999999 0.00000000099999999999 0.00000000099999999999 0.00000000099999999999 0.09652796978769999370 0.30221267312283744966 0.52902626282637388311 
0.00000000100000000000 0.08010724807927081803 0.13222477986719805010 0.00014337127432999868 0.00067098403843702484 0.03621689845214694226 0.03830605072999851424 0.71233066655861854155 
0.00001047292888573695 0.05913081366905562075 0.08397399716893803878 0.00027505282912611317 0.00000365257858564450 0.10905824897566313014 0.03528594180189092988 0.71226182004785487667 
0.03533484175167973113 0.05769181066520777390 0.00000000100000000000 0.07124265040322493026 0.02681426532668663640 0.08468269843945754050 0.12132532252841944642 0.60290840988532412581 
0.00979527613119319206 0.06241163322759028798 0.04637910444350906713 0.00000000100000000000 0.06044780607597013966 0.15254237591844341249 0.04509272801967085381 0.62333107518362307342 
0.00000000100000000000 0.00003062710092632686 0.07858974853075639810 0.10472960774293722797 0.00042233224717202659 0.06234294034205420387 0.00000016660536562006 0.75388457643078832238 
0.05700248989906317454 0.00000000100000000000 0.16422865737091868477 0.04181334652602967938 0.00000000100000000000 0.07376913400317866576 0.00436873637543116079 0.65881763382537861240 
0.01852863486371008478 0.00737564166485223018 0.00000000100000000000 0.00260773142779411162 0.06920208909286817978 0.15379354474891865356 0.02485683631838129723 0.72363552088347549152 
0.00224983475972359266 0.00541890937881098905 0.00000000100000000000 0.05144936353221551267 0.17594318729578797833 0.06767695370974644020 0.01427034471655239112 0.68299140560716298243 
0.00542036766193064543 0.00049050196177656514 0.07555117485698567559 0.09894330278403436207 0.00065121561732281214 0.00041983503707421292 0.02753152989268343315 0.79099207218819234111 
0.00000000100000000000 0.00000000100000000000 0.27970712213755583031 0.03904306226572375887 0.00000004182336030655 0.01014202041373294880 0.00928645455618974658 0.66182129680343748657 
0.01805438090352277231 0.03333310374542527987 0.09148630199827816056 0.02424434232519443247 0.03565729633516630248 0.12949367604659223208 0.03502789031198984271 0.63270300833383097405 
0.00041645509465885501 0.01887274963559653490 0.15315616745319624026 0.00003109037910203739 0.00000000197546357632 0.08449227189277092043 0.06625981049731245742 0.67677145307189934265 
0.01001587602209395508 0.00000000100000000000 0.00000000961268330553 0.08462538517108821046 0.09657418400422237981 0.02538317503406859257 0.06000876515768886754 0.72339260399815463742 
0.00000000100000000000 0.00000000100000000000 0.12615804688446446979 0.10650910227832983967 0.00000000100000000000 0.24074419811092456767 0.00000000100000000000 0.52658864872628108333 
0.05974326471186040127 0.00000000100000000000 0.03886985878702731850 0.00352623619459380968 0.03383856383687509212 0.06810290595149728898 0.32479439658117859047 0.47112477293696736202 
0.00000000100000000000 0.04511250484979267839 0.17348971266758542176 0.07055331324114437475 0.00000000770528362330 0.00000000100000000000 0.00000000100000000000 0.71084445853619393496 
0.00000000100000000000 0.00000000100000000000 0.14768359629847346848 0.15102740193070676722 0.00005367120903660858 0.00000000100000000000 0.00000000100000000000 0.70123532656178322320 
0.03111733196555700742 0.08614109477426118433 0.00000000100000000000 0.00230248356002131374 0.04818489954828224231 0.04694914691747483632 0.08448304148346283404 0.70082200075094058800 
0.02147473290421135494 0.08575344813230065255 0.06880867856253605752 0.00000000100000000000 0.00000000100000000000 0.13077048778124461537 0.00000000100000000000 0.69319264961970716854 
0.03770843611666608447 0.00109422800205452651 0.15370375356495705188 0.03533350595165797581 0.00000012686736843576 0.04036214210199728925 0.05497373946469509554 0.67682406793060345684 
0.00000000100000000000 0.00000002739482067656 0.09479765408305772245 0.06796951096720416086 0.16880606721780658241 0.00000000100000000000 0.00000000100000000000 0.66842673733711066575 
0.00000088152194023324 0.00519844858853243767 0.12463449772025265994 0.00000000100000000000 0.00000000100000000000 0.00000000100000000000 0.00000000100000000000 0.87016616816927461198 
0.01596897783414825620 0.02610687662673916859 0.07365641431341711509 0.02425926282186383412 0.00000000100000000000 0.07733801448778453158 0.05335861693944425610 0.72931183597660287354 
0.01852978846690731332 0.00000000099999999999 0.00000000099999999999 0.00000000099999999999 0.00000000099999999999 0.26290377965965788798 0.31237153865303096678 0.40619488922040392076 
0.03837841258449444654 0.00000000100000000000 0.14004630218103136796 0.02612370043874807923 0.00000000100000000000 0.10485403983567904984 0.05169934266757480329 0.63889820029247224031 
0.00000561915790993640 0.00000000100000000000 0.13779206211650679714 0.08848294489840685673 0.00193859887370446547 0.02473923580769737604 0.06069889998331895464 0.68634263816245555390 
0.05016256000804016763 0.06790861841798484511 0.00003788688919372931 0.00037015456831819272 0.03208999393292297914 0.11662565767120192106 0.04150599161845383578 0.69129913689388433617 
0.00217795141104345667 0.00308375336302151026 0.09899084248128983687 0.02051773624959959616 0.08786336609117613439 0.13095527273272419833 0.05246434693944438538 0.60394673073170090927 
0.01438747574088728581 0.00000000100000000000 0.16355062269256920304 0.07236028932333508912 0.00000000100000000000 0.00010067044456727902 0.03842981553144349943 0.71117112426719764073 
0.00000000586187947858 0.00000000100000000000 0.25561269080357140737 0.01481992440763225082 0.00000013298892447797 0.00000000261734693068 0.00070721147981712756 0.72886003084082828796 
0.02077845080098931346 0.02942112143783688280 0.00000000100000000000 0.00000000100000000000 0.09910089388731813109 0.14208922270426882495 0.06228326022598010270 0.64632704894360692993 
0.00708756207937697065 0.00000000100000000000 0.15555519413042093180 0.05604595646456366625 0.00000000100000000000 0.05890945947009849915 0.00331569561483596427 0.71908613024070411335 
0.00001914467227934863 0.00103468457089226826 0.10605317914577483407 0.05435166214788393624 0.00000000100000000000 0.15504073829796097272 0.05295326506990902238 0.63054732509529953788 
0.00678469425900766598 0.03060526919393107698 0.15295593364315976381 0.04563056493489975329 0.00000000237717935602 0.06173705882233334469 0.01484893287551835445 0.68743754389397071503 
0.00015853810570440679 0.00000000100000000000 0.00000000849574195530 0.11054750877868466108 0.15470875038703790771 0.00000000100000000000 0.00000000100000000000 0.73458519123283105845 
0.01860273177055150190 0.00424230943339194526 0.03681651611797111256 0.00478438292439628456 0.13729515025889452162 0.07197019489207803766 0.07230782608720180693 0.65398088851551472445 
0.00000191366113406078 0.04112814876050589069 0.06425466741634693058 0.02565460811372137495 0.14981774838382036497 0.00000000100000000000 0.00000036490649542393 0.71914254775797603614 
0.04327874659049462530 0.03685555257998737733 0.00000003195776123027 0.01125373490960241557 0.09162030058382580888 0.09023063916644255555 0.01849691709105770118 0.70826407712082817270 
0.07058844184232435093 0.00541863218273853139 0.00000000100000000000 0.02871773428749027635 0.16971344225772899694 0.00066170888741890442 0.04232222436624108464 0.68257781517605775612 
0.03568172017235408944 0.02148074872093614501 0.00000001932708536958 0.00000000100000000000 0.00186889739619937713 0.69775455410649545041 0.07261125178359181809 0.17060280749333783801 
0.00000000099999999999 0.00000000099999999999 0.00000000099999999999 0.00000000099999999999 0.00000000099999999999 0.99999999299999997593 0.00000000099999999999 0.00000000099999999999 
0.01987282103785306328 0.00000000321500019686 0.00000000100000000000 0.01783829972080697157 0.04262681722671141094 0.70852900797551354728 0.11953610150917585997 0.09159694831493886413 
0.00000000099999999998 0.00000000099999999998 0.00000000099999999998 0.00000000099999999998 0.00000000099999999998 0.99999999299999997593 0.00000000099999999998 0.00000000099999999998 
0.06573358579003799051 0.01543313389280789004 0.00000000100000000000 0.00000000100000000000 0.04649170450781230784 0.70925756909121084881 0.06640788678400862122 0.09667611793412228538 
0.00000000099999999999 0.00000000099999999999 0.00000000099999999999 0.00000000099999999999 0.00000000099999999999 0.99999999300000008695 0.00000000099999999999 0.00000000099999999999 
0.00000000099999999999 0.00000000099999999999 0.00000000099999999999 0.00000000099999999999 0.00000000099999999999 0.99999999300000008695 0.00000000099999999999 0.00000000099999999999 
0.00000000099999999998 0.00000000099999999998 0.00000000099999999998 0.00000000099999999998 0.00000000099999999998 0.99999999300000008695 0.00000000099999999998 0.00000000099999999998 
0.00000000099999999999 0.00000000099999999999 0.00000000099999999999 0.00000000099999999999 0.00000000099999999999 0.99999999299999997593 0.00000000099999999999 0.00000000099999999999 
0.00000270960304097188 0.00000000099999999999 0.00000000099999999999 0.00000000099999999999 0.00000000099999999999 0.99999728439695889648 0.00000000099999999999 0.00000000099999999999 
0.00000000099999999999 0.00000000099999999999 0.00000000099999999999 0.00000000099999999999 0.00000000099999999999 0.99999999300000008695 0.00000000099999999999 0.00000000099999999999 
0.00142431362630748609 0.00000000099999999999 0.00000000099999999999 0.00000000099999999999 0.00000000099999999999 0.99857545950383663769 0.00000022186985584425 0.00000000099999999999 
0.00000000099999999998 0.00000000099999999998 0.00000000099999999998 0.00000000099999999998 0.00000000099999999998 0.99999999299999997593 0.00000000099999999998 0.00000000099999999998 
0.00000000099999999998 0.00000000099999999998 0.00000000099999999998 0.00000000099999999998 0.00000000099999999998 0.99871178907879054609 0.00128820492120942194 0.00000000099999999998 
0.00000000099999999998 0.00000000099999999998 0.00000000099999999998 0.00000000099999999998 0.00000000099999999998 0.99999999300000008695 0.00000000099999999998 0.00000000099999999998 
0.00000000099999999998 0.00000000099999999998 0.00000000099999999998 0.00000000099999999998 0.00000000099999999998 0.99999999299999997593 0.00000000099999999998 0.00000000099999999998 
0.00000000099999999999 0.00000000099999999999 0.00000000099999999999 0.00000000099999999999 0.00000000099999999999 0.99999999300000008695 0.00000000099999999999 0.00000000099999999999 
0.00000000099999999999 0.00000000099999999999 0.00000000099999999999 0.00000000099999999999 0.00000000099999999999 0.90600634239401700576 0.09399365160598294189 0.00000000099999999999 
0.02946270955576097209 0.00000000099999999999 0.00000000099999999999 0.00000000099999999999 0.00000000099999999999 0.97053728045666942670 0.00000000498756942004 0.00000000099999999999 
0.01266027666201808947 0.00000000100000000000 0.16698934017305494537 0.08657306488194309313 0.00377949583218556645 0.42188113321141196277 0.10611239469456501539 0.20200429354482130062 
0.00000000099999999999 0.00000000099999999999 0.00000000099999999999 0.00000000099999999999 0.00000000099999999999 0.99999999299999997593 0.00000000099999999999 0.00000000099999999999 
0.00000000099999999997 0.00000000099999999997 0.00000000099999999997 0.00000000099999999997 0.00000000099999999997 0.99999999300000008695 0.00000000099999999997 0.00000000099999999997 
0.00000000099999999999 0.00000000099999999999 0.00000000099999999999 0.00000000099999999999 0.00000000099999999999 0.99999999300000008695 0.00000000099999999999 0.00000000099999999999 
0.00000000099999999999 0.02992716727700475005 0.00000000099999999999 0.00000000099999999999 0.00000000099999999999 0.97007282672299521842 0.00000000099999999999 0.00000000099999999999 
0.00000000099999999998 0.00000000099999999998 0.00000000099999999998 0.00000000099999999998 0.00000000099999999998 0.99999999299999997593 0.00000000099999999998 0.00000000099999999998 
0.00000002524926808140 0.00000000099999999999 0.00000000099999999999 0.00000000099999999999 0.00000000099999999999 0.99999996875073182689 0.00000000099999999999 0.00000000099999999999 
0.00000000099999999999 0.00000000099999999999 0.00000000099999999999 0.00000000099999999999 0.00000000099999999999 0.99999999299999997593 0.00000000099999999999 0.00000000099999999999 
0.02768038685408843666 0.00000000099999999999 0.00000000099999999999 0.00000000099999999999 0.07019708094591650682 0.90212252719999508344 0.00000000099999999999 0.00000000099999999999 
0.00000000099999999997 0.00000000099999999997 0.00000000099999999997 0.00000000099999999997 0.00000000099999999997 0.99999999300000008695 0.00000000099999999997 0.00000000099999999997 
0.03840108824302203294 0.00040133533266334056 0.00000000100000000000 0.00000000100000000000 0.05106613218936088827 0.70082033332604531939 0.07124033788881214968 0.13807077102009626679 
0.00000000099999999999 0.00000000099999999999 0.00000000099999999999 0.00000000099999999999 0.00000000099999999999 0.99999999299999997593 0.00000000099999999999 0.00000000099999999999 
0.99999999300000019797 0.00000000099999999995 0.00000000099999999995 0.00000000099999999995 0.00000000099999999995 0.00000000099999999995 0.00000000099999999995 0.00000000099999999995 
0.99999999300000019797 0.00000000099999999995 0.00000000099999999995 0.00000000099999999995 0.00000000099999999995 0.00000000099999999995 0.00000000099999999995 0.00000000099999999995 
0.99999999300000019797 0.00000000099999999994 0.00000000099999999994 0.00000000099999999994 0.00000000099999999994 0.00000000099999999994 0.00000000099999999994 0.00000000099999999994 
0.99999999300000019797 0.00000000099999999995 0.00000000099999999995 0.00000000099999999995 0.00000000099999999995 0.00000000099999999995 0.00000000099999999995 0.00000000099999999995 
0.99999999300000008695 0.00000000099999999994 0.00000000099999999994 0.00000000099999999994 0.00000000099999999994 0.00000000099999999994 0.00000000099999999994 0.00000000099999999994 
0.99999999300000008695 0.00000000099999999993 0.00000000099999999993 0.00000000099999999993 0.00000000099999999993 0.00000000099999999993 0.00000000099999999993 0.00000000099999999993 
0.99999999300000019797 0.00000000099999999994 0.00000000099999999994 0.00000000099999999994 0.00000000099999999994 0.00000000099999999994 0.00000000099999999994 0.00000000099999999994 
0.99999999300000019797 0.00000000099999999995 0.00000000099999999995 0.00000000099999999995 0.00000000099999999995 0.00000000099999999995 0.00000000099999999995 0.00000000099999999995 
0.99999999300000008695 0.00000000099999999993 0.00000000099999999993 0.00000000099999999993 0.00000000099999999993 0.00000000099999999993 0.00000000099999999993 0.00000000099999999993 
0.99999999300000008695 0.00000000099999999993 0.00000000099999999993 0.00000000099999999993 0.00000000099999999993 0.00000000099999999993 0.00000000099999999993 0.00000000099999999993 
0.99999999300000008695 0.00000000099999999994 0.00000000099999999994 0.00000000099999999994 0.00000000099999999994 0.00000000099999999994 0.00000000099999999994 0.00000000099999999994 
0.99999999300000019797 0.00000000099999999995 0.00000000099999999995 0.00000000099999999995 0.00000000099999999995 0.00000000099999999995 0.00000000099999999995 0.00000000099999999995 
0.37605815155921595849 0.00000000099999999999 0.00000000099999999999 0.00000000099999999999 0.00000000099999999999 0.00000000099999999999 0.62394184244078398915 0.00000000099999999999 
0.99999999300000008695 0.00000000099999999993 0.00000000099999999993 0.00000000099999999993 0.00000000099999999993 0.00000000099999999993 0.00000000099999999993 0.00000000099999999993 
0.99999999300000019797 0.00000000099999999994 0.00000000099999999994 0.00000000099999999994 0.00000000099999999994 0.00000000099999999994 0.00000000099999999994 0.00000000099999999994 
0.99999999300000008695 0.00000000099999999994 0.00000000099999999994 0.00000000099999999994 0.00000000099999999994 0.00000000099999999994 0.00000000099999999994 0.00000000099999999994 
0.99999999300000008695 0.00000000099999999996 0.00000000099999999996 0.00000000099999999996 0.00000000099999999996 0.00000000099999999996 0.00000000099999999996 0.00000000099999999996 
0.99999999300000008695 0.00000000099999999994 0.00000000099999999994 0.00000000099999999994 0.00000000099999999994 0.00000000099999999994 0.00000000099999999994 0.00000000099999999994 
0.99999999300000008695 0.00000000099999999993 0.00000000099999999993 0.00000000099999999993 0.00000000099999999993 0.00000000099999999993 0.00000000099999999993 0.00000000099999999993 
0.99999999300000008695 0.00000000099999999994 0.00000000099999999994 0.00000000099999999994 0.00000000099999999994 0.00000000099999999994 0.00000000099999999994 0.00000000099999999994 
0.54513299304641316123 0.00000000099999999999 0.00000000099999999999 0.00000000099999999999 0.00000000099999999999 0.00000000099999999999 0.45486700095358706397 0.00000000099999999999 
0.99999999300000019797 0.00000000099999999994 0.00000000099999999994 0.00000000099999999994 0.00000000099999999994 0.00000000099999999994 0.00000000099999999994 0.00000000099999999994 
0.59405860640711150022 0.00000000099999999999 0.00000000099999999999 0.00000000099999999999 0.00000000099999999999 0.00000000099999999999 0.40594138759288866947 0.00000000099999999999 
0.99999999300000019797 0.00000000099999999994 0.00000000099999999994 0.00000000099999999994 0.00000000099999999994 0.00000000099999999994 0.00000000099999999994 0.00000000099999999994 
0.99999999300000008695 0.00000000099999999995 0.00000000099999999995 0.00000000099999999995 0.00000000099999999995 0.00000000099999999995 0.00000000099999999995 0.00000000099999999995 
0.99999999300000019797 0.00000000099999999992 0.00000000099999999992 0.00000000099999999992 0.00000000099999999992 0.00000000099999999992 0.00000000099999999992 0.00000000099999999992 
0.00000000100000000000 0.68430656667323519482 0.00000000100000000000 0.00000001868884739526 0.29222341936991563793 0.02346999110123900584 0.00000000100000000000 0.00000000116676294201 
0.00000000099999999996 0.00000000099999999996 0.00000000099999999996 0.00000000099999999996 0.99999999300000008695 0.00000000099999999996 0.00000000099999999996 0.00000000099999999996 
0.00000000099999999999 0.00018067963599426308 0.37597047654037923925 0.00239902755658675561 0.62144981226703976951 0.00000000099999999999 0.00000000099999999999 0.00000000099999999999 
0.00000000099999999996 0.00000000099999999996 0.00000000099999999996 0.99999999300000008695 0.00000000099999999996 0.00000000099999999996 0.00000000099999999996 0.00000000099999999996 
0.00000000099999999996 0.00000000099999999996 0.99999999300000008695 0.00000000099999999996 0.00000000099999999996 0.00000000099999999996 0.00000000099999999996 0.00000000099999999996 
0.00000000099999999999 0.02589014821473027694 0.31968337251443479374 0.00000000099999999999 0.65442647427083500133 0.00000000099999999999 0.00000000099999999999 0.00000000099999999999 
0.00000000099999999999 0.00000000099999999999 0.35395769834408291610 0.00000009566255271026 0.64604220099336440164 0.00000000099999999999 0.00000000099999999999 0.00000000099999999999 
0.00000000100000000000 0.06241161324922044756 0.40542869403831222064 0.00000065928351237013 0.53108217916253652735 0.00000000100000000000 0.00000000100000000000 0.00107685126641854216 
0.00000000099999999995 0.00000000099999999995 0.99999999300000008695 0.00000000099999999995 0.00000000099999999995 0.00000000099999999995 0.00000000099999999995 0.00000000099999999995 
0.00000000100000000000 0.00000003539696530681 0.33031750225908496077 0.00000000100000000000 0.66968245734394982183 0.00000000100000000000 0.00000000100000000000 0.00000000100000000000 
0.00000000099999999999 0.06677123664016611226 0.34622123138569504963 0.00000000099999999999 0.58700752697413882686 0.00000000099999999999 0.00000000099999999999 0.00000000099999999999 
0.00000000099999999999 0.00000000099999999999 0.30623950693460538774 0.06805740498531603899 0.62570308308007860365 0.00000000099999999999 0.00000000099999999999 0.00000000099999999999 
0.00000000100000000000 0.22960958238244869034 0.08392817452932568867 0.37591704556569666140 0.24018070447764047759 0.00995341360986909222 0.00000000100000000000 0.06041107743501944460 
0.00000000100000000000 0.00045590000647822710 0.26610503691244929980 0.12564386957011358659 0.33159011531206294965 0.02609541919900509530 0.00382560721274626718 0.24628405078714457610 
0.00000000099999999999 0.00000001314353189980 0.29196401541101585364 0.02006280566928828751 0.68797316177616396615 0.00000000099999999999 0.00000000099999999999 0.00000000099999999999 
0.00000000099999999996 0.00000000099999999996 0.99999999299999997593 0.00000000099999999996 0.00000000099999999996 0.00000000099999999996 0.00000000099999999996 0.00000000099999999996 
0.00752369534879986524 0.03128460388149917337 0.36480963820218798022 0.00000000100000000000 0.59638205279980804896 0.00000000100000000000 0.00000000100000000000 0.00000000676770506664 
0.00000000099999999997 0.00000000099999999997 0.00000000099999999997 0.00000000099999999997 0.99999999299999997593 0.00000000099999999997 0.00000000099999999997 0.00000000099999999997 
0.00000000099999999992 0.99999999300000008695 0.00000000099999999992 0.00000000099999999992 0.00000000099999999992 0.00000000099999999992 0.00000000099999999992 0.00000000099999999992 
0.00000000099999999996 0.00000000099999999996 0.00000000099999999996 0.00000000099999999996 0.99999999300000008695 0.00000000099999999996 0.00000000099999999996 0.00000000099999999996 
0.01206867602750031146 0.43418434629821128778 0.00000000100000000000 0.45252422945897585738 0.07157000065893452667 0.00000000100000000000 0.00249710656967613550 0.02715563898670184453 
0.00837916313344651449 0.41348811765387105677 0.00000000100000000000 0.40124681177532683929 0.12582390397149170735 0.00051563361997708404 0.00000000100000000000 0.05054636784588668191 
0.00000000099999999996 0.00000000099999999996 0.00000000099999999996 0.00000000099999999996 0.99999999299999997593 0.00000000099999999996 0.00000000099999999996 0.00000000099999999996 
0.00000000099999999999 0.02239498406445415354 0.29860035469002843556 0.00000000099999999999 0.67900465624551742394 0.00000000099999999999 0.00000000099999999999 0.00000000099999999999 
0.00721864006489999436 0.42437196966161039313 0.11801512337556413490 0.42976024245027094617 0.00000000100000000000 0.01323758720961734116 0.00000000100000000000 0.00739643523803730756 
0.00000000099999999999 0.04127595012099854327 0.27862189421816158097 0.00000000099999999999 0.68010215066083989921 0.00000000099999999999 0.00000000099999999999 0.00000000099999999999 
0.00000000099999999996 0.00000000099999999996 0.00000000099999999996 0.00000000099999999996 0.99999999300000008695 0.00000000099999999996 0.00000000099999999996 0.00000000099999999996 
0.00000000100000000000 0.46899741781101900173 0.00000000745730976530 0.43660182897192617579 0.07804274950662888621 0.00000000100000000000 0.00000000100000000000 0.01635799325311622712 
0.00000000099999999995 0.00000000099999999995 0.00000000099999999995 0.00000000099999999995 0.99999999299999997593 0.00000000099999999995 0.00000000099999999995 0.00000000099999999995 
0.00000000099999999995 0.00000000099999999995 0.00000000099999999995 0.00000000099999999995 0.99999999300000008695 0.00000000099999999995 0.00000000099999999995 0.00000000099999999995 
0.00000000100000000000 0.38726204694397237116 0.00000000100000000000 0.49169775307459540059 0.09429989519507171736 0.00044056756418914012 0.02629853223050129113 0.00000120299166999506 
0.00000000099999999999 0.00003054138028000979 0.31592014189035871885 0.00001704575553764537 0.68403226697382357724 0.00000000099999999999 0.00000000099999999999 0.00000000099999999999 
0.00000000099999999999 0.45787916689438462603 0.00000000099999999999 0.41498477388476839867 0.12713591286173514527 0.00000000099999999999 0.00000000099999999999 0.00000014235911191680 
0.00000000100000000000 0.44511899221477863042 0.00000000100000000000 0.44760772502682166785 0.10727308442704568126 0.00000000100000000000 0.00000000100000000000 0.00000019433135407025 
0.00000000099999999999 0.77531493774621640380 0.22468505044126643733 0.00000000099999999999 0.00000000099999999999 0.00000000099999999999 0.00000000099999999999 0.00000000681251732465 
0.00000000100000000000 0.42797582991809479669 0.00000000966189843488 0.57054109856660562006 0.00017529341659678005 0.00000000100000000000 0.00000000100000000000 0.00130776543680436591 
0.00000000099999999996 0.00000000099999999996 0.00000000099999999996 0.00000000099999999996 0.99999999300000008695 0.00000000099999999996 0.00000000099999999996 0.00000000099999999996 
0.00000000100000000000 0.00000000100000000000 0.38403148124730246415 0.00000000100000000000 0.61450609296000124893 0.00000000100000000000 0.00120551116629260776 0.00025691062640361290 
0.00000000099999999999 0.00000000099999999999 0.30845603785574043920 0.14570389670919553504 0.54584006043506405614 0.00000000099999999999 0.00000000099999999999 0.00000000099999999999 
0.00539355778148219514 0.00029855429247869841 0.32515912959607201627 0.11504731798310527391 0.51669778126975451915 0.00000000100000000000 0.00000000100000000000 0.03740365707710725796 
0.00000000099999999999 0.00194362307374404083 0.27595967841242291518 0.13153064367097161425 0.59056605084286151186 0.00000000099999999999 0.00000000099999999999 0.00000000099999999999 
0.00000000100000000000 0.29898961414422131622 0.04401486071613023437 0.48104931291128238957 0.12073329195608316355 0.01251231728345346926 0.04270060098882935001 0.00000000100000000000 
0.00000000099999999995 0.00000000099999999995 0.99999999300000008695 0.00000000099999999995 0.00000000099999999995 0.00000000099999999995 0.00000000099999999995 0.00000000099999999995 
0.00000000099999999996 0.00000000099999999996 0.00000000099999999996 0.00000000099999999996 0.99999999299999997593 0.00000000099999999996 0.00000000099999999996 0.00000000099999999996 
0.00000000099999999998 0.00000131747199737120 0.31758744103526737046 0.00009405736886422760 0.68231718012387099215 0.00000000099999999998 0.00000000099999999998 0.00000000099999999998 
0.00000000100000000000 0.26871346675479829136 0.16543465070916649196 0.16282347416931006179 0.37727647393022067934 0.02575193143650447367 0.00000000100000000000 0.00000000100000000000 
0.00000005591851144609 0.20325216977308752098 0.13507454465977625224 0.45635095664067271137 0.20532037890204940522 0.00000003358269194360 0.00000185952321083507 0.00000000100000000000 
0.00000000099999999999 0.05682457810816675392 0.30895783726346648379 0.00000004640570669964 0.63421751786416769026 0.00000000099999999999 0.00000000099999999999 0.00000001735849235426 
0.00000000099999999996 0.00000000099999999996 0.99999999299999997593 0.00000000099999999996 0.00000000099999999996 0.00000000099999999996 0.00000000099999999996 0.00000000099999999996 
0.00000000099999999999 0.33617410607605208162 0.14695431083014198759 0.38973557269961650595 0.12713600639418948246 0.00000000099999999999 0.00000000099999999999 0.00000000099999999999 
0.00000000099999999996 0.00000000099999999996 0.00000000099999999996 0.99999999299999997593 0.00000000099999999996 0.00000000099999999996 0.00000000099999999996 0.00000000099999999996 
0.00000000099999999996 0.00000000099999999996 0.00000000099999999996 0.99999999299999997593 0.00000000099999999996 0.00000000099999999996 0.00000000099999999996 0.00000000099999999996 
0.00000000099999999999 0.00689125213049282970 0.50801331597833454534 0.00000000099999999999 0.48509542689117263192 0.00000000099999999999 0.00000000099999999999 0.00000000099999999999 
0.00000000099999999995 0.00000000099999999995 0.00000000099999999995 0.00000000099999999995 0.99999999300000008695 0.00000000099999999995 0.00000000099999999995 0.00000000099999999995 
0.00000000099999999997 0.00000000099999999997 0.99999999299999997593 0.00000000099999999997 0.00000000099999999997 0.00000000099999999997 0.00000000099999999997 0.00000000099999999997 
0.00000000099999999999 0.29499317788107803917 0.10749677919407323035 0.59751003792484869148 0.00000000099999999999 0.00000000099999999999 0.00000000099999999999 0.00000000099999999999 
0.00000000099999999996 0.00000000099999999996 0.00000000099999999996 0.99999999300000008695 0.00000000099999999996 0.00000000099999999996 0.00000000099999999996 0.00000000099999999996 
0.00000000100000000000 0.00043642796432570731 0.42926840632800755682 0.00313973226747131431 0.56715542944019536886 0.00000000100000000000 0.00000000100000000000 0.00000000100000000000 
0.00000000099999999997 0.00000000099999999997 0.00000000099999999997 0.00000000099999999997 0.99999999300000008695 0.00000000099999999997 0.00000000099999999997 0.00000000099999999997 
0.00000000099999999999 0.00000000099999999999 0.39530821521886139180 0.00000000099999999999 0.60469177878113855584 0.00000000099999999999 0.00000000099999999999 0.00000000099999999999 
0.00000000099999999999 0.00000000099999999999 0.43657556499353861179 0.00000000099999999999 0.56342442900646139137 0.00000000099999999999 0.00000000099999999999 0.00000000099999999999 
0.00000000099999999994 0.00000000099999999994 0.99999999300000008695 0.00000000099999999994 0.00000000099999999994 0.00000000099999999994 0.00000000099999999994 0.00000000099999999994 
0.00000000100000000000 0.05193999868071436793 0.37886026105299369648 0.00000650980280189653 0.56193399472822447294 0.00000706358303991809 0.00000000100000000000 0.00725217015222575333 
