0.03646301199349545608 0.71216812220785297161 0.00000000100000000000 0.08840517128390557033 0.05802211403735250961 0.03232362787750178018 0.04193758744369565500 0.03068036415619610630 
0.00000000099999999998 0.98756352289640636499 0.00000000099999999998 0.00000000099999999998 0.01243647110359376827 0.00000000099999999998 0.00000000099999999998 0.00000000099999999998 
0.00000000100000000000 0.79367081547845685918 0.08172647932375115554 0.12460270019779194628 0.00000000100000000000 0.00000000100000000000 0.00000000100000000000 0.00000000100000000000 
0.01323957262360205521 0.72166698355438463341 0.01964830984963281124 0.19186051641744619745 0.00003704161944250424 0.05354757393549169908 0.00000000100000000000 0.00000000100000000000 
0.02007112200005956373 0.74019916081612224801 0.00000000100000000000 0.00007190329167226312 0.02844933686458662320 0.07115521640289405869 0.08327676144793554058 0.05677649817672995175 
0.00004924519438139259 0.77296589037486951312 0.06805898345829011764 0.11249407573406233762 0.00000000100000000000 0.00008707519726606180 0.00000000100000000000 0.04634472804113057981 
0.01707575053356688577 0.67276234375767607343 0.00024380354036302910 0.00000005893921393339 0.00000000100000000000 0.00053920367875677402 0.08696700751343230951 0.22241183103699094237 
0.02900852202360471033 0.79443808151934547368 0.06548738152393951406 0.09082122685969322429 0.00509005773442326292 0.00000000100000000000 0.01515472833899389124 0.00000000100000000000 
0.05754643616989339044 0.72033752489551472475 0.05449830712986981213 0.04731185371683882535 0.00159672042128801211 0.00000000100000000000 0.11636988995222710686 0.00233926671436816055 
0.07027399202466948214 0.72712298474458036956 0.00000000100000000000 0.00000000100000000000 0.03833647319566329398 0.03391330463507286758 0.00000000100000000000 0.13035324240001389118 
0.02326997909155882963 0.69180863010414717085 0.06854339718001470350 0.00865091002302027269 0.04940317872015018152 0.01952089504343851659 0.13880300883767016096 0.00000000100000000000 
0.00626884192309282422 0.83607537099216033827 0.00000000100000000000 0.00000000100000000000 0.03049666938741867062 0.02259566363429815414 0.07802756318799425328 0.02653588887503584987 
0.00000000100000000000 0.78429296285252714238 0.13444563091896155616 0.00000000100000000000 0.01311855895821591872 0.00000000100000000000 0.06593561477541044769 0.00220722949488490108 
0.00000000100000000000 0.75127838634185739597 0.00000000100000000000 0.00000000100000000000 0.00000000100000000000 0.01476633963036471861 0.00000000100000000000 0.23395526902777802336 
0.00526360416055123275 0.74778670791176904409 0.00015534895982183063 0.15692444851159861874 0.06159548163307159568 0.02819095408242835304 0.00008333714122994798 0.00000011759952927364 
0.00000000100000000000 0.71392450592078204874 0.03829272489097320514 0.07326910704292602383 0.00188690765878642098 0.02348315910880681423 0.14914350740230439274 0.00000008697542108214 
0.04860822061461431143 0.78366344213730931845 0.07709699744079698269 0.00000000100000000000 0.00550813400273920516 0.00001250859223225492 0.08511069521230781032 0.00000000100000000000 
0.00000000100000000000 0.70803728239945706857 0.00000000100000000000 0.00004597494035872331 0.03155518211114732158 0.03650329833065980856 0.12704840314020077185 0.09680985707817636732 
0.00001202376405999075 0.73218162884438875437 0.00000379428044345861 0.04345643210288623048 0.09407635165365338392 0.04671163259763404241 0.08334307755221662117 0.00021505920471751196 
0.01442403622611980810 0.70023703509570678349 0.06092677602267850684 0.01240434683519895179 0.05634418331065357138 0.00000000500909836518 0.15566361650054397203 0.00000000100000000000 
0.00000000100000000000 0.76010995031031836078 0.00003655377517943358 0.08683157314475881128 0.08877726597495841365 0.06167497720198748812 0.00000014828525065969 0.00256953030754688162 
0.00000433845335900125 0.79200864428125516969 0.02763740337840444455 0.00000000100000000000 0.06830195593023603851 0.03801537121947461823 0.07329792957984532231 0.00073435615742551297 
0.01584943565305987206 0.72026118534461214260 0.00000003479083555460 0.09681549186922301653 0.03991362795317843215 0.03305017471996567202 0.09411004866912513200 0.00000000100000000000 
0.00000000100000000000 0.81244500625130344762 0.00000000100000000000 0.05463702979710343549 0.00000000100000000000 0.02151439945222099678 0.11140356049937216731 0.00000000100000000000 
0.00000019782606335024 0.70108875023046601793 0.00007530611671097908 0.05668043813342634601 0.02386360131789206848 0.03949117547977289838 0.12015405598689338218 0.05864647490877498287 
0.03297090989457540644 0.75343764650026778806 0.00000002246544608281 0.10165401974643216432 0.00321340199586952167 0.00168838305824589672 0.10703554724748715055 0.00000006909167591419 
0.00011254441819789176 0.68879635267967598278 0.00000000100000000000 0.11776616136545119129 0.02655463561178681223 0.02463540094818272852 0.13277694673482368093 0.00935795724188171960 
0.04681471516013806927 0.73358178959185094126 0.07863435572789732875 0.00000000100000000000 0.04875327955556491011 0.00000000100000000000 0.03915511968283304223 0.05306073828171570250 
0.00000000100000000000 0.74647876165729609710 0.06510418605851232832 0.00000000100000000000 0.07981664605894522868 0.00699916200482174431 0.05255396421008398655 0.04904727801034071411 
0.00040262521275181816 0.76586967540303585444 0.02154361884220542395 0.05720780399478464506 0.04916122876574465644 0.01746572726190813094 0.08834931951956952190 0.00000000100000000000 
0.00974040160379312583 0.72461051107488039236 0.10060859990372693351 0.07225952316366736350 0.03433799669707640612 0.00000000100000000000 0.05844296555685585259 0.00000000100000000000 
0.00000000100000000000 0.69060927764682811247 0.00000000110952461928 0.04010511231483655098 0.00000000100000000000 0.02506934134756195337 0.14396324231427498619 0.10025302326697381472 
0.01674457640422704133 0.68015734188923782089 0.10718756767463179236 0.00000000128359754794 0.02689668250055945314 0.01044490591634976255 0.14677644635255510108 0.01179247797884148269 
0.00990539402497917811 0.86720817853998577451 0.00727296256373601187 0.02853837690425292326 0.00000000100000000000 0.00000000100000000000 0.05877802972907896634 0.02829705623796723024 
0.04315008428670068230 0.75628978070322039340 0.00065986367173351561 0.14128599719060247475 0.00793161636274173840 0.03788842455941866111 0.01279423222558271657 0.00000000100000000000 
0.06303247570146741641 0.70420614531823577664 0.08749781956345693834 0.05479791121602736736 0.07327790943896762832 0.00008326801645264528 0.00006536284403900270 0.01703910790135321207 
0.00000000099999999998 0.99999999300000019797 0.00000000099999999998 0.00000000099999999998 0.00000000099999999998 0.00000000099999999998 0.00000000099999999998 0.00000000099999999998 
0.02579413907785437637 0.74493170421319165886 0.00002471913550810840 0.11313534434880827273 0.06341691090018937438 0.05269718032444821454 0.00000000100000000000 0.00000000100000000000 
0.02480523528548381901 0.87222701817093573062 0.00000000099999999999 0.00000000099999999999 0.00001526063660418834 0.00000000099999999999 0.01076239951274890992 0.09219008339422748999 
0.03084351082257680982 0.75235494236723998718 0.01506838392969239715 0.01575787772310740728 0.00497409664453547090 0.04209351435736003594 0.13890767315548788186 0.00000000100000000000 
0.01267085574790488035 0.78624011361366907824 0.00000075978037324080 0.05088716432738879525 0.05138381000526921066 0.03012784655547421850 0.06868944896992046356 0.00000000100000000000 
0.00043542505087986973 0.68260018814956824329 0.00000000762177968771 0.00000172292365042314 0.00000004573959978548 0.04942604887060910585 0.18839424612263325209 0.07914231552127955205 
0.04881812695375150474 0.79425471170696715362 0.00000000100000000000 0.00919469970426511386 0.04275324503652268987 0.02773942984830223696 0.00000000100000000000 0.07723978475019134537 
0.01780797523540554247 0.72499984716422205544 0.00000000100000000000 0.00001243254525660517 0.05674061538275528699 0.05478573734676964180 0.04410231060641854606 0.10155108071917234858 
0.01742681480699413699 0.74223801831498781301 0.00000000100000000000 0.05435853975111887976 0.02612326863427483561 0.02193597235048453872 0.07133440663380355429 0.06658297850833615195 
0.00326798627868744602 0.74927048429069842417 0.00000000100000000000 0.08438158735506008645 0.02275522292433636642 0.00000000100000000000 0.14032471615121780428 0.00000000100000000000 
0.00000000100000000000 0.69363619562938028107 0.00000000100000000000 0.00000000100000000000 0.05982001918156251014 0.00000000100000000000 0.09529056308087227589 0.15125321810818498358 
0.04466862341795196922 0.67025883919648920894 0.06312670071475304234 0.04361220179638054112 0.01363452470199094137 0.00311940450486831826 0.11671631967063389457 0.04486338599693203560 
0.00220053523107425694 0.65635975534929580366 0.00000151337557998851 0.20480346198753188180 0.07124052636419433981 0.00000002076915138096 0.06539417996690044532 0.00000000695627203671 
0.00000000099999999999 0.72970869025729201418 0.00000230492819285092 0.25050020852460269660 0.00000000099999999999 0.01978879228991248240 0.00000000099999999999 0.00000000099999999999 
0.00414139064587882872 0.68668453867539902546 0.08517517834775767405 0.06297717218248734261 0.02594369461512233480 0.00183645081424917210 0.12805661147778479858 0.00518496324132062831 
0.04402287400119427735 0.67803612848478511665 0.00000000100000000000 0.09739321158019000058 0.09973343840561633977 0.00000000100000000000 0.07316777981401177688 0.00764656571420249242 
0.04961554505655190600 0.77923900174583171641 0.00000007123852255285 0.08860701313750250774 0.03261474323798053271 0.04990484121489192904 0.00000000100000000000 0.00001878336871891061 
0.01151657776643359027 0.68065703476327843457 0.00783690277064989956 0.09720704935289757598 0.05186421414297297250 0.00792232731459696464 0.11677198811300498749 0.02622390577616556806 
0.00689308435878244197 0.72259462606485336256 0.00246873067757608349 0.23321267071243256819 0.00016770345723024317 0.03466318272912530946 0.00000000100000000000 0.00000000100000000000 
0.03056620832959212192 0.68434431361499936664 0.10566949587049100090 0.02666426861445712546 0.06974606954969848893 0.03204617655629429102 0.05096346646446749118 0.00000000100000000000 
0.07866256239552746332 0.53304033320226085202 0.00000000099999999999 0.00000000099999999999 0.30871902650501814591 0.00000000099999999999 0.07957807389719344371 0.00000000099999999999 
0.00000000100000000000 0.71091596574479476445 0.10814156293477604487 0.09817247052668366669 0.02758613156410194556 0.00000000100000000000 0.05517853385836404834 0.00000533337127939780 
0.00000238026681030805 0.72893885245491374381 0.00007725143099637396 0.00000000100000000000 0.03638304342939707725 0.04770703345426924313 0.11429803100797225612 0.07259340695564087120 
0.04027448404648507896 0.60309362901270691104 0.14196691852903617348 0.02041698043984574440 0.12223132297717469175 0.00000000100000000000 0.07201666299475135979 0.00000000100000000000 
0.01074134899490824385 0.63687434170119006094 0.05372265841125161562 0.00000036818952770512 0.04898838876433900258 0.00001100400599698554 0.14400414366591987592 0.10565774626686653959 
0.00000000100000000000 0.75794453093660563159 0.05387609570945760956 0.12199814422957329374 0.00000001330955696413 0.00000001147971167323 0.06618120233509487693 0.00000000100000000000 
0.05944622112374847028 0.68569268859084753220 0.00000441436479474421 0.00000060448980063638 0.00293242996647286557 0.00000000100000000000 0.07716883101748424345 0.17475480944685151119 
0.02433711285445588207 0.74327124533039468091 0.01408477712557705021 0.04655611932771074740 0.02703287278945848415 0.00000010587267130703 0.14467283194253632850 0.00004493475719567355 
0.00869123568471374779 0.68781996129163047726 0.08514661820071305065 0.03762097826005078582 0.01918783255549141170 0.00000000100000000000 0.06100911972053013610 0.10052425328687049355 
0.01004802597950108130 0.78835932457449231503 0.05891045873723096266 0.11383203030386417065 0.02861335887965277963 0.00023679798864971590 0.00000000253660890201 0.00000000100000000000 
0.00000000100000000000 0.65662791681356458273 0.00000000100000000000 0.11498797568416353754 0.00000011954323567432 0.02114984748708882353 0.06235759341231280478 0.14487654505963459828 
0.02192911583844712672 0.64635092417108552798 0.01591315394046069823 0.00000000100000000000 0.03992173974726340169 0.02081282908855262848 0.11606770459684324914 0.13900453161734724339 
0.00043816312732554376 0.69226508215567805760 0.01593547931874209067 0.13809054363376002672 0.07119762181574393334 0.00000157397606888979 0.08207151428936476645 0.00000002168331671379 
0.01713511915601097571 0.73973575260313695345 0.06653947625451703263 0.00000000100000000000 0.06672252796927646834 0.00000000100000000000 0.00260266343451433626 0.10726445858254418653 
0.00000000100000000000 0.56246873203634728533 0.08411550501186251805 0.00000007799897688863 0.00000000100000000000 0.00000000100000000000 0.25468015963330153939 0.09873552231951174263 
0.06484721196234970175 0.47062952795997153865 0.00000000100000000000 0.00000000100000000000 0.32642997585124872151 0.00082376417982407105 0.05625542883895644913 0.08101408920764947841 
0.00000000100000000000 0.73801740207518051751 0.00026550046593628099 0.00000000100000000000 0.00000000100000000000 0.06760487207110650598 0.00000000100000000000 0.19411222138777672885 
0.00000000100000000000 0.74788593921642665396 0.02183595481652438747 0.00000000100000000000 0.00000000100000000000 0.03360702295609051260 0.00000000100000000000 0.19667107901095845501 
0.03488228765991986668 0.71548209665431061755 0.00071652072487646420 0.00000000100000000000 0.08349852043036508353 0.06995100609129815961 0.04660044271827362000 0.04886912472095631538 
0.02389985595298406082 0.70997341314084438935 0.00000000100000000000 0.06940306773974481980 0.00000000100000000000 0.06322608079914475432 0.13349754164296262493 0.00000003872431963531 
0.03651971736290274967 0.69112528609464385365 0.00850331073454620341 0.00000028091920495046 0.05922689815130357388 0.00993944710830255325 0.04267595651804053508 0.15200910311105556016 
0.00000000100000000000 0.68328138058694265489 0.05223837597894961937 0.17727521603131635164 0.00000000100000000000 0.00000299957827619138 0.00000000100000000000 0.08720202482451520909 
0.00048400851862127550 0.88200900175334262521 0.00000000100000000000 0.00000000100000000000 0.00000000100000000000 0.01429578762222773192 0.00000000100000000000 0.10321119810580850484 
0.01920599008103744329 0.75525155920581432678 0.00004132139056968597 0.05191794162327277584 0.05329033118263658969 0.04276534467236556974 0.07752727793960879910 0.00000023390469496664 
0.02267505677389685531 0.40928391822682319567 0.00000000099999999999 0.00000000099999999999 0.31822204459731701087 0.00000000099999999999 0.24981897640196273902 0.00000000099999999999 
0.04104464428203444953 0.65155754483263161880 0.00000000100000000000 0.00000000100000000000 0.05990503254978801068 0.00000000100000000000 0.08747079986319594713 0.16002197547235000319 
0.00049827388058500328 0.71788614248320214983 0.01920390139405058968 0.00000000100000000000 0.05854084715586282267 0.00009310507973911451 0.02486295207392232726 0.17891477693263801996 
0.05514731863542869650 0.70431158612427879895 0.00000000100000000000 0.00000096043119964365 0.04244164298307245148 0.06572629173900960964 0.10848956364357099924 0.02388263544343974601 
0.00431825656030480898 0.61666148278873322841 0.00000000463066843088 0.10402744134077007709 0.05257038874646186022 0.01303296655603215955 0.13046861411953275534 0.07892084525749662460 
0.01084525778179304227 0.75947130029659271067 0.00000000100000000000 0.00000000100000000000 0.04464164829196024670 0.02439161257918110934 0.00000000100000000000 0.16065017805047296373 
0.00000000100000000000 0.72752815988150998372 0.00000000100000000000 0.17332719488120021389 0.01142380749109544319 0.01071231972147369121 0.00000113182641262386 0.07700738419830815973 
0.02646429666876277953 0.66494578372777357611 0.00000000100000000000 0.00000000100000000000 0.06243451006920849866 0.02211716377171592945 0.13592911088584888613 0.08810913287669026872 
0.00147602758002635006 0.73745384231931998542 0.03609573281149880408 0.10271984678821166614 0.00206260886311261053 0.00019690394041938116 0.08012115616662242312 0.03987388153078882252 
0.00012748078729901417 0.65558636814375015334 0.00000000100000000000 0.00000029947213082083 0.06040420389395653039 0.06300277745308513477 0.14632828779270493080 0.07455058145707343931 
0.00485066014993186349 0.70786057082091458081 0.00871603760080858457 0.16160993935772688390 0.02099644590992699733 0.03633491461590051402 0.05963143054479043415 0.00000000100000000000 
0.00080714471966098606 0.75606584669285037403 0.05321348134294361099 0.18991136410573067339 0.00000000100000000000 0.00000000100000000000 0.00000000100000000000 0.00000216013881447367 
0.02169287067870297875 0.65857827010527858480 0.00000000100000000000 0.12433406276604209995 0.07442134684922957488 0.02206341657670923134 0.06554460975386706967 0.03336542227017050971 
0.00003465256454604724 0.72887809777887468954 0.00000000100000000000 0.22063294114341544527 0.00000000100000000000 0.05045430451316384318 0.00000000100000000000 0.00000000100000000000 
0.04726352742740363988 0.71985800337012695316 0.00001884984537192242 0.09291201194609850778 0.02250515299809098188 0.03714373185104286740 0.08029860672869668092 0.00000011583316842589 
0.07203965761549645241 0.68436640568122397710 0.05435546087086642886 0.11635315972481785618 0.04513748293621260010 0.00000000100000000000 0.00000000100000000000 0.02774783117138289110 
0.03987176416310143218 0.17392734759235570219 0.00000030244571486563 0.02718029385195861250 0.07549615305043051727 0.00000000100000000000 0.68352413689643876094 0.00000000100000000000 
0.00000000099999999999 0.00000000099999999999 0.00000000099999999999 0.00000000099999999999 0.00000000099999999999 0.00000000099999999999 0.99999999299999986491 0.00000000099999999999 
0.01952091628407196661 0.08400933043289701696 0.00186305941694989933 0.06564717258207573847 0.12495789470475128502 0.00000000100000000000 0.70400162457925408166 0.00000000100000000000 
0.00000000099999999998 0.00000000099999999998 0.00000000099999999998 0.00000000099999999998 0.00000000099999999998 0.00000000099999999998 0.99999999299999986491 0.00000000099999999998 
0.06842614316161323151 0.09715051428028333158 0.02074024375789660854 0.04579743506875703224 0.07501836316950530326 0.00013718980145781718 0.69273010976048665643 0.00000000100000000000 
0.00000000099999999999 0.00000000099999999999 0.00000000099999999999 0.00000000099999999999 0.00000000099999999999 0.00000000099999999999 0.99999999299999997593 0.00000000099999999999 
0.00000000099999999999 0.00000000099999999999 0.00000000099999999999 0.00000000099999999999 0.00000000099999999999 0.00000000099999999999 0.99999999299999997593 0.00000000099999999999 
0.00000000099999999998 0.00000000099999999998 0.00000000099999999998 0.00000000099999999998 0.00000000099999999998 0.00000000099999999998 0.99999999299999997593 0.00000000099999999998 
0.00000000099999999999 0.00000000099999999999 0.00000000099999999999 0.00000000099999999999 0.00000000099999999999 0.00000000099999999999 0.99999999299999997593 0.00000000099999999999 
0.00000003513516587295 0.00000000099999999998 0.00000000099999999998 0.00000000099999999998 0.00000000099999999998 0.00000000099999999998 0.99999995886483405982 0.00000000099999999998 
0.00000000099999999999 0.00000000099999999999 0.00000000099999999999 0.00000000099999999999 0.00000000099999999999 0.00000000099999999999 0.99999999299999997593 0.00000000099999999999 
0.00062606769290219732 0.00000000099999999999 0.00000000099999999999 0.00000000099999999999 0.00000000099999999999 0.00000000099999999999 0.99937392630709775965 0.00000000099999999999 
0.00000000099999999998 0.00000000099999999998 0.00000000099999999998 0.00000000099999999998 0.00000000099999999998 0.00000000099999999998 0.99999999299999997593 0.00000000099999999998 
0.00000000099999999998 0.00000000099999999998 0.00000000099999999998 0.00000000099999999998 0.00015785950453283236 0.00000000099999999998 0.99984213449546710528 0.00000000099999999998 
0.00000000099999999998 0.00000000099999999998 0.00000000099999999998 0.00000000099999999998 0.00000000099999999998 0.00000000099999999998 0.99999999299999986491 0.00000000099999999998 
0.00000000099999999998 0.00000000099999999998 0.00000000099999999998 0.00000000099999999998 0.00000000099999999998 0.00000000099999999998 0.99999999299999986491 0.00000000099999999998 
0.00000000099999999999 0.00000000099999999999 0.00000000099999999999 0.00000000099999999999 0.00000000099999999999 0.00000000099999999999 0.99999999299999986491 0.00000000099999999999 
0.00000000099999999999 0.00000000099999999999 0.00000000099999999999 0.00000000099999999999 0.09973494103924733512 0.00000000099999999999 0.90026505296075265417 0.00000000099999999999 
0.02606531041579173563 0.00000000099999999999 0.00000000099999999999 0.00000000099999999999 0.00000000099999999999 0.00000000099999999999 0.97393468358420820508 0.00000000099999999999 
0.01213933103423266678 0.21430591650926950065 0.06051914029344347690 0.05725215170920507773 0.11310450565346326368 0.00000000100000000000 0.41556907760629102633 0.12710987619409497285 
0.00000000099999999999 0.00000000099999999999 0.00000000099999999999 0.00000000099999999999 0.00000000099999999999 0.00000000099999999999 0.99999999299999986491 0.00000000099999999999 
0.00000000099999999997 0.00000000099999999997 0.00000000099999999997 0.00000000099999999997 0.00000000099999999997 0.00000000099999999997 0.99999999299999986491 0.00000000099999999997 
0.00000000099999999999 0.00000000099999999999 0.00000000099999999999 0.00000000099999999999 0.00000000099999999999 0.00000000099999999999 0.99999999299999997593 0.00000000099999999999 
0.00000000099999999999 0.00000000099999999999 0.00000000785207094419 0.00000000099999999999 0.00000000099999999999 0.00620036365477963716 0.99379962349314954206 0.00000000099999999999 
0.00000000099999999998 0.00000000099999999998 0.00000000099999999998 0.00000000099999999998 0.00000000099999999998 0.00000000099999999998 0.99999999299999986491 0.00000000099999999998 
0.00000000099999999999 0.00000000099999999999 0.00000000099999999999 0.00000000099999999999 0.00000000099999999999 0.00000000099999999999 0.99999999299999997593 0.00000000099999999999 
0.00000000099999999999 0.00000000099999999999 0.00000000099999999999 0.00000000099999999999 0.00000000099999999999 0.00000000099999999999 0.99999999299999986491 0.00000000099999999999 
0.00000000102892426101 0.00000000099999999999 0.00000000099999999999 0.00000000099999999999 0.00000000099999999999 0.00000000099999999999 0.93899912173537303239 0.06100087223570284378 
0.00000000099999999997 0.00000000099999999997 0.00000000099999999997 0.00000000099999999997 0.00000000099999999997 0.00000000099999999997 0.99999999299999986491 0.00000000099999999997 
0.04144290368633008620 0.13987130473018394294 0.00000000188417811472 0.05310529763850577872 0.07551085186199858745 0.00000000100000000000 0.69006963819880329236 0.00000000100000000000 
0.00000000099999999999 0.00000000099999999999 0.00000000099999999999 0.00000000099999999999 0.00000000099999999999 0.00000000099999999999 0.99999999299999997593 0.00000000099999999999 
0.99999999300000019797 0.00000000099999999995 0.00000000099999999995 0.00000000099999999995 0.00000000099999999995 0.00000000099999999995 0.00000000099999999995 0.00000000099999999995 
0.99999999300000008695 0.00000000099999999995 0.00000000099999999995 0.00000000099999999995 0.00000000099999999995 0.00000000099999999995 0.00000000099999999995 0.00000000099999999995 
0.99999999300000019797 0.00000000099999999994 0.00000000099999999994 0.00000000099999999994 0.00000000099999999994 0.00000000099999999994 0.00000000099999999994 0.00000000099999999994 
0.99999999300000008695 0.00000000099999999995 0.00000000099999999995 0.00000000099999999995 0.00000000099999999995 0.00000000099999999995 0.00000000099999999995 0.00000000099999999995 
0.99999999300000008695 0.00000000099999999994 0.00000000099999999994 0.00000000099999999994 0.00000000099999999994 0.00000000099999999994 0.00000000099999999994 0.00000000099999999994 
0.99999999300000008695 0.00000000099999999993 0.00000000099999999993 0.00000000099999999993 0.00000000099999999993 0.00000000099999999993 0.00000000099999999993 0.00000000099999999993 
0.99999999300000019797 0.00000000099999999994 0.00000000099999999994 0.00000000099999999994 0.00000000099999999994 0.00000000099999999994 0.00000000099999999994 0.00000000099999999994 
0.99999999300000008695 0.00000000099999999995 0.00000000099999999995 0.00000000099999999995 0.00000000099999999995 0.00000000099999999995 0.00000000099999999995 0.00000000099999999995 
0.99999999300000019797 0.00000000099999999993 0.00000000099999999993 0.00000000099999999993 0.00000000099999999993 0.00000000099999999993 0.00000000099999999993 0.00000000099999999993 
0.99999999300000008695 0.00000000099999999993 0.00000000099999999993 0.00000000099999999993 0.00000000099999999993 0.00000000099999999993 0.00000000099999999993 0.00000000099999999993 
0.99999999300000019797 0.00000000099999999994 0.00000000099999999994 0.00000000099999999994 0.00000000099999999994 0.00000000099999999994 0.00000000099999999994 0.00000000099999999994 
0.99999999300000008695 0.00000000099999999995 0.00000000099999999995 0.00000000099999999995 0.00000000099999999995 0.00000000099999999995 0.00000000099999999995 0.00000000099999999995 
0.37526810529482507173 0.00000000099999999999 0.00000000099999999999 0.00000000099999999999 0.62473188870517493143 0.00000000099999999999 0.00000000099999999999 0.00000000099999999999 
0.99999999300000008695 0.00000000099999999993 0.00000000099999999993 0.00000000099999999993 0.00000000099999999993 0.00000000099999999993 0.00000000099999999993 0.00000000099999999993 
0.99999999300000019797 0.00000000099999999994 0.00000000099999999994 0.00000000099999999994 0.00000000099999999994 0.00000000099999999994 0.00000000099999999994 0.00000000099999999994 
0.99999999300000008695 0.00000000099999999994 0.00000000099999999994 0.00000000099999999994 0.00000000099999999994 0.00000000099999999994 0.00000000099999999994 0.00000000099999999994 
0.99999999300000008695 0.00000000099999999996 0.00000000099999999996 0.00000000099999999996 0.00000000099999999996 0.00000000099999999996 0.00000000099999999996 0.00000000099999999996 
0.99999999300000019797 0.00000000099999999994 0.00000000099999999994 0.00000000099999999994 0.00000000099999999994 0.00000000099999999994 0.00000000099999999994 0.00000000099999999994 
0.99999999300000008695 0.00000000099999999993 0.00000000099999999993 0.00000000099999999993 0.00000000099999999993 0.00000000099999999993 0.00000000099999999993 0.00000000099999999993 
0.99999999300000019797 0.00000000099999999994 0.00000000099999999994 0.00000000099999999994 0.00000000099999999994 0.00000000099999999994 0.00000000099999999994 0.00000000099999999994 
0.54477838929532562684 0.00000000099999999999 0.00000000099999999999 0.00000000099999999999 0.45522160470467443183 0.00000000099999999999 0.00000000099999999999 0.00000000099999999999 
0.99999999300000019797 0.00000000099999999994 0.00000000099999999994 0.00000000099999999994 0.00000000099999999994 0.00000000099999999994 0.00000000099999999994 0.00000000099999999994 
0.59399577738536513127 0.00000000099999999999 0.00000000099999999999 0.00000000099999999999 0.40600421661463498291 0.00000000099999999999 0.00000000099999999999 0.00000000099999999999 
0.99999999300000019797 0.00000000099999999994 0.00000000099999999994 0.00000000099999999994 0.00000000099999999994 0.00000000099999999994 0.00000000099999999994 0.00000000099999999994 
0.99999999300000019797 0.00000000099999999995 0.00000000099999999995 0.00000000099999999995 0.00000000099999999995 0.00000000099999999995 0.00000000099999999995 0.00000000099999999995 
0.99999999300000008695 0.00000000099999999992 0.00000000099999999992 0.00000000099999999992 0.00000000099999999992 0.00000000099999999992 0.00000000099999999992 0.00000000099999999992 
0.00000000100000000000 0.00000000100000000000 0.53889362605841417686 0.14595593598288197912 0.00000000100000000000 0.29515031700713234564 0.01999989057409273449 0.00000022737747872858 
0.00000000099999999999 0.00000000099999999999 0.00000000099999999999 0.45264179842946794530 0.00000000099999999999 0.00000000099999999999 0.00000000099999999999 0.54735819557053200235 
0.00000000099999999999 0.00000000099999999999 0.00002142730560417591 0.51151119417862411787 0.00000000099999999999 0.00000000099999999999 0.00000000099999999999 0.48846737351577179664 
0.00000000099999999999 0.00000000099999999999 0.68983044439646512558 0.04738671121942806402 0.00000000099999999999 0.26278283938410690324 0.00000000099999999999 0.00000000099999999999 
0.00000000099999999999 0.00000000099999999999 0.00000000099999999999 0.39377206512224238733 0.00000000099999999999 0.00000661599053549385 0.00000000099999999999 0.60622131388722211298 
0.00000000099999999999 0.00000000099999999999 0.00000003429327423966 0.50078572558552714167 0.00000000099999999999 0.00008312152233248493 0.00000000099999999999 0.49913111459886627674 
0.00000000099999999999 0.00000000099999999999 0.00000000099999999999 0.42320333525155179322 0.00000000099999999999 0.00000000099999999999 0.00000000099999999999 0.57679665874844809892 
0.00000000099999999997 0.00000000099999999997 0.00000000099999999997 0.00000000099999999997 0.00000000099999999997 0.00000000099999999997 0.00000000099999999997 0.99999999300000008695 
0.00000000099999999997 0.00000000099999999997 0.00000000099999999997 0.00000000099999999997 0.00000000099999999997 0.00000000099999999997 0.00000000099999999997 0.99999999300000008695 
0.00000000100000000000 0.00000000100000000000 0.00000000100000000000 0.47548289067672239172 0.00000000992526815377 0.00000000100000000000 0.00000000100000000000 0.52451709439800942025 
0.00000000099999999999 0.00000000099999999999 0.00000000099999999999 0.47629972241053275539 0.00000000099999999999 0.04457240419410336829 0.00000000099999999999 0.47912786839536386507 
0.00000000099999999995 0.00000000099999999995 0.00000000099999999995 0.99999999300000008695 0.00000000099999999995 0.00000000099999999995 0.00000000099999999995 0.00000000099999999995 
0.00000000100000000000 0.05358865428012359045 0.48801701130853086807 0.12227786494257207595 0.00000000100000000000 0.11433668332859353578 0.00824227781607081607 0.21353750632410908872 
0.00000000100000000000 0.26133289658521763332 0.08890711944426907265 0.19619365847095726618 0.00635774725465582894 0.00084556468786778968 0.02385675821341550276 0.42250625434361688271 
0.00000000099999999995 0.00000000099999999995 0.00000000099999999995 0.99999999299999997593 0.00000000099999999995 0.00000000099999999995 0.00000000099999999995 0.00000000099999999995 
0.00000000099999999999 0.00000000099999999999 0.00001055476520938524 0.30669559985636918320 0.00000000099999999999 0.04029928061763070335 0.00000000099999999999 0.65299456076079065436 
0.00181801646698388254 0.00000000100000000000 0.00000000100000000000 0.51919121756876862595 0.00000000100000000000 0.01464535715883465497 0.00000000100000000000 0.46434540480541303120 
0.00000000099999999995 0.00000000099999999995 0.00000000099999999995 0.99999999300000008695 0.00000000099999999995 0.00000000099999999995 0.00000000099999999995 0.00000000099999999995 
0.00000000099999999990 0.00000000099999999990 0.00000000099999999990 0.00000000099999999990 0.00000000099999999990 0.99999999300000008695 0.00000000099999999990 0.00000000099999999990 
0.00000000100000000000 0.00000000100000000000 0.09053854346947984300 0.51230403174448990722 0.00000000100000000000 0.00001072222163075492 0.00000000100000000000 0.39714669856439960283 
0.00757969132974874085 0.00085591795486633594 0.69371336616717105272 0.08022741971248639747 0.00000027464009587107 0.21762332819563159902 0.00000000100000000000 0.00000000100000000000 
0.00837425137707068640 0.03046370062426608308 0.56193057557175640770 0.15219810531766206352 0.00000000100000000000 0.24703336410924492395 0.00000000100000000000 0.00000000100000000000 
0.00000000099999999999 0.00000000099999999999 0.00000000099999999999 0.46411081469718773462 0.00000000099999999999 0.00000088208965072487 0.00000000099999999999 0.53588829821316164015 
0.00000000099999999999 0.00000000099999999999 0.00003450140713182382 0.40289163721073095736 0.00000000099999999999 0.00008729455529671255 0.00000000099999999999 0.59698656282684048335 
0.00842338742030043254 0.00000098922474165862 0.68367001077809785858 0.00000000100000000000 0.00000000100000000000 0.19918973698149999851 0.00011480558978252265 0.10860106800557745022 
0.00000000099999999999 0.00000000099999999999 0.00013544763487953612 0.40542121730701174975 0.00000000099999999999 0.00506139916034533451 0.00000000099999999999 0.58938193189776333369 
0.00000000099999999995 0.00000000099999999995 0.00000000099999999995 0.99999999300000008695 0.00000000099999999995 0.00000000099999999995 0.00000000099999999995 0.00000000099999999995 
0.00000000100000000000 0.00000137199168762147 0.69288528831838280819 0.05829244136910868151 0.00000000100000000000 0.24880477152452679102 0.00000000100000000000 0.00001612379629426142 
0.00000000099999999996 0.00000000099999999996 0.00000000099999999996 0.00000000099999999996 0.00000000099999999996 0.00000000099999999996 0.00000000099999999996 0.99999999300000008695 
0.00000000099999999996 0.00000000099999999996 0.00000000099999999996 0.00000000099999999996 0.00000000099999999996 0.00000000099999999996 0.00000000099999999996 0.99999999300000008695 
0.00000000099999999998 0.00000000099999999998 0.99999999299999997593 0.00000000099999999998 0.00000000099999999998 0.00000000099999999998 0.00000000099999999998 0.00000000099999999998 
0.00000000099999999999 0.00000000099999999999 0.00000000099999999999 0.38811338535382494674 0.00000000099999999999 0.00504988209592307016 0.00000000099999999999 0.60683672755025186429 
0.00000000099999999999 0.00000000099999999999 0.56475378427699018946 0.15283411979853825380 0.00000000099999999999 0.28241209092447139284 0.00000000099999999999 0.00000000099999999999 
0.00000000099999999998 0.00000000099999999998 0.99999999299999997593 0.00000000099999999998 0.00000000099999999998 0.00000000099999999998 0.00000000099999999998 0.00000000099999999998 
0.00000000099999999999 0.01640918151158791277 0.60711982073904235957 0.00000037860260754898 0.00000000099999999999 0.29055727822799326532 0.00000000099999999999 0.08591333791876888670 
0.00000000099999999999 0.00000000099999999999 0.79437972838133918962 0.00000000099999999999 0.00000000099999999999 0.20562026561866078578 0.00000000099999999999 0.00000000099999999999 
0.00000000099999999999 0.00000000099999999999 0.00000000099999999999 0.32474640751134081773 0.00000000099999999999 0.02328306210246863100 0.00000000099999999999 0.65197052538619060247 
0.00000000100000000000 0.00000002321684140397 0.00000000100000000000 0.39329951510141197835 0.00011307425805306448 0.00000000100000000000 0.00000000100000000000 0.60658738342369344920 
0.00000000099999999997 0.00000000099999999997 0.00000000099999999997 0.00000000099999999997 0.00000000099999999997 0.00000000099999999997 0.00000000099999999997 0.99999999300000008695 
0.00000000099999999996 0.00000000099999999996 0.00000000099999999996 0.99999999299999997593 0.00000000099999999996 0.00000000099999999996 0.00000000099999999996 0.00000000099999999996 
0.00000000099999999994 0.00000000099999999994 0.00000000099999999994 0.99999999300000008695 0.00000000099999999994 0.00000000099999999994 0.00000000099999999994 0.00000000099999999994 
0.00000000100000000000 0.00000000100000000000 0.56495966202553926649 0.01085729721241333184 0.04312121611613170535 0.19954651752856283897 0.00896840724090935959 0.17254689787644336696 
0.00000000100000000000 0.00000000100000000000 0.00000000100000000000 0.46447278382820511577 0.00083368608369379488 0.00000002919430666559 0.00000382595645541716 0.53468967193733918375 
0.00000000099999999997 0.00000000099999999997 0.00000000099999999997 0.00000000099999999997 0.00000000099999999997 0.00000000099999999997 0.00000000099999999997 0.99999999299999997593 
0.00000000099999999994 0.00000000099999999994 0.00000000099999999994 0.99999999300000008695 0.00000000099999999994 0.00000000099999999994 0.00000000099999999994 0.00000000099999999994 
0.00000000099999999999 0.00000000099999999999 0.23849418560929092070 0.27308578195462607230 0.00000000099999999999 0.18859654004638221059 0.03407277488827138018 0.26575071450142939700 
0.00625344523954023124 0.00000000100000000000 0.52473513695491502684 0.04311657952787297660 0.00074166906393470879 0.12643871426137925917 0.00000007920120544057 0.29871437475115225624 
0.00000000099999999999 0.00000000099999999999 0.06544339168224937164 0.35534943915792166491 0.00000000099999999999 0.00000000099999999999 0.00000000099999999999 0.57920716415982886893 
0.00000000099999999999 0.00000000099999999999 0.00000000099999999999 0.56552920742219303651 0.00000000099999999999 0.00008629240270822514 0.00000000099999999999 0.43438449517509875042 
0.00000000099999999999 0.00000000099999999999 0.51697207144656431854 0.00000000099999999999 0.00000000099999999999 0.21692401228511570821 0.00000000099999999999 0.26610391126831989261 
0.00030447991586410783 0.00000000100000000000 0.72860217508072566694 0.00000000100000000000 0.00000199358210973910 0.13633758454417313488 0.01631613938471047909 0.11843762549241693138 
0.00000000100000000000 0.00000019559461882340 0.54131235993109505511 0.08990103361784042291 0.00000000100000000000 0.18001430923560915454 0.01422929107518379997 0.17454280854565262793 
0.00000000099999999999 0.00000000099999999999 0.00000000099999999999 0.47041202613065580262 0.00000000099999999999 0.01135503661891524262 0.00000000099999999999 0.51823293225042887933 
0.00000000099999999993 0.00000000099999999993 0.00000000099999999993 0.99999999300000008695 0.00000000099999999993 0.00000000099999999993 0.00000000099999999993 0.00000000099999999993 
0.00000000100000000000 0.00000000100000000000 0.13036827766634820347 0.32757150562610992672 0.00000000100000000000 0.00000000100000000000 0.02336670664441143491 0.51869350606313036067 
0.00000000099999999999 0.00000000099999999999 0.62422954790112528123 0.00000000099999999999 0.00000000099999999999 0.22001810024984952419 0.00000000099999999999 0.15575234684902514171 
0.00783205713955746272 0.00000000100000000000 0.62611616215606480385 0.06831888182675828480 0.00000000100000000000 0.21824297668525377558 0.00000000100000000000 0.07948991919236568504 
0.00000000099999999998 0.00000000099999999998 0.00000000099999999998 0.00000000099999999998 0.00000000099999999998 0.00000000099999999998 0.00000000099999999998 0.99999999299999997593 
0.00000000099999999999 0.00000000099999999999 0.00000000099999999999 0.48983874343100025639 0.00000000099999999999 0.00000000099999999999 0.00000000099999999999 0.51016125056899974677 
0.00000000099999999999 0.00000000099999999999 0.00000000099999999999 0.33607126271901149872 0.00000000099999999999 0.00000000099999999999 0.00000000099999999999 0.66392873128098828239 
0.00000000099999999993 0.00000000099999999993 0.00000000099999999993 0.99999999300000008695 0.00000000099999999993 0.00000000099999999993 0.00000000099999999993 0.00000000099999999993 
0.00000000099999999993 0.00000000099999999993 0.00000000099999999993 0.99999999300000008695 0.00000000099999999993 0.00000000099999999993 0.00000000099999999993 0.00000000099999999993 
0.00000000100000000000 0.00000772116906005832 0.05025922906745050600 0.52536377773935138968 0.00000000100000000000 0.00296550114393729540 0.00000027475870510131 0.42140349412149563646 
