0.00171588543539747274 0.04586635275354258856 0.03606862229459708441 0.04166315247372025937 0.04377627652583897244 0.06709211065033583721 0.73854910811841378848 0.02526849174815391438 
0.00000000099999999998 0.00000000099999999998 0.08618327230892322555 0.00000000099999999998 0.00000000099999999998 0.00000000099999999998 0.91381672169107674986 0.00000000099999999998 
0.12865977161633876391 0.00000000100000000000 0.00000052318818991656 0.00269564326732457801 0.00000000100000000000 0.00773702680209514305 0.86090703212605157457 0.00000000100000000000 
0.03732800104747202585 0.00000000100000000000 0.02014065234712049055 0.08925819906475145060 0.00000000100000000000 0.08658489465209805169 0.74915420378677910485 0.01753404710177886364 
0.04244111710037330731 0.00000000100000000000 0.04929291205113189162 0.04516438354796710464 0.06491277776942216970 0.01056630100076724234 0.75605330561554107138 0.03156920191479736099 
0.00000000100000000000 0.01669041846230398529 0.00000000100000000000 0.07618813053590313411 0.00000000100000000000 0.09737455469156261478 0.80974687609048012771 0.00000001721975009883 
0.00000000100000000000 0.00000000100000000000 0.00105792559162390452 0.03270941850347425239 0.08721846673180559673 0.15920748240590354428 0.68974364590207637438 0.03006305886511638839 
0.04795792171080980049 0.00000000100000000000 0.02298757357541311025 0.02596598441338038646 0.01295411507169905337 0.03318330900370872888 0.82264324282245060438 0.03430785240253830110 
0.05535134907038646856 0.00000050732697162185 0.00852566741634024246 0.00002745548060837355 0.10522266362260147832 0.00421424543834198612 0.75415662825975693373 0.07250148338499287637 
0.00000003854660601556 0.04479912371568181562 0.01140308142104548214 0.06826821436851675251 0.00000000100000000000 0.03293289482099449883 0.77685417350217833565 0.06574247262497712185 
0.01637442799435454011 0.00000000241434520847 0.06764755447906369012 0.05437281413910526745 0.13435941186554892224 0.00000000100000000000 0.70118656938524326350 0.02605921872233918357 
0.02442817218826187978 0.00034149098711011653 0.03842451364467652786 0.00000000100000000000 0.08041991376802054559 0.00000000100000000000 0.84073073018874577844 0.01565517722318511204 
0.10586863889916049708 0.02628250417498539243 0.00003439025123700682 0.00000008394295841699 0.06379815342432465508 0.00000018125932273403 0.80401604704801110657 0.00000000100000000000 
0.00000000506547929016 0.00000000100000000000 0.00007946693827359880 0.03290029635086593601 0.00916415157869344098 0.17082920719387184594 0.78679862780249598675 0.00022824407031988791 
0.05476103490930241818 0.05258274602254926766 0.02855337128900421392 0.01199595789983987082 0.00000021612162778661 0.08093182934693686492 0.77117484341073960774 0.00000000100000000000 
0.00000000100000000000 0.00743085768317082451 0.00767437505412889558 0.08446930696773717606 0.14871603405282746158 0.00580251546360083421 0.74590690877853482732 0.00000000100000000000 
0.00000000100000000000 0.03283441928417777517 0.00652187604580661134 0.05699922030122070438 0.07799252615867136029 0.00000000100000000000 0.78562530260939333893 0.04002665360073021095 
0.00000000100000000000 0.00363021323580417108 0.03640960400510415834 0.04943657180434820470 0.13524169967819296700 0.04668845979397490825 0.72859344932127201311 0.00000000116130356488 
0.00004710416109245735 0.05201695939401930480 0.06113930668423225856 0.06140613871678169550 0.07701829033698601168 0.00000000313901034244 0.74837219656787790090 0.00000000100000000000 
0.05254840787030333471 0.00000001821423150125 0.07297422270536103872 0.00000000639478443629 0.14288119795302928194 0.00000000100000000000 0.70732248098577321649 0.02427366487651727231 
0.02444054353344564043 0.01267687648366735455 0.08748938699097663640 0.05855206041900654079 0.00024590938309870266 0.02743420084800941849 0.78916102134179566541 0.00000000100000000000 
0.07373763604051601639 0.09383351779119951386 0.00047420162797052491 0.00000000100000000000 0.05353648147570962135 0.00000000100000000000 0.77841816006460429200 0.00000000100000000000 
0.00000009597750629099 0.00000001679018179171 0.04841355019943125587 0.05602940688573662675 0.08000867839429605388 0.03004346624166388466 0.75158636553779667455 0.03391841997338745918 
0.00844983959933811972 0.00000387063557728584 0.00000000100000000000 0.01805041464091470052 0.12220128936550218868 0.00000000100000000000 0.85129458275866765060 0.00000000100000000000 
0.00929849885584676551 0.01202085903761873631 0.02203857624333748280 0.05074080663375314659 0.12651412296809516622 0.05803689059200552863 0.72135020267382632397 0.00000004299551686249 
0.00000000100000000000 0.00000000100000000000 0.02066784480243457484 0.02510079758251788223 0.09868985091445754698 0.03705399013352740634 0.77807822778943513953 0.04040928677762737481 
0.00000000100000000000 0.01483936719449018872 0.02569376401588601214 0.03039076062571460096 0.12961317443545480876 0.07961148319541466734 0.71966338065676871416 0.00018806887627107643 
0.00054052458705020187 0.02706198638675800378 0.03635780699122526105 0.07197639894664503712 0.04576707641896176487 0.00124140510696165536 0.77113661656737608752 0.04591818499502198919 
0.00000630214191055206 0.00000000100000000000 0.09744033230091407594 0.06685486454713669702 0.05117212091940744056 0.00000002749346753822 0.78451258295286874223 0.00001376864429491613 
0.03543563112321144321 0.00000020105182107571 0.05780604235811520608 0.01899819487705629167 0.08668584889071029309 0.00000000100000000000 0.79152794778168167333 0.00954613291740389822 
0.00554338423523535913 0.06275945380055876488 0.00003543423216395693 0.09008478212925118134 0.05175868364781247705 0.00319022387617245301 0.78662563522389183923 0.00000240285491402315 
0.00000000099999999999 0.00000000099999999999 0.00000000099999999999 0.05884517236065885115 0.15962267814218689121 0.05402019931645158507 0.72751194618070258446 0.00000000099999999999 
0.00050111262233224786 0.00249044700941515595 0.03671640062618256040 0.09566220026550019406 0.14579230648727253827 0.00000000100000000000 0.69839281036457767637 0.02044472162471954249 
0.02426081235633689714 0.01063608457032054304 0.00000000177818279257 0.00000000100000000000 0.06264628381626748121 0.00784677057635319204 0.87755041608139872089 0.01705962982114035686 
0.11097651740043522339 0.02854447681624605951 0.00006953148801536858 0.00000000100000000000 0.00753077984972539555 0.03863118954459273530 0.77476138751396339543 0.03948611638702172189 
0.08027239306659705864 0.01054964999649692266 0.06425381538882753152 0.01446248355694715500 0.02328316770740250508 0.02123095383432887021 0.72457155655560046004 0.06137597989379939972 
0.00000000099999999998 0.00000000099999999998 0.07544384585931321330 0.00000000099999999998 0.00000000099999999998 0.00000000099999999998 0.92455614814068687313 0.00000000099999999998 
0.07320199826015900968 0.04592515397298005397 0.04106770575103703413 0.02934945007926477445 0.00000569995033411442 0.02420621137280056304 0.77105327330595818669 0.01519050730746619206 
0.00000000100000000000 0.00000000100000000000 0.00000063384589210420 0.00000000100000000000 0.00000009073460655911 0.00000000100000000000 0.96491284869995874729 0.03508642271954263980 
0.00000000100000000000 0.00000000100000000000 0.03137713771783831596 0.06564953217432867305 0.11745767331703702019 0.00000000100000000000 0.74449581048543389539 0.04101984330536209006 
0.00076850635199370086 0.02457977832360038958 0.04370919035439604222 0.03718572044666151183 0.07198509117489061693 0.00000000100000000000 0.81354847993379786342 0.00822323241465975491 
0.09954959442002825343 0.00000000100000000000 0.01759936674887233043 0.00000000100000000000 0.18804600665198997755 0.00434166558659535452 0.68773556846451500135 0.00272779612799907163 
0.02898783539945583645 0.00918478277525329456 0.04434289863070849796 0.00000000100000000000 0.00000000100000000000 0.03394632576558644782 0.83306236767859942471 0.05047578775039659321 
0.00359145153349551454 0.01657505129753817849 0.05198000190840191409 0.06175299062170846315 0.04236370064134385716 0.05725175495279793275 0.74270446950080748483 0.02378057954390652706 
0.00000568587948425888 0.00628085246647191921 0.02624418552927262893 0.02736143046803391973 0.08163738851316336420 0.07234414440302452953 0.76483356149814041292 0.02129275124240893532 
0.00113515904168617074 0.03615050249122903070 0.00157126459980009691 0.00009760693246208575 0.14372387743933318083 0.02116974500968664061 0.79601885218988022164 0.00013299229592256652 
0.00000000100000000000 0.01395028631339921554 0.04992866213709370310 0.00375552136800079992 0.11177022025370142444 0.09168072840568369797 0.72891457952212102001 0.00000000100000000000 
0.04384564901713732671 0.07229050286589489005 0.00000000100000000000 0.03042497450610387108 0.09957216126115350785 0.03961864439980129077 0.69804094622173551432 0.01620712072817375587 
0.03102325907148075976 0.03532808367474667838 0.05358072332821828959 0.00000012384140083090 0.06377866463621131854 0.13950996223945047459 0.67676603020020098533 0.00001315300829066443 
0.10154329409109288940 0.00000000099999999999 0.00000000099999999999 0.00000000099999999999 0.00000000099999999999 0.14476794896275826940 0.75368875194614881607 0.00000000099999999999 
0.00002678781381616785 0.03263922493021004234 0.01983961357879401866 0.07688266586869015040 0.11918473335728721474 0.03029612000051223539 0.72112745413796908167 0.00000340031272100773 
0.00000000100000000000 0.03713345932093936597 0.07836929191951987062 0.00000194427489049713 0.07503450063484508326 0.06876910237248359814 0.69930264589983370804 0.04138905457748777439 
0.00000000100000000000 0.00240208380561114784 0.02343161872268401114 0.08561257870018661176 0.00000000100000000000 0.01044027453048069869 0.81007821598881379899 0.06803522625222375997 
0.00000256225257481813 0.02446148895551222488 0.03860983733803748097 0.02765202358846790415 0.11534120280252067869 0.07370377823345081181 0.70679954642617059957 0.01342956040326552872 
0.08108242072801305489 0.03233932578201136054 0.00000000100000000000 0.01547994040481638980 0.00000000100000000000 0.13662277021752233797 0.73447553986763680633 0.00000000100000000000 
0.00002493404880741030 0.04779969915536687319 0.04929136497876039635 0.12038139970459767192 0.05079290197260043216 0.00000000100000000000 0.71071373410424787398 0.02099596503561934960 
0.00000000099999999999 0.15202222637633969193 0.21079354525555535349 0.00000000099999999999 0.07919757294548773752 0.00000000099999999999 0.51720616780359462972 0.04078048461902249872 
0.12721455506688952863 0.00113324110716578308 0.04090325108683235539 0.00221636667751663524 0.05596547870648999751 0.03974013344935961589 0.73282697290574594362 0.00000000100000000000 
0.00000000100000000000 0.03091086533173948922 0.02063545016899454368 0.08492895530470825904 0.11553249723154424000 0.00000002339011672049 0.74799220657289666736 0.00000000100000000000 
0.00003105554605607708 0.08653717522640894111 0.08483981311142803350 0.10977814766101680333 0.07603677346522286218 0.00000000100000000000 0.63442165794139149249 0.00835537604847582348 
0.07511645624503834884 0.00742163153543424613 0.04296046606972481197 0.00000000100000000000 0.14587588327321540649 0.04998632417840005726 0.65730390795931747938 0.02133532973886955939 
0.06159592238695895533 0.00048013202751093464 0.00000899565546961224 0.01985424583528582962 0.07584376355819565096 0.02664625152371336361 0.81557066680151379945 0.00000002221135170550 
0.01773888656057383273 0.08121522820062214432 0.00000000100000000000 0.00000000100000000000 0.05994422779431288900 0.11250384930919191118 0.70967939011949077166 0.01891841601580855972 
0.03011817404961250610 0.03142545860478223457 0.01852413829434887069 0.00032549609233092843 0.14081376981096907497 0.00067441851419944494 0.75743590928361559378 0.02068263535014122634 
0.06681972630243547540 0.00000002630342073643 0.04056835745394025972 0.00952691607201949786 0.06067966739570763990 0.10389964666542646221 0.71209431349421903334 0.00641134631283091314 
0.09625452881785050152 0.02091955864196034034 0.02645396181819074238 0.00225394334121319486 0.00000302556381848630 0.00780925477850895507 0.84404300259665387962 0.00226272444180391444 
0.03787477070220995196 0.00000006652537946020 0.00009239771738362455 0.00000000100000000000 0.08266353575611147531 0.19720066716772716164 0.68216856013118842839 0.00000000100000000000 
0.05152845863122480774 0.03820105523511545947 0.02641693567715822089 0.01639838316695401213 0.11279529928239798164 0.07401134285196961371 0.66633210368821860214 0.01431642146696119819 
0.00000000100000000000 0.00909509642424286523 0.06848839993470516585 0.04501179858047821281 0.07508990791695024924 0.06853570201354367009 0.72286600511505982869 0.01091308901501994617 
0.00095108050106546948 0.02006886492448603856 0.05741582385239607511 0.04207706081008331933 0.02039749357983156736 0.06845087799888244229 0.77460013666571492230 0.01603866166754023756 
0.10053418649234463489 0.00000298478926038553 0.00000000100000000000 0.00000000105317314866 0.26730355799496041680 0.04468256404287154065 0.58747670362738990679 0.00000000100000000000 
0.00000496995189271718 0.18942932847576843258 0.21340468527672271093 0.00549661764518581501 0.05097839092849472398 0.02494791885407603507 0.51561585507469320788 0.00012223379316646983 
0.00001614565727552102 0.00000856185431706814 0.00000000100000000000 0.10792348900736024875 0.00000032855419389757 0.10577361699485753055 0.78627785593199583936 0.00000000100000000000 
0.00000965696329277272 0.00397307012437117611 0.00092094643426394117 0.08494242929762101102 0.00000000100000000000 0.12461042543235664737 0.78535056584072038266 0.00019290490737414290 
0.11364027511541369142 0.03634644934850096015 0.06687517639123344293 0.00000000100000000000 0.03879530510413278094 0.00000000100000000000 0.71365211003847994764 0.03069068200223916756 
0.00000000100000000000 0.00000548072598370718 0.00000000100000000000 0.09486930647512870074 0.14365203844534840671 0.00000062906427948865 0.73578730177766793474 0.02568524151159165547 
0.05016857953533163106 0.03514393385131302922 0.04343385778217841164 0.00000000100000000000 0.05275146854179076084 0.08276711758145446907 0.71097543290006970373 0.02475960880786200885 
0.08457342109152653220 0.00840257761730951735 0.00000000100000000000 0.00000208015058235331 0.00000000100000000000 0.19525346818404520910 0.71176844995653643089 0.00000000100000000000 
0.01002138862922065041 0.00001393349717741683 0.00000000100000000000 0.00000000100000000000 0.00000000100000000000 0.00000000100000000000 0.98959518591427497736 0.00036948795932687423 
0.06474767043569236435 0.02084893980512868977 0.04930963566259968095 0.00126158437896718625 0.07654032671857866066 0.00000010725358485328 0.77025420348889861444 0.01703753225654988657 
0.00000000099999999999 0.15025446090130811783 0.21199729892005489407 0.00000000099999999999 0.24177396400571507518 0.00000000099999999999 0.39597427217292180401 0.00000000099999999999 
0.02534065884321107590 0.09964129561011203506 0.00032956425315756795 0.00000000100000000000 0.08452035804951060771 0.07615423788476330391 0.69937027082190139637 0.01464361353734392433 
0.07877310565049638891 0.03996098258984611545 0.02838405811952872393 0.00000000100000000000 0.04383678446707769266 0.08732985507698935723 0.72171521209606159797 0.00000000100000000000 
0.00000571024077150289 0.00000115301917446166 0.05012721694808858208 0.05896230620241799114 0.09947011060417301764 0.00000000100000000000 0.72176380168477161092 0.06966970030060286312 
0.00316414210682290685 0.05377418099268296836 0.02342331243451999112 0.02833558284967686858 0.12057388666604569594 0.12838931829240499138 0.64233952971998942161 0.00000004693785717887 
0.00000000100000000000 0.05259263993586975328 0.02092580763475243230 0.05586418396702702571 0.00000000100000000000 0.08607162407914598079 0.78454574138320465337 0.00000000100000000000 
0.00000000100000000000 0.03604933010700859392 0.00000000100000000000 0.03007461528415835902 0.00000000100000000000 0.18700880661895152857 0.74686724398988146856 0.00000000100000000000 
0.00000006499515496856 0.02935758433344125978 0.05112859141103952981 0.03416389783357388216 0.14076121549805448163 0.03544028231892328018 0.68690204503079932419 0.02224631857901331056 
0.07596663131803489677 0.02359276235182393086 0.00000004492884933102 0.00000000100000000000 0.07771090654650032736 0.07118170896017279869 0.75154777287711582723 0.00000017201750291890 
0.07025894773930983772 0.05100991739636903666 0.02621055605727052804 0.00025765913198744033 0.14315721515819668230 0.03422671214640497783 0.67487899137046147846 0.00000000100000000000 
0.08320887737021120945 0.02743147681128076457 0.00707946756412207012 0.01161786022068733715 0.06453150758000796017 0.07659799847094324321 0.72890352616602405167 0.00062928581672336303 
0.13503084993393424385 0.00000000100000000000 0.00000000100000000000 0.00000000100000000000 0.00000000100000000000 0.08180134852739760765 0.77078448006293542871 0.01238331747573274966 
0.00000000354449693049 0.01485133645212322571 0.06931249636033944006 0.03684414770641821629 0.06963164832655074910 0.10412368924928611102 0.68230289367815633028 0.02293378468262899719 
0.00007694738713992310 0.00000000100000000000 0.00909002105485904981 0.06709272661228656010 0.00000000100000000000 0.15939922525455024749 0.75345923638499789909 0.01088184130616642528 
0.00000000100000000000 0.02061922461682955815 0.01576530525650899489 0.07243662292871348718 0.07646541149562637030 0.01757539777270060791 0.74812558801687023546 0.04901244891275082644 
0.06353829049082627967 0.05619492035107945954 0.01883624755977086201 0.00000002371819861373 0.00000095593021753800 0.09712614940126149121 0.70824860025967661947 0.05605481228896917051 
0.00000000892686169801 0.01401481518206290806 0.07238691833918427243 0.00653866282165807382 0.67762241402085943154 0.00000004447709831035 0.18904703087710619802 0.04039010535516907030 
0.00000000099999999999 0.00000000099999999999 0.00000000099999999999 0.00000000099999999999 0.99999999300000008695 0.00000000099999999999 0.00000000099999999999 0.00000000099999999999 
0.04008056282362558453 0.03715824082043253651 0.10081216356102022658 0.00000000100000000000 0.69230859574180259042 0.00616573809709520821 0.10713055079190478280 0.01634414716411894744 
0.00000000099999999997 0.00000000099999999997 0.00000000099999999997 0.00000000099999999997 0.99999999299999997593 0.00000000099999999997 0.00000000099999999997 0.00000000099999999997 
0.06882365789044661564 0.01819636549576286386 0.06441947784422052958 0.00000000100000000000 0.68048483449541463663 0.00000000170725792663 0.09562486180372596623 0.07245079976317160553 
0.00000000099999999999 0.00000000099999999999 0.00000000099999999999 0.00000000099999999999 0.99999999300000008695 0.00000000099999999999 0.00000000099999999999 0.00000000099999999999 
0.00000000099999999999 0.00000000099999999999 0.00000000099999999999 0.00000000099999999999 0.99999999299999997593 0.00000000099999999999 0.00000000099999999999 0.00000000099999999999 
0.00000000099999999998 0.00000000099999999998 0.00000000099999999998 0.00000000099999999998 0.99999999300000008695 0.00000000099999999998 0.00000000099999999998 0.00000000099999999998 
0.00000000099999999999 0.00000000099999999999 0.00000000099999999999 0.00000000099999999999 0.99999999300000008695 0.00000000099999999999 0.00000000099999999999 0.00000000099999999999 
0.00000000099999999999 0.00000000099999999999 0.00000000099999999999 0.00000000099999999999 0.99999951190077696062 0.00000000099999999999 0.00000000099999999999 0.00000048209922315854 
0.00000000100000000000 0.11831885996694273266 0.00000000100000000000 0.00410077868050249313 0.81391711797333621270 0.00000000100000000000 0.06366323937921854192 0.00000000100000000000 
0.00000000100000000000 0.09981448275118680324 0.00000000100000000000 0.00000000100000000000 0.89907098845209110216 0.00000000100000000000 0.00000000100000000000 0.00111452379672218331 
0.00000000099999999998 0.00000000099999999998 0.00000000099999999998 0.00000000099999999998 0.99999999300000008695 0.00000000099999999998 0.00000000099999999998 0.00000000099999999998 
0.00000000099999999999 0.00000000099999999999 0.00000029866235647119 0.00000000099999999999 0.99999969533764365703 0.00000000099999999999 0.00000000099999999999 0.00000000099999999999 
0.00000000099999999998 0.00000000099999999998 0.00000000099999999998 0.00000000099999999998 0.99999999300000008695 0.00000000099999999998 0.00000000099999999998 0.00000000099999999998 
0.00000000099999999998 0.00000000099999999998 0.00000000099999999998 0.00000000099999999998 0.99999999299999997593 0.00000000099999999998 0.00000000099999999998 0.00000000099999999998 
0.00000000099999999999 0.00000000135995970025 0.00000031843776953756 0.00000000099999999999 0.99999967520227084350 0.00000000099999999999 0.00000000099999999999 0.00000000099999999999 
0.00000000099999999998 0.00000000099999999998 0.00000043872397833549 0.00000000099999999998 0.99999955527602157890 0.00000000099999999998 0.00000000099999999998 0.00000000099999999998 
0.00000000099999999998 0.00000000099999999998 0.00000000099999999998 0.00000000099999999998 0.99962290553931287818 0.00000000099999999998 0.00000000099999999998 0.00037708846068719784 
0.00048871731745274926 0.07395285535292674128 0.06494730871016607399 0.04797281164451939334 0.40880097277534005462 0.17136141423898024194 0.23247590899976369738 0.00000001096085116653 
0.00000000099999999999 0.00000000099999999999 0.00000000099999999999 0.00000000099999999999 0.99999999300000008695 0.00000000099999999999 0.00000000099999999999 0.00000000099999999999 
0.00000000099999999997 0.00000000099999999997 0.00000000099999999997 0.00000000099999999997 0.99999999299999997593 0.00000000099999999997 0.00000000099999999997 0.00000000099999999997 
0.00000000099999999999 0.00000000099999999999 0.00000000099999999999 0.00000000099999999999 0.99999999299999997593 0.00000000099999999999 0.00000000099999999999 0.00000000099999999999 
0.01493496494617511765 0.00000000099999999999 0.00000000099999999999 0.00000000099999999999 0.98506502905382498092 0.00000000099999999999 0.00000000099999999999 0.00000000099999999999 
0.00000000099999999999 0.00000004078426039738 0.00000000099999999999 0.00000000099999999999 0.99999995321573953433 0.00000000099999999999 0.00000000099999999999 0.00000000099999999999 
0.00000000099999999999 0.13104419281014706433 0.00000000099999999999 0.00000000099999999999 0.86895580048404641449 0.00000000170580650211 0.00000000099999999999 0.00000000099999999999 
0.00000000099999999999 0.00000000099999999999 0.00000000099999999999 0.00000000099999999999 0.99999999300000008695 0.00000000099999999999 0.00000000099999999999 0.00000000099999999999 
0.00000000100000000000 0.07845538029399068414 0.00000000100000000000 0.00000000813741204031 0.79043247605704869407 0.09438762338994551027 0.00928833163541817330 0.02743617848618494157 
0.00000000099999999997 0.00000000099999999997 0.00000000099999999997 0.00000000099999999997 0.99999999300000008695 0.00000000099999999997 0.00000000099999999997 0.00000000099999999997 
0.00000001093983623890 0.05392415290322021687 0.05213453844859362862 0.00485924869421515936 0.68140119167706669767 0.02748649222103857065 0.15829581302236370166 0.02189855209366579555 
0.00000000099999999999 0.00000000099999999999 0.00000000099999999999 0.00000000099999999999 0.99999999299999997593 0.00000000099999999999 0.00000000099999999999 0.00000000099999999999 
0.00000000099999999996 0.00000000099999999996 0.00000000099999999996 0.00000000099999999996 0.10433223130871746576 0.00000000099999999996 0.00000000099999999996 0.89566776269128256516 
0.00000000099999999996 0.00000000099999999996 0.00000000099999999996 0.00000000099999999996 0.00000000099999999996 0.00000000099999999996 0.00000000099999999996 0.99999999300000008695 
0.00000000099999999994 0.00000000099999999994 0.00000000099999999994 0.00000000099999999994 0.00000000099999999994 0.00000000099999999994 0.00000000099999999994 0.99999999300000008695 
0.00000000099999999995 0.00000000099999999995 0.00000000099999999995 0.00000000099999999995 0.00000000099999999995 0.00000000099999999995 0.00000000099999999995 0.99999999299999997593 
0.00000000099999999994 0.00000000099999999994 0.00000000099999999994 0.00000000099999999994 0.00000000099999999994 0.00000000099999999994 0.00000000099999999994 0.99999999299999997593 
0.00000000099999999993 0.00000000099999999993 0.00000000099999999993 0.00000000099999999993 0.00000000099999999993 0.00000000099999999993 0.00000000099999999993 0.99999999299999997593 
0.00000000099999999994 0.00000000099999999994 0.00000000099999999994 0.00000000099999999994 0.00000000099999999994 0.00000000099999999994 0.00000000099999999994 0.99999999299999997593 
0.00000000099999999994 0.00000000099999999994 0.00000000099999999994 0.00000000099999999994 0.00000000099999999994 0.00000000099999999994 0.00000000099999999994 0.99999999299999997593 
0.00000000099999999993 0.00000000099999999993 0.00000000099999999993 0.00000000099999999993 0.00000000099999999993 0.00000000099999999993 0.00000000099999999993 0.99999999299999997593 
0.00000000099999999993 0.00000000099999999993 0.00000000099999999993 0.00000000099999999993 0.00000000099999999993 0.00000000099999999993 0.00000000099999999993 0.99999999299999997593 
0.00000000099999999994 0.00000000099999999994 0.00000000099999999994 0.00000000099999999994 0.00000000099999999994 0.00000000099999999994 0.00000000099999999994 0.99999999299999997593 
0.00000000099999999995 0.00000000099999999995 0.00000000099999999995 0.00000000099999999995 0.00000000099999999995 0.00000000099999999995 0.00000000099999999995 0.99999999299999997593 
0.00000000099999999994 0.99999999300000019797 0.00000000099999999994 0.00000000099999999994 0.00000000099999999994 0.00000000099999999994 0.00000000099999999994 0.00000000099999999994 
0.00000000099999999993 0.00000000099999999993 0.00000000099999999993 0.00000000099999999993 0.00000000099999999993 0.00000000099999999993 0.00000000099999999993 0.99999999299999997593 
0.00000000099999999994 0.00000000099999999994 0.00000000099999999994 0.00000000099999999994 0.00000000099999999994 0.00000000099999999994 0.00000000099999999994 0.99999999300000008695 
0.00000000099999999993 0.00000000099999999993 0.00000000099999999993 0.00000000099999999993 0.00000000099999999993 0.00000000099999999993 0.00000000099999999993 0.99999999299999997593 
0.00000000099999999996 0.00000000099999999996 0.00000000099999999996 0.00000000099999999996 0.00000000099999999996 0.00000000099999999996 0.00000000099999999996 0.99999999299999997593 
0.00000000099999999994 0.00000000099999999994 0.00000000099999999994 0.00000000099999999994 0.00000000099999999994 0.00000000099999999994 0.00000000099999999994 0.99999999300000008695 
0.00000000099999999993 0.00000000099999999993 0.00000000099999999993 0.00000000099999999993 0.00000000099999999993 0.00000000099999999993 0.00000000099999999993 0.99999999299999997593 
0.00000000099999999994 0.00000000099999999994 0.00000000099999999994 0.00000000099999999994 0.00000000099999999994 0.00000000099999999994 0.00000000099999999994 0.99999999299999997593 
0.00000000100000000000 0.34838525619351062845 0.21991308925619593162 0.00000000100000000000 0.00000000100000000000 0.00000000100000000000 0.00000000100000000000 0.43170164955029360909 
0.00000000099999999994 0.00000000099999999994 0.00000000099999999994 0.00000000099999999994 0.00000000099999999994 0.00000000099999999994 0.00000000099999999994 0.99999999299999997593 
0.00000000099999999999 0.30310397562256596871 0.20243438898915952495 0.00000000099999999999 0.00000000099999999999 0.00000000099999999999 0.00000000099999999999 0.49446163038827462000 
0.00000000099999999994 0.00000000099999999994 0.00000000099999999994 0.00000000099999999994 0.00000000099999999994 0.00000000099999999994 0.00000000099999999994 0.99999999300000008695 
0.00000000099999999995 0.00000000099999999995 0.00000000099999999995 0.00000000099999999995 0.00000000099999999995 0.00000000099999999995 0.00000000099999999995 0.99999999299999997593 
0.00000000099999999993 0.00000000099999999993 0.00000000099999999993 0.00000000099999999993 0.00000000099999999993 0.00000000099999999993 0.00000000099999999993 0.99999999300000008695 
0.00000000099999999999 0.00000000099999999999 0.00000000099999999999 0.99999999285171314867 0.00000000099999999999 0.00000000114828679427 0.00000000099999999999 0.00000000099999999999 
0.00000000099999999999 0.00000000099999999999 0.00000000099999999999 0.00000000099999999999 0.00000000099999999999 0.99999999300000008695 0.00000000099999999999 0.00000000099999999999 
0.00000000099999999999 0.00000000099999999999 0.00000000099999999999 0.03855910447520151385 0.00000000099999999999 0.96144088952479855870 0.00000000099999999999 0.00000000099999999999 
0.00000000099999999998 0.00000000099999999998 0.00000000099999999998 0.99999999300000008695 0.00000000099999999998 0.00000000099999999998 0.00000000099999999998 0.00000000099999999998 
0.00000000099999999999 0.00000000099999999999 0.00000000099999999999 0.03853114618328579849 0.00000000099999999999 0.96146884781671415610 0.00000000099999999999 0.00000000099999999999 
0.07989635230770274210 0.00000000099999999999 0.00000000099999999999 0.00000000099999999999 0.00000000099999999999 0.92010364139189459998 0.00000000130040252970 0.00000000099999999999 
0.00000000099999999999 0.00000000099999999999 0.00000000099999999999 0.00685708797432879862 0.00000000099999999999 0.99314290602567123489 0.00000000099999999999 0.00000000099999999999 
0.00000000100000000000 0.00000000100000000000 0.00000000100000000000 0.09702218087104676203 0.00000000100000000000 0.88789211166290749055 0.01508570246604574137 0.00000000100000000000 
0.00000000099999999999 0.00000000099999999999 0.00000000099999999999 0.00000000099999999999 0.00000000099999999999 0.99999999299999997593 0.00000000099999999999 0.00000000099999999999 
0.00000000100000000000 0.00000000100000000000 0.01037611124138279953 0.01564232407654701784 0.00000000100000000000 0.97398155968207023037 0.00000000100000000000 0.00000000100000000000 
0.08810071246718086113 0.00000000100000000000 0.00000000338365266583 0.00000228055823885598 0.00000000100000000000 0.91189699561325110455 0.00000000497767658196 0.00000000100000000000 
0.06320210214013666228 0.00000000100000000000 0.00000000100000000000 0.00001295685365201339 0.00000000100000000000 0.93678492951284275669 0.00000000749336853659 0.00000000100000000000 
0.34821594823533980056 0.00000000100000000000 0.00000000100000000000 0.26096356885357863131 0.01689835607755387978 0.31306476150663231639 0.06085736232689541864 0.00000000100000000000 
0.12263092146869027099 0.00000000100000000000 0.02343843685481007341 0.00002300091720375245 0.01301853897191092811 0.57266145015558689302 0.26822764963179807074 0.00000000100000000000 
0.00000000099999999999 0.00000000099999999999 0.00000000099999999999 0.06551067650264309761 0.00000000099999999999 0.93448931749735697494 0.00000000099999999999 0.00000000099999999999 
0.07530724957240994555 0.00000000099999999999 0.00000000099999999999 0.01297574771118979384 0.00000000099999999999 0.91171699771640024590 0.00000000099999999999 0.00000000099999999999 
0.00000460743536411045 0.00000000100000000000 0.00000000100000000000 0.05516119652536366491 0.00000000100000000000 0.92582291662847127078 0.00000023786581208700 0.01901103854498896809 
0.00000000597364511880 0.00000000100000000000 0.00000000100000000000 0.07080094015698970566 0.04583410053373667553 0.87973167277907904360 0.00363327755654950122 0.00000000100000000000 
0.00000000099999999991 0.00000000099999999991 0.00000000099999999991 0.99999999299999997593 0.00000000099999999991 0.00000000099999999991 0.00000000099999999991 0.00000000099999999991 
0.14553845154079392277 0.00000000100000000000 0.00003142770138251259 0.00000000100000000000 0.00000000100000000000 0.85296410568831959598 0.00146601106950409251 0.00000000100000000000 
0.56999649090636805848 0.00000000100000000000 0.00438862878053048518 0.38352943668590966375 0.00000000100000000000 0.01234447562775521472 0.02264007219306823221 0.00710089380636822615 
0.54532887311135347375 0.00000000100000000000 0.00000000100000000000 0.33387192989475206195 0.00000002055277092481 0.06417503252257784896 0.04444460579905626374 0.01217953611948934499 
0.04145421976590354940 0.00000000100000000000 0.00000000100000000000 0.00000144977944445910 0.00000000100000000000 0.95854432545465206861 0.00000000100000000000 0.00000000100000000000 
0.00000000099999999999 0.00000000099999999999 0.00000000099999999999 0.03367910612708982510 0.00000000099999999999 0.96632088787291015031 0.00000000099999999999 0.00000000099999999999 
0.53006618800273008763 0.02358011947771555469 0.00000000100000000000 0.36305890947304786387 0.00000002458409955880 0.08113515141071288295 0.00215960505169421422 0.00000000100000000000 
0.09414543655763657481 0.00000000099999999999 0.00000000099999999999 0.00000000099999999999 0.00000000099999999999 0.90585455744236342834 0.00000000099999999999 0.00000000099999999999 
0.00000000099999999999 0.01494346266611424300 0.00000000767766664559 0.00000000099999999999 0.00000000099999999999 0.98505652465621917901 0.00000000099999999999 0.00000000099999999999 
0.54415903459868641967 0.00000000099999999999 0.00000005628467104445 0.42242076501556474755 0.00000000099999999999 0.02953999236346828774 0.00388014873760952547 0.00000000099999999999 
0.04639646683623337847 0.00000000099999999999 0.00000000099999999999 0.00000000099999999999 0.00000000099999999999 0.95360352716376661775 0.00000000099999999999 0.00000000099999999999 
0.06827165562979117808 0.00000000099999999998 0.00000000099999999998 0.00000000099999999998 0.00000000099999999998 0.93172833837020874181 0.00000000099999999998 0.00000000099999999998 
0.56347702518722619924 0.00000000100000000000 0.02950812883754833776 0.36008676488014723649 0.00000000100000000000 0.04692729677984105313 0.00000078131523730473 0.00000000100000000000 
0.00000000099999999999 0.00000000099999999999 0.00000000099999999999 0.06246626847490667489 0.00000000099999999999 0.93753365665457144562 0.00000006987052197815 0.00000000099999999999 
0.46236636312347073607 0.00000000099999999999 0.00000000099999999999 0.45713200677335447120 0.00000000099999999999 0.08040136062110672666 0.00010026548206798471 0.00000000099999999999 
0.00000000099999999998 0.00000000099999999998 0.00000000099999999998 0.99999999299999997593 0.00000000099999999998 0.00000000099999999998 0.00000000099999999998 0.00000000099999999998 
0.48993951262305796002 0.00000000099999999999 0.00000000099999999999 0.42590744613918424255 0.00000000099999999999 0.05998814082959408323 0.02416489640816357060 0.00000000099999999999 
0.59810177570415867798 0.00000000099999999999 0.00000000099999999999 0.40189801903492405888 0.00000000099999999999 0.00000000099999999999 0.00000020026091722163 0.00000000099999999999 
0.00000000099999999998 0.00000000099999999998 0.00000000099999999998 0.03087797724078453557 0.00000000099999999998 0.96912201675921549882 0.00000000099999999998 0.00000000099999999998 
0.00000000100000000000 0.00000008592554406488 0.00739077786488895414 0.00000000100000000000 0.00000000100000000000 0.99195636270971576653 0.00065276949985123385 0.00000000100000000000 
0.00000000109217039799 0.00000000099999999999 0.00000000099999999999 0.10421035921393950741 0.00000000099999999999 0.87936644345917880372 0.01642319223471121886 0.00000000099999999999 
0.15054217671881484075 0.00000000100000000000 0.00018161899150465966 0.00000000100000000000 0.00000000100000000000 0.80195210601776800718 0.03723638329499768390 0.01008771197691475489 
0.09300562222216021691 0.00000000099999999999 0.00000000099999999999 0.04998149976382944976 0.00000000099999999999 0.85632842416848131695 0.00068444984552906327 0.00000000099999999999 
0.44249148879328242812 0.02456151104469445068 0.01887294205914459566 0.33946489772837190602 0.01679986789797163066 0.15780848738735731018 0.00000080408917761540 0.00000000100000000000 
0.00000002668537027839 0.00000000100000000000 0.02109683275943026459 0.02592485850083178778 0.00023772874810352491 0.95274055030626414453 0.00000000100000000000 0.00000000100000000000 
0.00000000100000000000 0.00000000100000000000 0.00000000100000000000 0.09707179457289658031 0.00071338970276560822 0.90221481072433784565 0.00000000100000000000 0.00000000100000000000 
0.03494400167998056722 0.00000000099999999998 0.00000000099999999998 0.00000000099999999998 0.00000000099999999998 0.96505599232001937349 0.00000000099999999998 0.00000000099999999998 
0.21644586226834511278 0.00000000099999999999 0.00000000099999999999 0.25379355156763527823 0.04074476064427369482 0.48901582151974609669 0.00000000099999999999 0.00000000099999999999 
0.48385920342389543425 0.00000000100000000000 0.01397007155237821145 0.17779443794688037928 0.00000000100000000000 0.32283017676051500855 0.00000000100000000000 0.00154610731633097347 
0.11659723611695350931 0.00000000099999999999 0.00000000099999999999 0.00000000099999999999 0.00000000099999999999 0.88339214656112619029 0.00001061232192018478 0.00000000099999999999 
0.00000000100000000000 0.00000000100000000000 0.00000000653283417281 0.05279805686109202006 0.00000190372202592694 0.94616369028111824147 0.00000000100000000000 0.00103633960292956440 
0.42783618380902377343 0.00000000099999999999 0.00000000099999999999 0.31823920685647655304 0.00000000099999999999 0.25392460433449970392 0.00000000099999999999 0.00000000099999999999 
0.99999999300000008695 0.00000000099999999995 0.00000000099999999995 0.00000000099999999995 0.00000000099999999995 0.00000000099999999995 0.00000000099999999995 0.00000000099999999995 
0.44207429544349835515 0.00000000592523006395 0.00312926663565561919 0.29791344477309866789 0.00610780931170688737 0.23324101937408517338 0.01752969922240066661 0.00000445931432453269 
0.00814386179716052212 0.00000000099999999999 0.00000000099999999999 0.00009106619405634578 0.00000000099999999999 0.99176506700878319656 0.00000000099999999999 0.00000000099999999999 
0.00000001843828200034 0.00000000099999999999 0.00000000099999999999 0.07243067625488389116 0.00000000099999999999 0.92756930030683426569 0.00000000099999999999 0.00000000099999999999 
0.00007005345151820167 0.00000000100000000000 0.00000000100000000000 0.11483348270461123108 0.05180958357253024477 0.83328687096866194128 0.00000000630267847007 0.00000000100000000000 
0.49798712803934913618 0.00000006838657410238 0.00000000100000000000 0.37901159875994344661 0.00000000100000000000 0.12300117104879372543 0.00000003076533949825 0.00000000100000000000 
0.50636645105994904092 0.01969818195017821946 0.00000000099999999999 0.35467700399570456504 0.00000000099999999999 0.11925835899416814545 0.00000000099999999999 0.00000000099999999999 
0.00000168757517246549 0.00000000100000000000 0.00000000100000000000 0.05072525642786577388 0.02435309795619635884 0.92491995404076543519 0.00000000100000000000 0.00000000100000000000 
0.00000000099999999999 0.00000000099999999999 0.00000000099999999999 0.00000248253492440691 0.00000000099999999999 0.99999750995866143466 0.00000000099999999999 0.00000000250641413356 
0.00000000099999999999 0.00000000099999999999 0.00000000099999999999 0.00000000099999999999 0.00000000099999999999 0.99999999300000008695 0.00000000099999999999 0.00000000099999999999 
0.00000000099999999999 0.00000000099999999999 0.00000001302564218184 0.00000000099999999999 0.00000000099999999999 0.99999998097435782718 0.00000000099999999999 0.00000000099999999999 
0.00000150764125812282 0.00000000099999999999 0.00000000099999999999 0.07323695871607191488 0.00000000099999999999 0.92676106877754460545 0.00000046086512541569 0.00000000099999999999 
0.00000000100000000000 0.00000000100000000000 0.00000000100000000000 0.08842783148379960989 0.01281744703018657811 0.89049093983096250238 0.00826377765505129265 0.00000000100000000000 
