0.00000000100000000000 0.00017125566145539931 0.00000000100000000000 0.21659011888477031071 0.68910707976816054643 0.00000008739028851540 0.09413145521473775812 0.00000000108058734203 
0.00000000099999999972 0.00000000099999999972 0.99999999300000008695 0.00000000099999999972 0.00000000099999999972 0.00000000099999999972 0.00000000099999999972 0.00000000099999999972 
0.00000000099999999999 0.00000000099999999999 0.00000000099999999999 0.76800832206256963719 0.23199167193743042148 0.00000000099999999999 0.00000000099999999999 0.00000000099999999999 
0.00000000099999999997 0.00000000099999999997 0.00000000099999999997 0.99999999299999997593 0.00000000099999999997 0.00000000099999999997 0.00000000099999999997 0.00000000099999999997 
0.04573413794311641939 0.00000000100000000000 0.11206147155068534038 0.00000000100000000000 0.84216486578588001244 0.00000000100000000000 0.00003926688842428249 0.00000025483189387273 
0.00000941969905923707 0.00000000100000000000 0.00000000100000000000 0.56573860564823807984 0.37008219515396528765 0.00000000100000000000 0.05393077359779180346 0.01023900290094561204 
0.00000000100000000000 0.00000000100000000000 0.02227798863285346959 0.15382346327259016627 0.60691977376425298996 0.00176453378834412760 0.10290199636712051012 0.11231224217483869177 
0.00001766660211118746 0.00000003865033664086 0.02768243287938761121 0.36372607787805660839 0.55553080122555498210 0.00000000100000000000 0.05304296646023576312 0.00000001530431733356 
0.00000000100000000000 0.00000000100000000000 0.00000000100000000000 0.00000000159329321571 0.79341839353628440534 0.00000000100000000000 0.20658159987042243322 0.00000000100000000000 
0.00000000554016397593 0.03953977386114011783 0.08815584258963912734 0.18529279092468822765 0.55882421095705014924 0.00000000100000000000 0.12818737412731828762 0.00000000100000000000 
0.00000000099999999999 0.00000000099999999999 0.00000000099999999999 0.00000000099999999999 0.99999999300000008695 0.00000000099999999999 0.00000000099999999999 0.00000000099999999999 
0.00000000100000000000 0.00559876287726959656 0.01060361795371682694 0.29451401536610288812 0.66563480198448865544 0.02364879881842214121 0.00000000100000000000 0.00000000100000000000 
0.00000000100000000000 0.00000000100000000000 0.03587419607394462528 0.29000677393794510595 0.59636910806171505861 0.00000000100000000000 0.07774991792639514288 0.00000000100000000000 
0.00000000099999999997 0.00000000099999999997 0.00000000099999999997 0.99999999300000008695 0.00000000099999999997 0.00000000099999999997 0.00000000099999999997 0.00000000099999999997 
0.00000001376449799502 0.03220224481719019538 0.04291501852453307592 0.45831313867755513192 0.42557670286044363417 0.00000158832278217595 0.00000000100000000000 0.04099129203299778368 
0.02771865548092492665 0.00000000100000000000 0.05052135644830978850 0.20116857797201040392 0.60552355602735963291 0.06459097727126703048 0.04466644246350343073 0.00581043333662462948 
0.00000000099999999998 0.00000000099999999998 0.00000000099999999998 0.00000000099999999998 0.99999999300000008695 0.00000000099999999998 0.00000000099999999998 0.00000000099999999998 
0.00000000616454802065 0.00000003473007595680 0.00865380649948353439 0.23003370317915153298 0.61435133219228643675 0.04786125191868079165 0.09903234760914458867 0.00006751770662931604 
0.00000022028144473471 0.05828592428044050699 0.00000000100000000000 0.19970581282416088875 0.64030469202343243129 0.01304232426898306596 0.08866102432153838420 0.00000000100000000000 
0.00000093056981623249 0.03275673517821244690 0.03004047504747493422 0.19940228338373069961 0.65578322729924987122 0.08201634652151580662 0.00000000100000000000 0.00000000100000000000 
0.02692974518415199373 0.00018220176364974655 0.03816138870621803986 0.28518732690993464640 0.64578082939655034878 0.00000000165826906212 0.00338904698486888539 0.00036945939635732374 
0.00000000099999999998 0.00000000099999999998 0.00000000099999999998 0.00000000099999999998 0.99999999299999997593 0.00000000099999999998 0.00000000099999999998 0.00000000099999999998 
0.00181399671608368737 0.01886952676123966957 0.07230740056362393309 0.31857382583838639301 0.52560864292984299517 0.06159577873927093994 0.00000000100000000000 0.00123082745155235723 
0.00000000099999999997 0.00000000099999999997 0.00000000099999999997 0.00000000099999999997 0.99999999299999997593 0.00000000099999999997 0.00000000099999999997 0.00000000099999999997 
0.00313469141630883441 0.00000000100000000000 0.00489562354807960773 0.29921233912568623303 0.56146363277721311746 0.04874077274307114099 0.07479284114161945107 0.00776009824802162927 
0.00000000100000000000 0.00831913463249895832 0.03958957875470889981 0.28251656934762314766 0.55947073436750593967 0.06606634649668846615 0.04403762732802699031 0.00000000807294759551 
0.00000000099999999999 0.00000000099999999999 0.00000000099999999999 0.00000000099999999999 0.96156269649470271776 0.00000000099999999999 0.00000000099999999999 0.03843729750529725070 
0.00000000099999999999 0.00000000099999999999 0.00000000099999999999 0.00000000099999999999 0.99999999299999997593 0.00000000099999999999 0.00000000099999999999 0.00000000099999999999 
0.00000000099999999999 0.00000000099999999999 0.00000000099999999999 0.00000000099999999999 0.99999999299999997593 0.00000000099999999999 0.00000000099999999999 0.00000000099999999999 
0.00000000099999999999 0.00000000099999999999 0.00000000099999999999 0.00000000099999999999 0.99999999300000008695 0.00000000099999999999 0.00000000099999999999 0.00000000099999999999 
0.02615729810666587302 0.00126748647000122280 0.02462832498475225895 0.34777133277981614468 0.60015838943612642709 0.00001716622263805159 0.00000000100000000000 0.00000000100000000000 
0.00000000100000000000 0.00000000100000000000 0.02843608568426043981 0.33714880127113183717 0.42855644378766510894 0.02472865883770212700 0.18113000741924034642 0.00000000100000000000 
0.07108530311544496161 0.00000000100000000000 0.04348289764053916290 0.00001849657872939411 0.81474987986939617635 0.07048827351322685397 0.00000000100000000000 0.00017514728266356639 
0.00000000099999999986 0.00000000099999999986 0.99999999300000008695 0.00000000099999999986 0.00000000099999999986 0.00000000099999999986 0.00000000099999999986 0.00000000099999999986 
0.00000000100000000000 0.02741601603767256784 0.02404101390221565632 0.52386794916294532332 0.36488621732663989450 0.00033118170508724700 0.05945761986543931371 0.00000000100000000000 
0.03428608096196983368 0.07371201341463290424 0.07006021470054894784 0.19164802331724103968 0.61103612525942685441 0.00000022750652792032 0.00000000100000000000 0.01925731383965251231 
0.00000000099999999973 0.00000000099999999973 0.99999999299999997593 0.00000000099999999973 0.00000000099999999973 0.00000000099999999973 0.00000000099999999973 0.00000000099999999973 
0.02680797105832151417 0.03624736751301405047 0.02922252122242669642 0.35033290275731598928 0.55277720256648943398 0.00000000100000000000 0.00316993813981991624 0.00144209574261244702 
0.00000000099999999980 0.00000000099999999980 0.99999999299999997593 0.00000000099999999980 0.00000000099999999980 0.00000000099999999980 0.00000000099999999980 0.00000000099999999980 
0.00000000099999999998 0.00000000099999999998 0.00000000099999999998 0.00000000099999999998 0.99999999299999997593 0.00000000099999999998 0.00000000099999999998 0.00000000099999999998 
0.00000000099999999998 0.00000000099999999998 0.00000000099999999998 0.00000000099999999998 0.99999999300000008695 0.00000000099999999998 0.00000000099999999998 0.00000000099999999998 
0.00004756894254577878 0.00000000100000000000 0.02157999911208509022 0.20776657963035893850 0.53494539278888553202 0.06055240824438073988 0.17510804928174392159 0.00000000100000000000 
0.00000000100000000000 0.03568058722750925421 0.00049650537242535255 0.38093971713001839596 0.58288318627004709338 0.00000000100000000000 0.00000000100000000000 0.00000000100000000000 
0.00009950216667637857 0.03132401783017679103 0.00000000100000000000 0.37381867906922572331 0.59216319921759530409 0.00000356693498762330 0.00000000100000000000 0.00259103278133816046 
0.00000000100000000000 0.00000000100000000000 0.00000000100000000000 0.26545778864783037276 0.70434551314437976455 0.00670713151344143072 0.00000000100000000000 0.02348956269434833086 
0.00000000099999999998 0.00000000099999999998 0.00000000099999999998 0.00000000099999999998 0.99999999300000008695 0.00000000099999999998 0.00000000099999999998 0.00000000099999999998 
0.00000000100000000000 0.00006517625088839632 0.03158771156654517631 0.17922449015825603347 0.57586937186921161036 0.02524880190959008855 0.18800444624550857742 0.00000000100000000000 
0.01356498199582863683 0.02229670583953132640 0.04519823446261159866 0.19587321043750119398 0.58668120857893280018 0.06097812918248431135 0.05896120413490469475 0.01644632536820542223 
0.00000000100000000000 0.04058978883102262042 0.05758950478899211439 0.18433142129813651078 0.59355105208386993443 0.00905635417737073178 0.00000000100000000000 0.11488187682060811701 
0.00000005668174187658 0.00000000099999999999 0.04426057609464991577 0.61858503677015586053 0.19276929995009794983 0.00000000099999999999 0.07748852166728291413 0.06689650683607151205 
0.01990481900793890022 0.00000000908746950765 0.02856468829013468491 0.19496239178392676950 0.64736377113940990480 0.06529583376438924391 0.00000000100000000000 0.04390848592673116113 
0.00000000100000000000 0.10804432170774024013 0.00000000217054395466 0.19240988572594613926 0.67370926878963366402 0.00001434189073539498 0.00000025651912105587 0.02582192219627951757 
0.00052403805784890373 0.02292547475315274280 0.00881006614937778453 0.32866392188024445842 0.55886590505130984141 0.00000000100000000000 0.08021059210806626150 0.00000000100000000000 
0.00000000100000000000 0.00000000210541607596 0.07607000351396765725 0.00000000100000000000 0.76863324741616845248 0.00000027103868069584 0.15529639861956920366 0.00000007530619789984 
0.00614198715508170248 0.00000000100000000000 0.00000000100000000000 0.60702524989765582752 0.31651938942637114494 0.00000000100000000000 0.00000000100000000000 0.07031336952089152492 
0.05329933694949841316 0.00000000099999999999 0.00000000099999999999 0.00000000099999999999 0.94670065705050154836 0.00000000099999999999 0.00000000099999999999 0.00000000099999999999 
0.00000000099999999998 0.29856749058072057368 0.00000000099999999998 0.00000000099999999998 0.70143250341927931846 0.00000000099999999998 0.00000000099999999998 0.00000000099999999998 
0.02799769850318193157 0.00002844795364878356 0.02181789567158257115 0.35960195065592515107 0.52279978041725738702 0.00049850740912655081 0.06578802657348241378 0.00146769281579517950 
0.00000000344263240708 0.00679003101764777406 0.04105669094454758583 0.15166401665190251680 0.59810365991216496440 0.00047015414080970084 0.20191544289029497716 0.00000000100000000000 
0.05389869657685488619 0.12984352998624529296 0.00707340361180371947 0.18191668146019956964 0.53088508570461689917 0.03507469351045754136 0.06130790814982211429 0.00000000100000000000 
0.01276375875299616200 0.00007155027206081949 0.02956933295864144773 0.00000030489077406586 0.75293558026015616758 0.08094391620168173151 0.06991086236838728318 0.05380469429530230357 
0.00000000099999999987 0.00000000099999999987 0.99999999300000008695 0.00000000099999999987 0.00000000099999999987 0.00000000099999999987 0.00000000099999999987 0.00000000099999999987 
0.00000000100000000000 0.00000000188645598629 0.06668979809762640154 0.00000000100000000000 0.63823504360219718290 0.00000000100000000000 0.29507515241372039849 0.00000000100000000000 
0.00000000099999999998 0.00000000099999999998 0.00000000099999999998 0.00000000099999999998 0.99999999300000008695 0.00000000099999999998 0.00000000099999999998 0.00000000099999999998 
0.00000858657511711997 0.00738169752538613607 0.00000000100000000000 0.42678275096625334362 0.44310672224182701129 0.02788965195431774083 0.03956991139359040954 0.05526067834350812530 
0.00048747095101111669 0.00043299002127860758 0.08529529519072205634 0.48946754766090183608 0.42431669317608650127 0.00000000100000000000 0.00000000100000000000 0.00000000100000000000 
0.00000000099999999998 0.00000000099999999998 0.00000000099999999998 0.99999999173332498881 0.00000000099999999998 0.00000000099999999998 0.00000000226667502732 0.00000000099999999998 
0.00508509813022589401 0.01410687600814024625 0.02443864342274136223 0.21084158345582101890 0.59230046355580312500 0.07999127617163756532 0.00395986685276691983 0.06927619240286368718 
0.00000000100000000000 0.00000000100000000000 0.08511819539380130473 0.00000000100000000000 0.67713939785115129233 0.00000000100000000000 0.23774240175504748884 0.00000000100000000000 
0.00000000099999999999 0.00000000099999999999 0.00000000099999999999 0.00000001570811239777 0.75468047030791562957 0.00000000099999999999 0.24531950898397200667 0.00000000099999999999 
0.00000000432302636342 0.00000000100000000000 0.06194647690552964464 0.00047351061263897380 0.51940680934497740484 0.06363272755340271258 0.35454046926042487309 0.00000000100000000000 
0.00000000100000000000 0.38847949459009589734 0.00418935743939289566 0.43034096609231692332 0.12237652388071131038 0.05461365499748299657 0.00000000100000000000 0.00000000100000000000 
0.00000000099999999998 0.00000000099999999998 0.00000000099999999998 0.99999999300000008695 0.00000000099999999998 0.00000000099999999998 0.00000000099999999998 0.00000000099999999998 
0.00000000099999999993 0.00000000099999999993 0.00000000099999999993 0.00000000099999999993 0.00000000099999999993 0.00000000099999999993 0.99999999299999986491 0.00000000099999999993 
0.00000000099999999999 0.00000000099999999999 0.00000000099999999999 0.00000000099999999999 0.99999999299999997593 0.00000000099999999999 0.00000000099999999999 0.00000000099999999999 
0.01044942254751121333 0.00000000100000000000 0.02003374720130274636 0.22226013968345717520 0.59708994446563146141 0.05112993334314847732 0.09903681075894883723 0.00000000100000000000 
0.00000000099999999993 0.00000000099999999993 0.00000000099999999993 0.00000000099999999993 0.00000000099999999993 0.00000000099999999993 0.99999999299999986491 0.00000000099999999993 
0.00005419486610473794 0.00000000099999999999 0.00000000099999999999 0.54912469152537302097 0.26802396119623850268 0.00000000099999999999 0.07552800094557968191 0.10726914846670421166 
0.00000000099999999987 0.00000000099999999987 0.99999999300000008695 0.00000000099999999987 0.00000000099999999987 0.00000000099999999987 0.00000000099999999987 0.00000000099999999987 
0.00000000099999999999 0.00000000099999999999 0.00000000099999999999 0.00000000099999999999 0.99999999300000008695 0.00000000099999999999 0.00000000099999999999 0.00000000099999999999 
0.00000000099999999998 0.29062929649651653152 0.00000000099999999998 0.00000000099999999998 0.58692077759594485364 0.12244992090753846481 0.00000000099999999998 0.00000000099999999998 
0.00000000099999999999 0.00841979129681780930 0.00000000286857409126 0.00000000099999999999 0.75942853873090832018 0.00000000099999999999 0.23215166310369989011 0.00000000099999999999 
0.00000000100000000000 0.01612835947694690741 0.00000000100000000000 0.39103131025853460345 0.45094841617011227619 0.00000000235655718558 0.14189190873784893188 0.00000000100000000000 
0.00000000099999999999 0.00000000099999999999 0.00000000099999999999 0.00000000099999999999 0.99999999299999997593 0.00000000099999999999 0.00000000099999999999 0.00000000099999999999 
0.00000000099999999994 0.00000000099999999994 0.00000000099999999994 0.00000000099999999994 0.00000000099999999994 0.00000000099999999994 0.99999999299999986491 0.00000000099999999994 
0.00000000100000000000 0.00366964324681769974 0.05195438647053109843 0.39081578603506778036 0.40168153992758542925 0.00000000100000000000 0.15187864131999795347 0.00000000100000000000 
0.00000000099999999997 0.00000000099999999997 0.00000000099999999997 0.99999999299999997593 0.00000000099999999997 0.00000000099999999997 0.00000000099999999997 0.00000000099999999997 
0.00000000099999999999 0.00000000099999999999 0.00000000099999999999 0.00000000099999999999 0.99999999300000008695 0.00000000099999999999 0.00000000099999999999 0.00000000099999999999 
0.00000000100000000000 0.00000000100000000000 0.03259340903034243370 0.39540707028966404213 0.40765054384760318618 0.00000000100000000000 0.16434897283239036092 0.00000000100000000000 
0.01271530586624864366 0.02442313465065771086 0.03433516665681683039 0.21410486728840871784 0.50411528204088451588 0.09635413407164013233 0.11395210842534342355 0.00000000100000000000 
0.00000015717307491461 0.00000005990745143417 0.00000000100000000000 0.45749102686446291299 0.42512988764103737394 0.02119869985780357610 0.09618016655616974664 0.00000000100000000000 
0.00000000099999999999 0.00000000099999999999 0.00000000099999999999 0.68118979340791030452 0.30690108483208611290 0.00000000099999999999 0.00000210162793908025 0.01190701613206440052 
0.00000000100000000000 0.05928514440141173514 0.01950655473869027795 0.27497220271031225236 0.51570056425358601349 0.03027359348509455969 0.04851535733115147631 0.05174658207975383478 
0.00000000099999999998 0.00000000099999999998 0.00000000099999999998 0.99999999300000008695 0.00000000099999999998 0.00000000099999999998 0.00000000099999999998 0.00000000099999999998 
0.00000000100000000000 0.00000000100000000000 0.00001724115465558673 0.00000000100000000000 0.81259153978782405758 0.00000000100000000000 0.18739121405752032223 0.00000000100000000000 
0.00061064760164853793 0.05787014393840939075 0.02526603106188835338 0.20441379122117245282 0.61751337536005534989 0.00000000100000000000 0.00000000238317086419 0.09432600743365492091 
0.00000000100000000000 0.08003543190655822148 0.03022043988518189131 0.00000000100000000000 0.21331426532895769732 0.67642985887930218158 0.00000000100000000000 0.00000000100000000000 
0.00000000099999999999 0.00000000099999999999 0.00000000099999999999 0.00000000099999999999 0.00000000099999999999 0.99999999299999997593 0.00000000099999999999 0.00000000099999999999 
0.00000000337505164456 0.10890897024525197923 0.02146791860289762668 0.00000000100000000000 0.16065444249272423094 0.69004053301635281947 0.00000000100000000000 0.01892813026772178706 
0.00000000099999999997 0.00000000099999999997 0.00000000099999999997 0.00000000099999999997 0.00000000099999999997 0.99999999299999997593 0.00000000099999999997 0.00000000099999999997 
0.01933942361780282768 0.12403587669993013098 0.00000000100000000000 0.00507790406769268246 0.16492102881935261083 0.67580381437566150460 0.00000000100000000000 0.01082195041956031216 
0.00000000099999999998 0.00000000099999999998 0.00000000099999999998 0.00000000099999999998 0.00000000099999999998 0.99999999299999997593 0.00000000099999999998 0.00000000099999999998 
0.00000000099999999999 0.00000000099999999999 0.00000000099999999999 0.00000000099999999999 0.00000000099999999999 0.88639252145278524253 0.11360747254721474675 0.00000000099999999999 
0.00000000099999999998 0.00000000099999999998 0.00000000099999999998 0.00000000099999999998 0.00000000099999999998 0.99999999300000008695 0.00000000099999999998 0.00000000099999999998 
0.00000000099999999999 0.00000000099999999999 0.00000000099999999999 0.00000000099999999999 0.00000000099999999999 0.99999999299999997593 0.00000000099999999999 0.00000000099999999999 
0.00000000099999999998 0.00000000099999999998 0.00000000099999999998 0.00000000099999999998 0.00000000099999999998 0.99999999300000008695 0.00000000099999999998 0.00000000099999999998 
0.00000000099999999999 0.00000000099999999999 0.00000000099999999999 0.00000000099999999999 0.00000000099999999999 0.99999999299999997593 0.00000000099999999999 0.00000000099999999999 
0.00000000099999999999 0.12402682297031204783 0.00000000099999999999 0.00000000099999999999 0.00000000099999999999 0.77916347531568863616 0.09680969671399920762 0.00000000099999999999 
0.00000000099999999998 0.00000000099999999998 0.00000000099999999998 0.00000000099999999998 0.00000000099999999998 0.99999999300000008695 0.00000000099999999998 0.00000000099999999998 
0.00000000099999999999 0.13353645349407708420 0.00000000099999999999 0.00000000099999999999 0.00000000099999999999 0.77369736002771916095 0.09276618147820371585 0.00000000099999999999 
0.00000000099999999999 0.07447177276340695429 0.00000000099999999999 0.00000000099999999999 0.00000000099999999999 0.78833535998143078327 0.13719286225516208466 0.00000000099999999999 
0.00000000099999999998 0.00000000099999999998 0.00000000099999999998 0.00000000099999999998 0.00000000099999999998 0.99999999299999997593 0.00000000099999999998 0.00000000099999999998 
0.00000000099999999999 0.00000000099999999999 0.00000000099999999999 0.00000000099999999999 0.00000000099999999999 0.99999999299999997593 0.00000000099999999999 0.00000000099999999999 
0.00000000099999999998 0.00000000099999999998 0.00000000099999999998 0.00000000099999999998 0.00000000099999999998 0.99999999299999997593 0.00000000099999999998 0.00000000099999999998 
0.00000000099999999998 0.00000000099999999998 0.00000000099999999998 0.00000000099999999998 0.00000000099999999998 0.99999999300000008695 0.00000000099999999998 0.00000000099999999998 
0.00000000099999999998 0.00000000099999999998 0.00000000099999999998 0.00000000099999999998 0.00000000099999999998 0.46943897480852730952 0.53056101919147269363 0.00000000099999999998 
0.00000000099999999999 0.01427452365047612165 0.00000000099999999999 0.00000000099999999999 0.00000000099999999999 0.83626454663695581893 0.14946092471256799961 0.00000000099999999999 
0.00000000099999999996 0.00000000099999999996 0.00000000099999999996 0.00000000099999999996 0.00000000099999999996 0.99999999299999997593 0.00000000099999999996 0.00000000099999999996 
0.00000000099999999998 0.00000000099999999998 0.00000000099999999998 0.00000000099999999998 0.00000000099999999998 0.99999999299999997593 0.00000000099999999998 0.00000000099999999998 
0.02137507142557612885 0.00000000099999999999 0.00000000099999999999 0.00000000099999999999 0.00000000099999999999 0.97862492257442379451 0.00000000099999999999 0.00000000099999999999 
0.00000000099999999998 0.00000000099999999998 0.00000000099999999998 0.00000000099999999998 0.00000000099999999998 0.99999999300000008695 0.00000000099999999998 0.00000000099999999998 
0.00000000099999999999 0.10918570702838338582 0.00000000099999999999 0.00000000099999999999 0.00000000099999999999 0.78292478584034164157 0.10788950213127501687 0.00000000099999999999 
0.00000000099999999998 0.00000000099999999998 0.00000000099999999998 0.00000000099999999998 0.00000000099999999998 0.99999999300000008695 0.00000000099999999998 0.00000000099999999998 
0.00000000099999999999 0.00000000212223244545 0.00000000099999999999 0.00000000099999999999 0.00000000099999999999 0.85771551008602731070 0.14228448279174024660 0.00000000099999999999 
0.00000000099999999997 0.00000000099999999997 0.00000000099999999997 0.00000000099999999997 0.00000000099999999997 0.99999999299999997593 0.00000000099999999997 0.00000000099999999997 
0.00000000100000000000 0.09514040050052041675 0.00000000100000000000 0.05510253424235143915 0.10073807174166783673 0.67904911586085892061 0.06996987465460133282 0.00000000100000000000 
0.00000000099999999998 0.00000000099999999998 0.00000000099999999998 0.00000000099999999998 0.00000000099999999998 0.99999999300000008695 0.00000000099999999998 0.00000000099999999998 
0.00000000099999999997 0.87952979902090522302 0.00000000099999999997 0.00000000099999999997 0.00000000099999999997 0.02043212384014929037 0.10003807213894554129 0.00000000099999999997 
0.00000000099999999998 0.99999999300000008695 0.00000000099999999998 0.00000000099999999998 0.00000000099999999998 0.00000000099999999998 0.00000000099999999998 0.00000000099999999998 
0.00000000099999999998 0.99999999300000008695 0.00000000099999999998 0.00000000099999999998 0.00000000099999999998 0.00000000099999999998 0.00000000099999999998 0.00000000099999999998 
0.00000000099999999999 0.99999999300000008695 0.00000000099999999999 0.00000000099999999999 0.00000000099999999999 0.00000000099999999999 0.00000000099999999999 0.00000000099999999999 
0.00000000099999999998 0.99999999300000019797 0.00000000099999999998 0.00000000099999999998 0.00000000099999999998 0.00000000099999999998 0.00000000099999999998 0.00000000099999999998 
0.00000000099999999998 0.99999999300000008695 0.00000000099999999998 0.00000000099999999998 0.00000000099999999998 0.00000000099999999998 0.00000000099999999998 0.00000000099999999998 
0.00000000099999999998 0.99999999300000008695 0.00000000099999999998 0.00000000099999999998 0.00000000099999999998 0.00000000099999999998 0.00000000099999999998 0.00000000099999999998 
0.00000000099999999999 0.99581730481376473652 0.00000000099999999999 0.00000000099999999999 0.00000000099999999999 0.00418268918623544619 0.00000000099999999999 0.00000000099999999999 
0.00000000099999999998 0.99999999300000008695 0.00000000099999999998 0.00000000099999999998 0.00000000099999999998 0.00000000099999999998 0.00000000099999999998 0.00000000099999999998 
0.00000000099999999998 0.99999999300000019797 0.00000000099999999998 0.00000000099999999998 0.00000000099999999998 0.00000000099999999998 0.00000000099999999998 0.00000000099999999998 
0.00000000099999999997 0.99999999300000019797 0.00000000099999999997 0.00000000099999999997 0.00000000099999999997 0.00000000099999999997 0.00000000099999999997 0.00000000099999999997 
0.00000000099999999998 0.99999999300000008695 0.00000000099999999998 0.00000000099999999998 0.00000000099999999998 0.00000000099999999998 0.00000000099999999998 0.00000000099999999998 
0.00000000099999999999 0.99999999300000008695 0.00000000099999999999 0.00000000099999999999 0.00000000099999999999 0.00000000099999999999 0.00000000099999999999 0.00000000099999999999 
0.00000000099999999998 0.99999999300000008695 0.00000000099999999998 0.00000000099999999998 0.00000000099999999998 0.00000000099999999998 0.00000000099999999998 0.00000000099999999998 
0.00000000099999999998 0.99999999300000019797 0.00000000099999999998 0.00000000099999999998 0.00000000099999999998 0.00000000099999999998 0.00000000099999999998 0.00000000099999999998 
0.00000000099999999998 0.99999999300000008695 0.00000000099999999998 0.00000000099999999998 0.00000000099999999998 0.00000000099999999998 0.00000000099999999998 0.00000000099999999998 
0.00000000099999999999 0.97092047516484702996 0.00000000099999999999 0.00000000099999999999 0.00000000099999999999 0.00000000099999999999 0.00000000099999999999 0.02907951883515305300 
0.00000000099999999998 0.99999999300000008695 0.00000000099999999998 0.00000000099999999998 0.00000000099999999998 0.00000000099999999998 0.00000000099999999998 0.00000000099999999998 
0.00000000099999999997 0.99999999300000019797 0.00000000099999999997 0.00000000099999999997 0.00000000099999999997 0.00000000099999999997 0.00000000099999999997 0.00000000099999999997 
0.00000000099999999998 0.99999999300000008695 0.00000000099999999998 0.00000000099999999998 0.00000000099999999998 0.00000000099999999998 0.00000000099999999998 0.00000000099999999998 
0.00000000099999999999 0.99999971246786589774 0.00000000099999999999 0.00000000099999999999 0.00000000099999999999 0.00000000099999999999 0.00000028153213424141 0.00000000099999999999 
0.00000000099999999998 0.99999999300000008695 0.00000000099999999998 0.00000000099999999998 0.00000000099999999998 0.00000000099999999998 0.00000000099999999998 0.00000000099999999998 
0.00000000099999999999 0.99999999300000008695 0.00000000099999999999 0.00000000099999999999 0.00000000099999999999 0.00000000099999999999 0.00000000099999999999 0.00000000099999999999 
0.00000000099999999998 0.99999999300000019797 0.00000000099999999998 0.00000000099999999998 0.00000000099999999998 0.00000000099999999998 0.00000000099999999998 0.00000000099999999998 
0.00000000099999999999 0.96693289491610578956 0.00000000099999999999 0.00000000099999999999 0.00000000099999999999 0.03306709908389442176 0.00000000099999999999 0.00000000099999999999 
0.00000000099999999997 0.99999999300000019797 0.00000000099999999997 0.00000000099999999997 0.00000000099999999997 0.00000000099999999997 0.00000000099999999997 0.00000000099999999997 
0.71710144794531360812 0.00000000100000000000 0.00000016987397949087 0.00000000100000000000 0.06113283985990190100 0.02020311538056545134 0.00000000100000000000 0.20156242394023968223 
0.00000000099999999999 0.00000000099999999999 0.00000000099999999999 0.00000000099999999999 0.00000000099999999999 0.00569281893535474558 0.00000296141271314662 0.99430421465193208341 
0.00000051480085792913 0.00000000100000000000 0.00000000100000000000 0.00000000100000000000 0.00000000100000000000 0.00000000100000000000 0.00000000847932961152 0.99999947171981240501 
0.80634776571844202220 0.00000000100000000000 0.00079357778943303593 0.07131944918204671802 0.00000000100000000000 0.00000000100000000000 0.00000001288056696377 0.12153919142951143118 
0.00000000099999999993 0.00000000099999999993 0.99999999299999997593 0.00000000099999999993 0.00000000099999999993 0.00000000099999999993 0.00000000099999999993 0.00000000099999999993 
0.00000386586584298561 0.00000000100000000000 0.00000000100000000000 0.00000000100000000000 0.00015034342088768014 0.00000000100000000000 0.00000000100000000000 0.99984578571326943042 
0.00000000099999999999 0.00000000099999999999 0.00000000099999999999 0.00000000099999999999 0.00000000099999999999 0.00000000099999999999 0.00000000099999999999 0.99999999299999997593 
0.04326045254506245136 0.00000000099999999999 0.00000000099999999999 0.05144838448223947730 0.00000000099999999999 0.00000000099999999999 0.08433603564878376646 0.82095512332391418209 
0.00000000099999999999 0.00000000099999999999 0.00000000099999999999 0.00000000099999999999 0.00000000099999999999 0.00000000099999999999 0.00000000099999999999 0.99999999299999997593 
0.00000000100000000000 0.00000000100000000000 0.00000000100000000000 0.00000000100000000000 0.00000000100000000000 0.00000000100000000000 0.00000000100000000000 0.99999999300000008695 
0.05024303027735613214 0.00000000100000000000 0.02012582972405538989 0.00000192210020666993 0.00000054014631028985 0.00000000100000000000 0.00000000100000000000 0.92962867475207144885 
0.00000000100000000000 0.00000000100000000000 0.00002878766860909875 0.00000000294363946751 0.00000000100000000000 0.00000000100000000000 0.09079731233403572077 0.90917389305371587582 
0.47971085056511381106 0.00000000100000000000 0.02218625398470017163 0.10757379203823269620 0.00038396641511396264 0.02461162178630566660 0.00000000216857224727 0.36553351204196138369 
0.03956884824326920708 0.00000000100000000000 0.02814813912518441055 0.30877030118883103116 0.02891884551220040914 0.04974719475211378250 0.00000132220329143274 0.54484534797510986159 
0.00479970300819116194 0.00000000099999999999 0.00000000099999999999 0.00000000099999999999 0.00000000099999999999 0.00000000099999999999 0.00000000099999999999 0.99520029099180884469 
0.04400353255698558758 0.00000000099999999999 0.00000000099999999999 0.00000000099999999999 0.00000000099999999999 0.00000000099999999999 0.10763227626712686125 0.84836418617588760238 
0.01270728116545005032 0.00000000100000000000 0.00000000100000000000 0.00000000100000000000 0.04776773189451021667 0.00000000100000000000 0.00000000100000000000 0.93952498194003974952 
0.04277085662163861157 0.00000000100000000000 0.00000012038593168190 0.07926126550029867490 0.00000000100000000000 0.03617129318497937923 0.00000000100000000000 0.84179646130715157781 
0.99999999300000008695 0.00000000099999999995 0.00000000099999999995 0.00000000099999999995 0.00000000099999999995 0.00000000099999999995 0.00000000099999999995 0.00000000099999999995 
0.07178237299756372314 0.00000000099999999999 0.00000000099999999999 0.00000000099999999999 0.05178816371725711298 0.00000000099999999999 0.00000000099999999999 0.87642945828517915263 
0.76804703520357231472 0.00723427131280750865 0.00347795459743095205 0.00000001768020286332 0.09648364896996118600 0.00000000100000000000 0.00000000100000000000 0.12475707023602533585 
0.70345370196905210314 0.00000000100000000000 0.03945942398730367673 0.10784100834335015595 0.00000000100000000000 0.01034784278923730691 0.00000000100000000000 0.13889801991105668599 
0.00000000099999999999 0.00000000099999999999 0.00000000099999999999 0.00000000099999999999 0.00000000099999999999 0.00000000099999999999 0.00000000099999999999 0.99999999299999997593 
0.00000000099999999999 0.00000000099999999999 0.00000000099999999999 0.00000000099999999999 0.00000000099999999999 0.00000000099999999999 0.00000000099999999999 0.99999999299999997593 
0.72075494683358554138 0.00000000104703180513 0.04965843405638708380 0.06722398531750098383 0.00000000100000000000 0.01570127367238770277 0.00000000100000000000 0.14666135707310695713 
0.00000000099999999999 0.00000000099999999999 0.00013761139462666714 0.00000000099999999999 0.00000000099999999999 0.00000000099999999999 0.00000000099999999999 0.99986238260537341205 
0.00000000099999999999 0.00000000099999999999 0.03305627995801745794 0.00000000099999999999 0.00000000099999999999 0.00000000099999999999 0.00000000099999999999 0.96694371404198253828 
0.78394582650460442608 0.00000000100000000000 0.00913910066370159958 0.10199251902786178603 0.00000000100000000000 0.00000000100000000000 0.00000000100000000000 0.10492254980383243501 
0.00000000099999999999 0.00000000099999999999 0.00000000099999999999 0.00000000099999999999 0.00000000099999999999 0.00000000099999999999 0.00000000099999999999 0.99999999300000008695 
0.00000003679561236805 0.00000000099999999998 0.00000000099999999998 0.00000000099999999998 0.00000000099999999998 0.00000000099999999998 0.00000000099999999998 0.99999995720438761282 
0.74095817832675370251 0.00118615496458939948 0.00546946314986988640 0.00506762256030532637 0.04809404041529092427 0.03910188143641366715 0.00000000100000000000 0.16012265814677703601 
0.00002415296056180453 0.00000000099999999999 0.00000000099999999999 0.07308959003576188940 0.00000000099999999999 0.00000000099999999999 0.00000000099999999999 0.92688625200367624757 
0.76344085071212341997 0.00000000100000000000 0.00000000100000000000 0.01065987676138570490 0.04216271662549114785 0.00000000100000000000 0.00000000100000000000 0.18373655190099999479 
0.79137966888100264029 0.00000000100000000000 0.00000000100000000000 0.00000000100000000000 0.07256438527461576971 0.00000000100000000000 0.00000000100000000000 0.13605594084438180080 
0.76009437529942880385 0.00000000100000000000 0.00636074897425475006 0.03617905467797212504 0.05205142914812110194 0.00000000100000000000 0.00000000100000000000 0.14531438890022332910 
0.81913667034894444008 0.00000000100000000000 0.00000000100000000000 0.08744290408550035865 0.00004755847664634093 0.00000000100000000000 0.01493612624319420011 0.07843673784571486562 
0.00000000099999999998 0.00000000099999999998 0.00000000099999999998 0.00000000099999999998 0.00000000099999999998 0.00000000099999999998 0.00000000099999999998 0.99999999300000008695 
0.00000000099999999999 0.00000000099999999999 0.07424929049889814059 0.00000000099999999999 0.00000000099999999999 0.00000000099999999999 0.00000000099999999999 0.92575070350110177930 
0.05682406293110378592 0.00000000099999999999 0.00000000099999999999 0.00000000099999999999 0.00000000099999999999 0.00000000099999999999 0.12541222515623715039 0.81776370691265909407 
0.04816549854497059052 0.00000000100000000000 0.01066586797402360211 0.00028987035489161101 0.00000000147206359411 0.00000000100000000000 0.14965626731579692588 0.79122249233825381332 
0.08626787512421599247 0.00000000099999999999 0.00015093717109568156 0.03759997467426905854 0.00004568043971430309 0.00000000099999999999 0.00000000099999999999 0.87593552959070497543 
0.62870815882807695729 0.00722662161938815786 0.02962784867901319466 0.00000000100000000000 0.02835437854583462355 0.03804700425153296345 0.07153829356551033580 0.19649769351064369505 
0.00000000100000000000 0.00000000100000000000 0.01266908504444381675 0.00000000100000000000 0.00000000100000000000 0.00000000100000000000 0.09177427759281756026 0.89555663236273874706 
0.06176916295003369306 0.00000000100000000000 0.00000000100000000000 0.00000000100000000000 0.00000000100000000000 0.01987332304316938650 0.00000000100000000000 0.91835750900679691267 
0.00000000099999999998 0.00000000099999999998 0.00000000099999999998 0.00000000099999999998 0.00000000099999999998 0.00000000099999999998 0.00000000099999999998 0.99999999300000008695 
0.37658626735205352754 0.00000000099999999999 0.00000000099999999999 0.03541783933072925605 0.00000000099999999999 0.01365827797308952034 0.07633237951606984539 0.49800523282805775338 
0.51513135383177577342 0.01477942864141248112 0.00000000100000000000 0.00000028580976640200 0.01176906070273200759 0.00000000100000000000 0.08955582655815438886 0.36876404245615890254 
0.04207695518675520774 0.00000000099999999999 0.00000000099999999999 0.00000000434576424574 0.03901386315315730213 0.00000000099999999999 0.00000000099999999999 0.91890917331432320214 
0.00032900973181482814 0.00000000100000000000 0.03149196831099523169 0.00000000100000000000 0.00000000100000000000 0.00000000100000000000 0.00000000100000000000 0.96817901695718988631 
0.60634712820160152624 0.00000000099999999999 0.01219678548732666158 0.00000000099999999999 0.00000000099999999999 0.00000000099999999999 0.08463242192271470954 0.29682366038835716893 
0.67971466550725834210 0.00001851543837077433 0.05658581741816202243 0.00000000100000000000 0.00000000100000000000 0.00000026432552733600 0.12948015342335714162 0.13420058188732425508 
0.57658493017314116358 0.00000000100000000000 0.01327160350752603669 0.06330492543433928476 0.00000000100000000000 0.00292008876214353702 0.06918853012479744824 0.27472991999805268515 
0.00015924715868303026 0.00000000099999999999 0.00000000099999999999 0.00000000185267035796 0.00000000099999999999 0.00000000099999999999 0.09050220317926953306 0.90933854380937695350 
0.04049053722833800828 0.00000000099999999999 0.00000000099999999999 0.00000000099999999999 0.00000000099999999999 0.00000000099999999999 0.00000000099999999999 0.95950945677166188386 
0.05966189359865866487 0.00000000099999999999 0.00000000099999999999 0.00000000099999999999 0.00000000099999999999 0.00000000099999999999 0.21573275898962479546 0.72460534241171659087 
0.71626370883277212798 0.00000000100000000000 0.01194148118858984718 0.00000245466465616143 0.00000000100000000000 0.00000000100000000000 0.08765526560410767665 0.18413708670987433136 
0.70445698098341391624 0.01959768948479265888 0.00309571336033181380 0.03977012545860838383 0.00000000100000000000 0.00000000100000000000 0.00919197637783494489 0.22388751233501846816 
0.00003884666925428350 0.00000000099999999999 0.00000000099999999999 0.00000000099999999999 0.00000000099999999999 0.00000000099999999999 0.16970256299533978406 0.83025858533540597417 
0.00000000099999999999 0.00000000099999999999 0.00000000099999999999 0.00000000099999999999 0.00000000099999999999 0.00000000099999999999 0.09314668861122354926 0.90685330538877639839 
0.00000000099999999999 0.00000000099999999999 0.00000000099999999999 0.00000025887439468783 0.00000000099999999999 0.00000000099999999999 0.00000000099999999999 0.99999973512560536015 
0.00000000099999999999 0.00000000099999999999 0.00000000099999999999 0.00000000099999999999 0.00000000099999999999 0.00000000099999999999 0.12583006116646361372 0.87416993283353638944 
0.03355078757044817339 0.00000000099999999999 0.02984014153594323135 0.00000019427828578583 0.00000000099999999999 0.00000000099999999999 0.00000000099999999999 0.93660887261532288495 
0.03758211362101979147 0.00000000100000000000 0.00000000100000000000 0.08971832400042831224 0.00023456130338037675 0.00000001715640356509 0.00000000100000000000 0.87246498091876789616 
