0.00000000100000000000 0.02444006473724897113 0.65009361340650073657 0.03010975793078600818 0.00000000218972800006 0.28074214379258105589 0.01461392141406245640 0.00000049552909276530 
0.00000000099999999973 0.00000000099999999973 0.00000000099999999973 0.00000000099999999973 0.00000000099999999973 0.00000000099999999973 0.00000000099999999973 0.99999999300000008695 
0.00000000099999999997 0.00000000099999999997 0.00000000099999999997 0.00000000099999999997 0.00000000099999999997 0.99999999299999997593 0.00000000099999999997 0.00000000099999999997 
0.00000000099999999998 0.00000000099999999998 0.00000000099999999998 0.00000000099999999998 0.00000000099999999998 0.99999999299999997593 0.00000000099999999998 0.00000000099999999998 
0.04068520281250573994 0.01878127500623678198 0.60442865675363788291 0.00000000159473326879 0.00000466713968740690 0.21840673242437236290 0.00215463692284260672 0.11553882734598400206 
0.00003594967460625176 0.00000000100000000000 0.30145446256391489337 0.03917050131386105860 0.00000000100000000000 0.64295597847090468768 0.00000000100000000000 0.01638310497671308791 
0.00000000100000000000 0.00013348491167200456 0.59108366233963283154 0.13918561355798764190 0.00084731953354407505 0.26874653349491550713 0.00000000100000000000 0.00000338416224780756 
0.00398630884202252986 0.00779339424852813593 0.43151419445239658224 0.00000076495027667928 0.00000002960765019744 0.44539642147440172693 0.00000004941185500445 0.11130883701286901910 
0.00000000099999999998 0.00000000099999999998 0.99999999300000008695 0.00000000099999999998 0.00000000099999999998 0.00000000099999999998 0.00000000099999999998 0.00000000099999999998 
0.00625846620761042610 0.05133046060930632898 0.55393918696821231595 0.00117517790969763549 0.00000000100000000000 0.38704127148170514028 0.00005022943563399858 0.00020520638783423265 
0.02512904583928530708 0.01435606524277627596 0.62062948867688072507 0.00000000100000000000 0.06375851972563761905 0.22975995105844854161 0.03260396545297753607 0.01376296300399418304 
0.00000000100000000000 0.00390898643907358016 0.54215503280029364586 0.00000000100000000000 0.01263685611507393315 0.37492838520452337336 0.02028246861966191000 0.04608826882137360970 
0.00000000099999999999 0.00000000099999999999 0.58672328223405101344 0.00000000099999999999 0.00000000099999999999 0.41327668429005010031 0.00000000099999999999 0.00000002847589900129 
0.00000000099999999997 0.00000000099999999997 0.00000000099999999997 0.00000000099999999997 0.00000000099999999997 0.99999999299999997593 0.00000000099999999997 0.00000000099999999997 
0.00000006160029346471 0.00000030477419541856 0.30432449723010596143 0.01353176674699680011 0.00000246425935136245 0.56274271861603719636 0.04123940653777040388 0.07815878023524949758 
0.02790511685037238773 0.00000000100000000000 0.58743449664880298400 0.00144424860564383605 0.06147286669602265718 0.26209710000332026025 0.00000000100000000000 0.05964616919583774768 
0.00000002067450695416 0.03890384166070905148 0.57813960142143572263 0.00000000100000000000 0.00000439562205329217 0.29678429848607013053 0.00001566860852459185 0.08615217252670012704 
0.00000182686054892839 0.00000000100000000000 0.53285189346279215883 0.01500387463357505738 0.07021039083045477192 0.31020051567821710359 0.00482593943400138042 0.06690555810041053098 
0.00000000580845049796 0.00000000100000000000 0.62741711571048464080 0.00000000100000000000 0.00000003934971643447 0.30143906221815941482 0.07114377391318894850 0.00000000100000000000 
0.00000000100000000000 0.00196843802450096667 0.64163922018003594072 0.00000000100000000000 0.07414590782843673289 0.22053544413704176397 0.03581319826724042171 0.02589778956274415775 
0.02537076450325995852 0.00000000100000000000 0.55774905890654369323 0.00010058564127626408 0.00000000100000000000 0.36336734141404325449 0.03210655925450920517 0.02130568828036772874 
0.00000000099999999997 0.00000000099999999997 0.99999999300000008695 0.00000000099999999997 0.00000000099999999997 0.00000000099999999997 0.00000000099999999997 0.00000000099999999997 
0.00000150836366235418 0.00826820658168675275 0.46579750812166520468 0.00000028557272664216 0.03908435488067828895 0.40273764685846324962 0.02733030157319906936 0.05678018804791844232 
0.00000000099999999996 0.00000000099999999996 0.99999999299999997593 0.00000000099999999996 0.00000000099999999996 0.00000000099999999996 0.00000000099999999996 0.00000000099999999996 
0.00701820201737100077 0.00000000100000000000 0.47001873777923020015 0.02235744553148293762 0.06490822220202902004 0.36268742462533248849 0.00288382248193730763 0.07012614436261700723 
0.00000000100000000000 0.02945962669128944500 0.49051353426407223735 0.00000000100000000000 0.04357033681931044011 0.43645649822532800455 0.00000000100000000000 0.00000000100000000000 
0.00000000100000000000 0.00000000100000000000 0.62635402339429624430 0.05076853531807126729 0.04826237840990185712 0.23357627774965894485 0.00334958282528452717 0.03768920030278730821 
0.00001946300136304568 0.03202392987104384775 0.67562950174232294653 0.00000000100000000000 0.00000000100000000000 0.28584138527531571805 0.00648571710995452834 0.00000000100000000000 
0.01724041955046646743 0.00000000100000000000 0.53971376420964334297 0.00000000100000000000 0.00000150788231532932 0.32460274323472448899 0.05008985792175748436 0.06835170520109283554 
0.00000676454564485118 0.00000000854381439941 0.64336471130176897670 0.00000000100000000000 0.00000001229868807692 0.25827936326764400210 0.02614719638632463303 0.07220194265611504236 
0.02085020571596500269 0.00000087738150198186 0.50091063697787541198 0.00000000100000000000 0.00001405353257774237 0.45636804521152196656 0.02185617918055792960 0.00000000100000000000 
0.00000000099999999999 0.00000000099999999999 0.34111337931829710524 0.00059963908545769920 0.10798604462657772352 0.55030091753083798523 0.00000000099999999999 0.00000001643882957828 
0.04069797221363466444 0.00462361874639279861 0.61168587215942960000 0.00000000100000000000 0.08470791080151182650 0.25431560749082998685 0.00396760272772347586 0.00000141486047768556 
0.00000000099999999987 0.00000000099999999987 0.00000000099999999987 0.00000000099999999987 0.00000000099999999987 0.00000000099999999987 0.00000000099999999987 0.99999999300000008695 
0.00336215173473554656 0.03288273173219705137 0.28190138105744838581 0.00003047142261220055 0.00025763157562153554 0.57946658624195379605 0.00000054412663884013 0.10209850210879260757 
0.03087860029333361345 0.04175847857973354060 0.54079587685011065723 0.00726763058079122736 0.00000001185450798438 0.26463424609505348251 0.03711433584455166995 0.07755081990191786678 
0.00000000099999999975 0.00000000099999999975 0.00000000099999999975 0.00000000099999999975 0.00000000099999999975 0.00000000099999999975 0.00000000099999999975 0.99999999300000008695 
0.02666916463851801838 0.01390659865927141095 0.43051694454972200266 0.00000008964527877705 0.00000000100000000000 0.41259665160853536969 0.02973804719047563883 0.08657250270819881466 
0.00000000099999999997 0.00000000099999999997 0.00000000099999999997 0.00000000099999999997 0.00000000099999999997 0.99999999299999997593 0.00000000099999999997 0.00000000099999999997 
0.00000000099999999997 0.00000000099999999997 0.99999999300000008695 0.00000000099999999997 0.00000000099999999997 0.00000000099999999997 0.00000000099999999997 0.00000000099999999997 
0.00000000100000000000 0.00000000100000000000 0.67025232062314388237 0.00000000100000000000 0.00000000100000000000 0.19708828236795453148 0.02033491324072748963 0.11232447976817389046 
0.01772277356740268109 0.00000000100000000000 0.46853711934509728598 0.00693367098819009254 0.12987346766358059957 0.29670267412956125019 0.00000000100000000000 0.08023029230616811336 
0.00000000100000000000 0.03554975456828444319 0.40910654927620709875 0.00000000100000000000 0.00000000100000000000 0.43863431998476803964 0.01485819197819249378 0.10185118119254782387 
0.00061673953655787359 0.01248524642179717724 0.53814527537983092298 0.00340200343566933548 0.00000000100000000000 0.42151860193620999118 0.02383213128993481519 0.00000000100000000000 
0.00000000099999999990 0.00000000099999999990 0.00000000099999999990 0.00000000099999999990 0.00000000099999999990 0.00000000099999999990 0.00000000099999999990 0.99999999300000008695 
0.00000000099999999996 0.00000000099999999996 0.99999999299999997593 0.00000000099999999996 0.00000000099999999996 0.00000000099999999996 0.00000000099999999996 0.00000000099999999996 
0.00000000100000000000 0.00000000100000000000 0.45706682049303748450 0.02575874731255138952 0.05262276784531028095 0.37532870095650788800 0.03465663306967429330 0.05456632832291871682 
0.01430744796638072462 0.03650545183345924038 0.54998530707395454353 0.02148474781616934240 0.04283221048630411754 0.26238999971366949726 0.00001073897110318147 0.07248409613895938353 
0.00000000100000000000 0.00020746046809486568 0.48239035379414518800 0.09680420985682172685 0.00457380004766641361 0.29124455538837445978 0.05325523496161451570 0.07152438448328284071 
0.00000000099999999997 0.00000000099999999997 0.00000000099999999997 0.00000000099999999997 0.00000000099999999997 0.99999999299999997593 0.00000000099999999997 0.00000000099999999997 
0.02555545283603077172 0.00120806761654055250 0.54799952116298344951 0.01627781447404933260 0.06511719920374180182 0.26344909235357116817 0.00040421050791904553 0.07998864184516384090 
0.00000000099999999998 0.00000000099999999998 0.99999999300000008695 0.00000000099999999998 0.00000000099999999998 0.00000000099999999998 0.00000000099999999998 0.00000000099999999998 
0.01113326133597003324 0.03130759102155012547 0.47653073306827459232 0.00000000100000000000 0.00000000100000000000 0.38359245146474957311 0.00006212475526202632 0.09737383635419376293 
0.00000000100000000000 0.00000010950261703970 0.60593312548693223363 0.05021405290131328997 0.03777763894683754120 0.20029992951849490135 0.03110436447029684554 0.07467077817350828428 
0.00000000099999999998 0.00000000099999999998 0.00000000099999999998 0.00000000099999999998 0.00000000099999999998 0.99999999300000008695 0.00000000099999999998 0.00000000099999999998 
0.00000000099999999998 0.00000000099999999998 0.99999999300000008695 0.00000000099999999998 0.00000000099999999998 0.00000000099999999998 0.00000000099999999998 0.00000000099999999998 
0.00000000099999999998 0.03031186677339755067 0.71442013806532378428 0.00000000099999999998 0.00000000099999999998 0.00000000099999999998 0.25526799016127882380 0.00000000099999999998 
0.00066497384385221946 0.00000000099999999998 0.99933054764868933795 0.00000447350745840304 0.00000000099999999998 0.00000000099999999998 0.00000000099999999998 0.00000000099999999998 
0.00492565237486385695 0.00000000100000000000 0.49381596298534563561 0.00000000100000000000 0.05535692603118545080 0.36762125953124041855 0.01410933584673578628 0.06417086123062873404 
0.05983080681462127348 0.03293024699560447022 0.46922031205663583542 0.00000000100000000000 0.03709361627791697008 0.24000373639040542550 0.10404592394447477466 0.05687535652034134137 
0.01416957875464248083 0.00049845990088148034 0.61756711246954809624 0.04825188990202226164 0.08311177622779362950 0.21300241373252307153 0.02318702112605783988 0.00021174788653127407 
0.00000000099999999998 0.00000000099999999998 0.00000000099999999998 0.00000000099999999998 0.00000000099999999998 0.99999999299999997593 0.00000000099999999998 0.00000000099999999998 
0.00000000100000000000 0.05051031358319928860 0.53947036482194177243 0.06277894323761255835 0.00378478443762930630 0.34345549089815446964 0.00000000100000000000 0.00000010102146265605 
0.00000000099999999998 0.00000000099999999998 0.99999999300000008695 0.00000000099999999998 0.00000000099999999998 0.00000000099999999998 0.00000000099999999998 0.00000000099999999998 
0.00428292166753766260 0.00585901471609632553 0.33200994163637959078 0.05977777985733109811 0.03531124659996866949 0.47772163091220337661 0.00763412522735820633 0.07740333938312507489 
0.00721915491473010609 0.00127634845688672925 0.34787253136027718181 0.00000000100000000000 0.00000000100000000000 0.52624761212400839039 0.00483613171365130691 0.11254821943044628074 
0.00000000099999999999 0.00000000099999999999 0.00000000099999999999 0.00000000099999999999 0.00000000099999999999 0.84430347760990998029 0.00000000099999999999 0.15569651639009016164 
0.00734922491480237677 0.01640120625282942557 0.59362802558510496809 0.06671806319887547965 0.05756187588276794054 0.23880547324806250531 0.00254841920516243100 0.01698771171239490951 
0.00000000100000000000 0.00000000100000000000 0.55163722729177644410 0.05219840998055569337 0.00772704806345804636 0.26400186378409162824 0.04958659820312313893 0.07484885067699494077 
0.00836473050131575184 0.00000000100000000000 0.63131798371056768726 0.02013445483694407609 0.00000000100000000000 0.31735662503315636984 0.02282620291801613910 0.00000000100000000000 
0.02523674484976682481 0.00000000100000000000 0.42123944749989078451 0.04028352457207226567 0.20173020412544823143 0.28385806325362583635 0.00000000100000000000 0.02765201369919616237 
0.00000000100000000000 0.06845882652438610438 0.06738033554088734833 0.00000000100000000000 0.04317693587257204896 0.46394506120545569994 0.33785622401138504234 0.01918261484531375016 
0.00000000099999999998 0.00000000099999999998 0.00000000099999999998 0.00000000099999999998 0.00000000099999999998 0.99999999299999997593 0.00000000099999999998 0.00000000099999999998 
0.00000000099999999998 0.00000000099999999998 0.00000000099999999998 0.00000000099999999998 0.00000000099999999998 0.99999999299999997593 0.00000000099999999998 0.00000000099999999998 
0.03005482721421582140 0.00973986931682567329 0.58902533214217411839 0.00000000100000000000 0.00000000480753583994 0.28030231005719130621 0.06268285310694611534 0.02819480235511119190 
0.00000000099999999998 0.00000000099999999998 0.99999999299999997593 0.00000000099999999998 0.00000000099999999998 0.00000000099999999998 0.00000000099999999998 0.00000000099999999998 
0.00000000100000000000 0.02479491268039157176 0.51354930853720437423 0.04463653968263291832 0.00000135403309109521 0.33498969011893070524 0.03520770238475127989 0.04682049156299808446 
0.00000000099999999990 0.00000000099999999990 0.00000000099999999990 0.00000000099999999990 0.00000000099999999990 0.00000000099999999990 0.00000000099999999990 0.99999999299999997593 
0.00000000099999999998 0.00000000099999999998 0.00000000099999999998 0.00000000099999999998 0.00000000099999999998 0.99999999300000008695 0.00000000099999999998 0.00000000099999999998 
0.00000015296457748333 0.00574247141120940146 0.60072149209709280182 0.00000000100000000000 0.00007315384554824543 0.29094345585655290165 0.03588331911629223658 0.06663595370872699153 
0.00000000099999999998 0.00000000099999999998 0.62714410172161694224 0.00000000099999999998 0.07825146911173024022 0.00000000099999999998 0.29460442416665272303 0.00000000099999999998 
0.00000000099999999998 0.00000000099999999998 0.99999999300000008695 0.00000000099999999998 0.00000000099999999998 0.00000000099999999998 0.00000000099999999998 0.00000000099999999998 
0.00000000100000000000 0.00000000100000000000 0.38964014393818729998 0.04877079065711828476 0.00315164291900938863 0.51703923514061433941 0.04122728726903671093 0.00017089807603402020 
0.00000000099999999998 0.00000000099999999998 0.99999999300000008695 0.00000000099999999998 0.00000000099999999998 0.00000000099999999998 0.00000000099999999998 0.00000000099999999998 
0.00000000100000000000 0.00000016215187024274 0.42256739187854708284 0.08376680677714719303 0.07307435442949151982 0.29200727044891827688 0.03726525660204338397 0.09131875671198239064 
0.00000000099999999990 0.00000000099999999990 0.00000000099999999990 0.00000000099999999990 0.00000000099999999990 0.00000000099999999990 0.00000000099999999990 0.99999999300000008695 
0.00000000099999999998 0.00000000099999999998 0.00000000099999999998 0.00000000099999999998 0.00000000099999999998 0.99999999299999997593 0.00000000099999999998 0.00000000099999999998 
0.00000000099999999998 0.00000000099999999998 0.99999999300000008695 0.00000000099999999998 0.00000000099999999998 0.00000000099999999998 0.00000000099999999998 0.00000000099999999998 
0.00000010928025129482 0.00000000100000000000 0.37003549898380727612 0.01928957173762978206 0.03232616159366224345 0.49029300861873709172 0.00000000100000000000 0.08805564778591226660 
0.02233704097787173048 0.00000001594493865412 0.48881403495203096243 0.00004240054804750693 0.10018415315961796963 0.35355725907572105315 0.03466319177471411522 0.00040190356705809683 
0.01217209182716777298 0.00267413279255648449 0.36091819436757871520 0.01317259485320108892 0.03258192497273870725 0.57828696055139527932 0.00019409611055514877 0.00000000452480673736 
0.00000000099999999998 0.00000000099999999998 0.00000000099999999998 0.00000000099999999998 0.00000000099999999998 0.99999999299999997593 0.00000000099999999998 0.00000000099999999998 
0.00000000099999999999 0.00000000099999999999 0.99999999300000008695 0.00000000099999999999 0.00000000099999999999 0.00000000099999999999 0.00000000099999999999 0.00000000099999999999 
0.00000000099999999999 0.00000000099999999999 0.00000000099999999999 0.00000000099999999999 0.00000000099999999999 0.76660838697605382386 0.00000000099999999999 0.23339160702394612379 
0.00295869718463977758 0.03553138695353248722 0.65947849417526316351 0.01031656168889929712 0.00001930976295681666 0.21013073448013916411 0.00000019329145888659 0.08156462246311048381 
0.00016087834631248890 0.05212222826358241246 0.55228984022853988556 0.07936829549132116968 0.00000000100000000000 0.27076051269336076643 0.00435821860973391057 0.04094002536714932972 
0.00000000100000000000 0.03255814505876920145 0.18739942771191506199 0.00000000100000000000 0.66800829796048488696 0.00000000100000000000 0.06146717196085226681 0.05056695430797873009 
0.00000000099999999999 0.00000000099999999999 0.00000000099999999999 0.00000000099999999999 0.99999999299999997593 0.00000000099999999999 0.00000000099999999999 0.00000000099999999999 
0.00000644144582681209 0.01913437847741881678 0.13649790266507003111 0.00252301237054951668 0.69134298134308791450 0.00000000100000000000 0.10405670028565749963 0.04643858241238937173 
0.00000000099999999998 0.00000000099999999998 0.00000000099999999998 0.00000000099999999998 0.99999999300000008695 0.00000000099999999998 0.00000000099999999998 0.00000000099999999998 
0.01341934478063108033 0.06714396837688664521 0.19129263792958861590 0.00000873716492071536 0.66912434180626600977 0.00000000100000000000 0.05901095615201062267 0.00000001278969636063 
0.00000000099999999999 0.00000000099999999999 0.00000000099999999999 0.00000000099999999999 0.99999999300000008695 0.00000000099999999999 0.00000000099999999999 0.00000000099999999999 
0.00000000099999999999 0.00000000099999999999 0.00000000099999999999 0.00000000099999999999 0.99999999299999997593 0.00000000099999999999 0.00000000099999999999 0.00000000099999999999 
0.00000000099999999998 0.00000000099999999998 0.00000000099999999998 0.00000000099999999998 0.99999999299999997593 0.00000000099999999998 0.00000000099999999998 0.00000000099999999998 
0.00000000099999999999 0.00000000099999999999 0.00000000099999999999 0.00000000099999999999 0.99999999299999997593 0.00000000099999999999 0.00000000099999999999 0.00000000099999999999 
0.00000000099999999999 0.00000000099999999999 0.00000000099999999999 0.00000000099999999999 0.99999999299999997593 0.00000000099999999999 0.00000000099999999999 0.00000000099999999999 
0.00000000100000000000 0.03832428128780020204 0.12136514447277335638 0.00000000100000000000 0.75543287395211722313 0.00562129504937926728 0.07925640223792987382 0.00000000100000000000 
0.00000000099999999999 0.00001289703587716180 0.00000000099999999999 0.00000000099999999999 0.99998709696412280135 0.00000000099999999999 0.00000000099999999999 0.00000000099999999999 
0.00000000099999999998 0.00000000099999999998 0.00000000099999999998 0.00000000099999999998 0.99999999299999997593 0.00000000099999999998 0.00000000099999999998 0.00000000099999999998 
0.00000000099999999998 0.00000000099999999998 0.00000000099999999998 0.00000000099999999998 0.99999746309186632320 0.00000000099999999998 0.00000253090813374979 0.00000000099999999998 
0.00000000099999999998 0.00000000099999999998 0.00000000099999999998 0.00000000099999999998 0.99999999300000008695 0.00000000099999999998 0.00000000099999999998 0.00000000099999999998 
0.00000000099999999998 0.00000000099999999998 0.00000000099999999998 0.00000000099999999998 0.99999999300000008695 0.00000000099999999998 0.00000000099999999998 0.00000000099999999998 
0.00000000099999999999 0.00000000099999999999 0.00000000099999999999 0.00000000099999999999 0.99999999299999997593 0.00000000099999999999 0.00000000099999999999 0.00000000099999999999 
0.00000000099999999999 0.00000000099999999999 0.00000000099999999999 0.00000000099999999999 0.89720238981146049895 0.00000000099999999999 0.10279760418853946258 0.00000000099999999999 
0.00000000099999999998 0.00000042334204358463 0.00000000099999999998 0.00000000099999999998 0.99999957065795641586 0.00000000099999999998 0.00000000099999999998 0.00000000099999999998 
0.02251102900634141882 0.00739997886535181774 0.06327754626532082483 0.14727797610155377028 0.41515211690517161980 0.20670763684470627730 0.11381381394884168556 0.02385990206271245903 
0.00000000099999999999 0.00000000099999999999 0.00000000099999999999 0.00000000099999999999 0.99999999299999997593 0.00000000099999999999 0.00000000099999999999 0.00000000099999999999 
0.00000000099999999997 0.00000000099999999997 0.00000000099999999997 0.00000000099999999997 0.99999999300000008695 0.00000000099999999997 0.00000000099999999997 0.00000000099999999997 
0.00000000099999999999 0.00000000099999999999 0.00000000099999999999 0.00000000099999999999 0.99999999299999997593 0.00000000099999999999 0.00000000099999999999 0.00000000099999999999 
0.01382882191723592245 0.00000000099999999999 0.00000000099999999999 0.00000000099999999999 0.98617117208276416918 0.00000000099999999999 0.00000000099999999999 0.00000000099999999999 
0.00000000099999999998 0.00000000099999999998 0.00000000099999999998 0.00000000099999999998 0.99999999300000008695 0.00000000099999999998 0.00000000099999999998 0.00000000099999999998 
0.00000000099999999999 0.00000000099999999999 0.00000000099999999999 0.00000000099999999999 0.99999999299999997593 0.00000000099999999999 0.00000000099999999999 0.00000000099999999999 
0.00000000099999999999 0.00000000099999999999 0.00000000099999999999 0.00000000099999999999 0.99999999300000008695 0.00000000099999999999 0.00000000099999999999 0.00000000099999999999 
0.00000000099999999999 0.00000000099999999999 0.00000000099999999999 0.00000000865319054417 0.99999998534680956119 0.00000000099999999999 0.00000000099999999999 0.00000000099999999999 
0.00000000099999999997 0.00000000099999999997 0.00000000099999999997 0.00000000099999999997 0.99999999299999997593 0.00000000099999999997 0.00000000099999999997 0.00000000099999999997 
0.00000000284468230644 0.04245668735564008672 0.14927235502347160900 0.01648603515739670983 0.66417592904389999298 0.03913330691367328251 0.06985597760108759602 0.01861970606014845542 
0.00000000099999999999 0.00000000099999999999 0.00000000099999999999 0.00000000099999999999 0.99999999299999997593 0.00000000099999999999 0.00000000099999999999 0.00000000099999999999 
0.00000000099999999996 0.86068262093620828690 0.00000000099999999996 0.00000000099999999996 0.13931737306379171626 0.00000000099999999996 0.00000000099999999996 0.00000000099999999996 
0.00000000099999999995 0.99999999300000008695 0.00000000099999999995 0.00000000099999999995 0.00000000099999999995 0.00000000099999999995 0.00000000099999999995 0.00000000099999999995 
0.00000000099999999995 0.99999999300000019797 0.00000000099999999995 0.00000000099999999995 0.00000000099999999995 0.00000000099999999995 0.00000000099999999995 0.00000000099999999995 
0.00000000099999999995 0.99999999300000019797 0.00000000099999999995 0.00000000099999999995 0.00000000099999999995 0.00000000099999999995 0.00000000099999999995 0.00000000099999999995 
0.00000000099999999994 0.99999999300000019797 0.00000000099999999994 0.00000000099999999994 0.00000000099999999994 0.00000000099999999994 0.00000000099999999994 0.00000000099999999994 
0.00000000099999999993 0.99999999300000019797 0.00000000099999999993 0.00000000099999999993 0.00000000099999999993 0.00000000099999999993 0.00000000099999999993 0.00000000099999999993 
0.00000000099999999994 0.99999999300000019797 0.00000000099999999994 0.00000000099999999994 0.00000000099999999994 0.00000000099999999994 0.00000000099999999994 0.00000000099999999994 
0.00000000099999999995 0.99999999300000008695 0.00000000099999999995 0.00000000099999999995 0.00000000099999999995 0.00000000099999999995 0.00000000099999999995 0.00000000099999999995 
0.00000000099999999993 0.99999999300000008695 0.00000000099999999993 0.00000000099999999993 0.00000000099999999993 0.00000000099999999993 0.00000000099999999993 0.00000000099999999993 
0.00000000099999999993 0.99999999300000019797 0.00000000099999999993 0.00000000099999999993 0.00000000099999999993 0.00000000099999999993 0.00000000099999999993 0.00000000099999999993 
0.00000000099999999994 0.99999999300000008695 0.00000000099999999994 0.00000000099999999994 0.00000000099999999994 0.00000000099999999994 0.00000000099999999994 0.00000000099999999994 
0.00000000099999999995 0.99999999300000008695 0.00000000099999999995 0.00000000099999999995 0.00000000099999999995 0.00000000099999999995 0.00000000099999999995 0.00000000099999999995 
0.00000000099999999999 0.37928682461912488488 0.00000000099999999999 0.00000000099999999999 0.00000000099999999999 0.00000000099999999999 0.62071316938087506276 0.00000000099999999999 
0.00000000099999999993 0.99999999300000019797 0.00000000099999999993 0.00000000099999999993 0.00000000099999999993 0.00000000099999999993 0.00000000099999999993 0.00000000099999999993 
0.00000000099999999994 0.99999999300000019797 0.00000000099999999994 0.00000000099999999994 0.00000000099999999994 0.00000000099999999994 0.00000000099999999994 0.00000000099999999994 
0.00000000099999999994 0.99999999300000008695 0.00000000099999999994 0.00000000099999999994 0.00000000099999999994 0.00000000099999999994 0.00000000099999999994 0.00000000099999999994 
0.00000000099999999996 0.99999999300000008695 0.00000000099999999996 0.00000000099999999996 0.00000000099999999996 0.00000000099999999996 0.00000000099999999996 0.00000000099999999996 
0.00000000099999999994 0.99999999300000019797 0.00000000099999999994 0.00000000099999999994 0.00000000099999999994 0.00000000099999999994 0.00000000099999999994 0.00000000099999999994 
0.00000000099999999993 0.99999999300000008695 0.00000000099999999993 0.00000000099999999993 0.00000000099999999993 0.00000000099999999993 0.00000000099999999993 0.00000000099999999993 
0.00000000099999999994 0.99999999300000008695 0.00000000099999999994 0.00000000099999999994 0.00000000099999999994 0.00000000099999999994 0.00000000099999999994 0.00000000099999999994 
0.00000000099999999999 0.54692061935611480106 0.00000000099999999999 0.00000000099999999999 0.00000000099999999999 0.00000000099999999999 0.45307937464388514659 0.00000000099999999999 
0.00000000099999999994 0.99999999300000019797 0.00000000099999999994 0.00000000099999999994 0.00000000099999999994 0.00000000099999999994 0.00000000099999999994 0.00000000099999999994 
0.00000000099999999999 0.59691560663471932013 0.00000000099999999999 0.00000000099999999999 0.00000000099999999999 0.00000000099999999999 0.40308438736528079405 0.00000000099999999999 
0.00000000099999999994 0.99999999300000019797 0.00000000099999999994 0.00000000099999999994 0.00000000099999999994 0.00000000099999999994 0.00000000099999999994 0.00000000099999999994 
0.00000000099999999995 0.99999999300000008695 0.00000000099999999995 0.00000000099999999995 0.00000000099999999995 0.00000000099999999995 0.00000000099999999995 0.00000000099999999995 
0.00000000099999999993 0.99999999300000019797 0.00000000099999999993 0.00000000099999999993 0.00000000099999999993 0.00000000099999999993 0.00000000099999999993 0.00000000099999999993 
0.71785392085570631782 0.00000000100000000000 0.07150967261940424646 0.19948372902102584625 0.01115267350386371821 0.00000000100000000000 0.00000000100000000000 0.00000000100000000000 
0.00000000099999999999 0.00000000099999999999 0.00000000099999999999 0.99999999299999997593 0.00000000099999999999 0.00000000099999999999 0.00000000099999999999 0.00000000099999999999 
0.01195531360830586094 0.00000000099999999999 0.00000000099999999999 0.98804468039169424110 0.00000000099999999999 0.00000000099999999999 0.00000000099999999999 0.00000000099999999999 
0.80721415004124175141 0.00000000099999999999 0.00000000099999999999 0.11594582767689648461 0.00000000099999999999 0.00000000099999999999 0.00000000099999999999 0.07684001728186201641 
0.00000000155005052603 0.00000000099999999999 0.00000000099999999999 0.95743067497345468730 0.00000000099999999999 0.00000000099999999999 0.00000000099999999999 0.04256931847649499806 
0.00532624321927821932 0.00000000099999999999 0.00106009546948395176 0.99361365631123788056 0.00000000099999999999 0.00000000099999999999 0.00000000099999999999 0.00000000099999999999 
0.00000000099999999999 0.00000000099999999999 0.00000000099999999999 0.99999999299999997593 0.00000000099999999999 0.00000000099999999999 0.00000000099999999999 0.00000000099999999999 
0.05200095528692678243 0.00000000099999999999 0.00000000099999999999 0.87066909291521654701 0.00000000099999999999 0.07732994679785665237 0.00000000099999999999 0.00000000099999999999 
0.00000000099999999999 0.00000000099999999999 0.00000000099999999999 0.99999999299999997593 0.00000000099999999999 0.00000000099999999999 0.00000000099999999999 0.00000000099999999999 
0.00000000100000000000 0.00000000100000000000 0.00000058095108254945 0.99410123862507859815 0.00000000100000000000 0.00000000100000000000 0.00589817542383887054 0.00000000100000000000 
0.04960297947347570152 0.00000000100000000000 0.00000054399809599346 0.91574930731760817437 0.00000000100000000000 0.00000000100000000000 0.00000000100000000000 0.03464716521082029932 
0.00000094439643179192 0.00000000100000000000 0.00000000100000000000 0.95668770865224783684 0.00000000100000000000 0.04331134195132047005 0.00000000100000000000 0.00000000100000000000 
0.48067311104065324479 0.00000000100000000000 0.00000194669518366280 0.37779705624423581822 0.02083897876727534501 0.08860054318123794515 0.00000000100000000000 0.03208836207141384927 
0.04455913515046636131 0.00000000100000000000 0.00000000100000000000 0.55718428074717218923 0.03856758912913138548 0.33021216230838557060 0.00452599204117447133 0.02495083862366985483 
0.02809949821479390195 0.00000000099999999999 0.00000000099999999999 0.97190049578520620877 0.00000000099999999999 0.00000000099999999999 0.00000000099999999999 0.00000000099999999999 
0.05516679389570335046 0.00000000099999999999 0.00000000099999999999 0.94483320010429683311 0.00000000099999999999 0.00000000099999999999 0.00000000099999999999 0.00000000099999999999 
0.02163323034733989972 0.01121021947527758682 0.02642144895987172046 0.93863961671084328309 0.00000000100000000000 0.00000000100000000000 0.00000000100000000000 0.00209548150666764074 
0.04903248203141864076 0.00000000100000000000 0.00000000100000000000 0.87086613626468312166 0.03876848302088052589 0.04131691841718230368 0.00000000100000000000 0.00001597726583537780 
0.99999999300000019797 0.00000000099999999995 0.00000000099999999995 0.00000000099999999995 0.00000000099999999995 0.00000000099999999995 0.00000000099999999995 0.00000000099999999995 
0.07727488154641677653 0.00000000099999999999 0.04525141377198527853 0.87747369968159794063 0.00000000099999999999 0.00000000099999999999 0.00000000099999999999 0.00000000099999999999 
0.76489386295459227405 0.01438817502403243360 0.01876072876476680626 0.12157091562924374206 0.00000000100000000000 0.05337824737313171669 0.01063841620627114549 0.01636965304796195522 
0.70859646391125519216 0.01385268288137382099 0.00000021095009033127 0.14345051674190290036 0.00005002144119622028 0.10519334042443567734 0.00000000100000000000 0.02885676264974600114 
0.00033943720022717257 0.00000000099999999999 0.00000000099999999999 0.99966055679977283699 0.00000000099999999999 0.00000000099999999999 0.00000000099999999999 0.00000000099999999999 
0.00182068275391532633 0.00000000099999999999 0.00000000099999999999 0.99817931124608483273 0.00000000099999999999 0.00000000099999999999 0.00000000099999999999 0.00000000099999999999 
0.72276576180777840630 0.00537068422389330984 0.00000000100000000000 0.15398274015764995548 0.01382301366432583598 0.10405774025581837616 0.00000000100000000000 0.00000005789053407654 
0.00540699744682727763 0.00000000099999999999 0.00000000099999999999 0.99459299655317279232 0.00000000099999999999 0.00000000099999999999 0.00000000099999999999 0.00000000099999999999 
0.00000000099999999999 0.00000000099999999999 0.00000000099999999999 0.98230856971980851089 0.00000000099999999999 0.00000000099999999999 0.01769123623040552359 0.00000018904978596304 
0.78850442435392953389 0.00000000100000000000 0.00000000100000000000 0.11002070747912165438 0.00000000100000000000 0.06384059521462565057 0.00000000100000000000 0.03763426895232328817 
0.00000017094491352087 0.00000000099999999999 0.00000000099999999999 0.99999982305508650082 0.00000000099999999999 0.00000000099999999999 0.00000000099999999999 0.00000000099999999999 
0.01031455171756608287 0.00000000099999999998 0.00000000099999999998 0.98968544228243393590 0.00000000099999999998 0.00000000099999999998 0.00000000099999999998 0.00000000099999999998 
0.74291263854357891816 0.00000000100000000000 0.03077805434228843631 0.16528382793592480415 0.00561489492235858669 0.02104612903707960697 0.03436206347258405347 0.00000239074618576880 
0.00613818896116078132 0.00000000099999999999 0.00000000099999999999 0.95023750631134418221 0.00000000099999999999 0.04362428548527239741 0.00000000099999999999 0.00000001524222277126 
0.76797086740322195730 0.00000000100000000000 0.00000000100000000000 0.17782794407876889586 0.00000000100000000000 0.00000000100000000000 0.00000000100000000000 0.05420118351800932988 
0.79682367046975699498 0.00000000100000000000 0.07506711992896701602 0.12810920435583539323 0.00000000100000000000 0.00000000124544068139 0.00000000100000000000 0.00000000100000000000 
0.76794860715977830701 0.00000000100000000000 0.00106678938942136392 0.14577211333230813417 0.00000000100000000000 0.04122781012064469924 0.00000000100000000000 0.04398467699784769369 
0.82431091743334183874 0.00000000100000000000 0.05090631829390367125 0.09054771624741500546 0.00000000100000000000 0.00670349250231361358 0.00000000100000000000 0.02753155252302589770 
0.00000000099999999998 0.00000000099999999998 0.00000000099999999998 0.99999999300000008695 0.00000000099999999998 0.00000000099999999998 0.00000000099999999998 0.00000000099999999998 
0.00000000099999999999 0.00000000099999999999 0.00000000099999999999 0.93669903810480803497 0.00000000099999999999 0.00000000099999999999 0.00000000099999999999 0.06330095589519200983 
0.07713284130553292595 0.00000000099999999999 0.01497896483341685028 0.87955541819469706954 0.00000000099999999999 0.00000000099999999999 0.00000000099999999999 0.02833277166635325001 
0.05664203166320139898 0.01080504754212320735 0.00000000100000000000 0.83603628559862419589 0.00000000100000000000 0.09651619789567963958 0.00000000100000000000 0.00000043430037166609 
0.09379266050493499651 0.00000000099999999999 0.00026779442707274714 0.88807862170032925153 0.00000000099999999999 0.01786091936766309035 0.00000000099999999999 0.00000000099999999999 
0.63973470412089528114 0.00000000100000000000 0.03292509713824323669 0.25617794949096484025 0.02513718129229331952 0.00000550264432992435 0.04600724848918111981 0.00001231582409232271 
0.00000003670359850235 0.00000000100000000000 0.00000000129666969565 0.97673752930541080097 0.02081569639297536217 0.00000000100000000000 0.00244673330134554745 0.00000000100000000000 
0.07249052031491301507 0.00000000099999999999 0.00000000099999999999 0.91276023208060841352 0.01474924260447849252 0.00000000099999999999 0.00000000099999999999 0.00000000099999999999 
0.00000193457445012318 0.00000000099999999998 0.00000000099999999998 0.99999805942554986782 0.00000000099999999998 0.00000000099999999998 0.00000000099999999998 0.00000000099999999998 
0.38841450220269324589 0.00000000099999999999 0.00000000099999999999 0.54462397796566464070 0.04910259779567173466 0.01785891803597026983 0.00000000099999999999 0.00000000099999999999 
0.52032620177023625185 0.00579433973228599911 0.02801992641843278897 0.41905678574500565547 0.01137203339547266864 0.00001577327566328537 0.01541493866290346605 0.00000000100000000000 
0.04766662169057372944 0.00000000099999999999 0.02272481165071587109 0.92960856165871041945 0.00000000099999999999 0.00000000099999999999 0.00000000099999999999 0.00000000099999999999 
0.01282486280365649142 0.00012175026144494929 0.00000000100000000000 0.98700545867325317761 0.00000002899371992871 0.00004789626792555465 0.00000000100000000000 0.00000000100000000000 
0.61849069960126179524 0.00000000099999999999 0.00000000099999999999 0.35924750206420313914 0.00000000099999999999 0.00000001134437337579 0.00000000099999999999 0.02226178299016204690 
0.68135172311190683736 0.00808298092131919804 0.00000000100000000000 0.20342373682674053104 0.01351242000812765721 0.02116125235729076487 0.01707285781538180058 0.05539502795923324785 
0.58404746341829849587 0.00000000100000000000 0.00000000100000000000 0.29917753006385527925 0.01154783715730206724 0.08718166270456632894 0.00000591042738961057 0.01803959422858824810 
0.00015402367159321034 0.00000000099999999999 0.00000000099999999999 0.99975543175565628751 0.00000000099999999999 0.00009053957275044860 0.00000000099999999999 0.00000000099999999999 
0.05580018970815761592 0.00000000099999999999 0.00000000099999999999 0.94419980429184235948 0.00000000099999999999 0.00000000099999999999 0.00000000099999999999 0.00000000099999999999 
0.08834424284950027906 0.00000000099999999999 0.00000000099999999999 0.80483652474564815194 0.03661111490459039580 0.07020811350026116837 0.00000000099999999999 0.00000000099999999999 
0.72974243776187364130 0.00000000100000000000 0.00720244161431341390 0.22536002726005274766 0.00000000100000000000 0.00000836956066565032 0.00000156770244436946 0.03768515410065020887 
0.70802986630812059232 0.02218323108941751970 0.00000000100000000000 0.23083071996930842884 0.00000000100000000000 0.01392952440610627576 0.00000000100000000000 0.02502665522704733761 
0.03208392879801535980 0.00000000100000000000 0.00000000100000000000 0.93732178214818506756 0.03059428405379962385 0.00000000100000000000 0.00000000100000000000 0.00000000100000000000 
0.00000000099999999999 0.00000010294514429772 0.00000000099999999999 0.99999989105485576069 0.00000000099999999999 0.00000000099999999999 0.00000000099999999999 0.00000000099999999999 
0.00000000099999999999 0.00000000099999999999 0.00000000099999999999 0.99999942789142493016 0.00000000099999999999 0.00000056610857511154 0.00000000099999999999 0.00000000099999999999 
0.00000000099999999999 0.00000000099999999999 0.00000000099999999999 0.99999999300000008695 0.00000000099999999999 0.00000000099999999999 0.00000000099999999999 0.00000000099999999999 
0.04684370936676073710 0.00000000099999999999 0.00000000099999999999 0.91562620170700037558 0.00000000099999999999 0.03753008392623885525 0.00000000099999999999 0.00000000099999999999 
0.05199909643633414402 0.00000000100000000000 0.03698147819745829790 0.90032249137380637727 0.00489191511091933637 0.00358423980763284203 0.00000000100000000000 0.00222077707384894319 
