0.04732813095226297978 0.01105064881123368585 0.03663287499432984345 0.02425096478600016064 0.00025851693855710484 0.49596973159143242782 0.00000000100000000000 0.38450913092618371758 
0.00000000099999999992 0.00000000099999999992 0.00000000099999999992 0.00000000099999999992 0.00000000099999999992 0.99999999300000008695 0.00000000099999999992 0.00000000099999999992 
0.00000000099999999999 0.00000000099999999999 0.00000000099999999999 0.00000000099999999999 0.00000000099999999999 0.19068206521197578196 0.00000000099999999999 0.80931792878802433222 
0.00000000099999999998 0.00000000099999999998 0.00000000099999999998 0.00000000099999999998 0.00000000099999999998 0.00000000099999999998 0.00000000099999999998 0.99999999299999997593 
0.00000000099999999999 0.05124611463001022688 0.00000000099999999999 0.00000000099999999999 0.00000000099999999999 0.94875387936998967220 0.00000000099999999999 0.00000000099999999999 
0.00000000100000000000 0.00000000383045360266 0.00000000100000000000 0.00561449929683571162 0.00000000100000000000 0.31729836462874322356 0.01712150787380435635 0.65996562137016312466 
0.00000000100000000000 0.00000119842459938439 0.00699579037989082018 0.14081620659826046826 0.04498241665014111879 0.52351088480315721707 0.00000000457759230382 0.28369349756635869886 
0.00010189122849601941 0.00000000100000000000 0.01950955093136643934 0.00000000100000000000 0.00000000251946275647 0.48436855452858612603 0.00962733776809862260 0.48639266102398992508 
0.00000448944900855359 0.00000000100000000000 0.05133434173005998330 0.00000000100000000000 0.06672038498365755188 0.50746713765019701992 0.00228525019462468958 0.37218839399245218225 
0.01794848998367533019 0.02810077954701385022 0.05432806077484388790 0.00121663261876421894 0.00000000100000000000 0.53695428729267691281 0.00000000100000000000 0.36145174778302580076 
0.03593781464090717304 0.01622406851123145768 0.02281097345454457387 0.00000000100000000000 0.09296995038391478450 0.57699709806896926079 0.02913444791795941763 0.22592564602247339201 
0.02677891554364618051 0.00000000100000000000 0.00777334364564698233 0.00000000100000000000 0.02859442688378142916 0.54745271784784044211 0.00000000100000000000 0.38940059307908492237 
0.01546307747537861016 0.00000000100000000000 0.00000000100000000000 0.00000000100000000000 0.00810957835732134188 0.52726801797380473680 0.04856268477031498026 0.40059663842318038451 
0.00000000099999999998 0.00000000099999999998 0.00000000099999999998 0.00000000099999999998 0.00000000099999999998 0.00000000099999999998 0.00000000099999999998 0.99999999300000008695 
0.04835236328054828836 0.00594469284601065271 0.00053480574164766555 0.02117466997494087122 0.00000000127725898426 0.38472429694135173994 0.00000000100000000000 0.53926916893824172750 
0.00000000100000000000 0.00006319142099355607 0.00000000100000000000 0.00003560757485375334 0.09696821856843912402 0.53063345282250007351 0.04737723930694568569 0.32492228830626784797 
0.00000000099999999998 0.00000000099999999998 0.00000000099999999998 0.00000000099999999998 0.00000000099999999998 0.99999999299999997593 0.00000000099999999998 0.00000000099999999998 
0.01998840019324235953 0.01965510856007547311 0.00000000100000000000 0.00160964203745833103 0.08179483197921033621 0.50553401787492346919 0.00000000100000000000 0.37141799735509006819 
0.09051481673349523471 0.01525564605061738126 0.00000056039026651785 0.00000000100000000000 0.02885850183810044489 0.51106457124913839962 0.00000000100000000000 0.35430590173838205637 
0.00000000099999999999 0.00000000099999999999 0.00000000099999999999 0.00000000099999999999 0.00000000099999999999 0.99999999300000008695 0.00000000099999999999 0.00000000099999999999 
0.05717526509235081739 0.04605011805785771961 0.00000000100000000000 0.00000006413833699610 0.00000000100000000000 0.51004389148717776958 0.00000000100000000000 0.38673065822427671323 
0.00000000099999999998 0.00000000099999999998 0.00000000099999999998 0.00000000099999999998 0.00000000099999999998 0.99999999300000008695 0.00000000099999999998 0.00000000099999999998 
0.03507446719876239349 0.00000161072962501951 0.01412086373993489199 0.00000179713673550137 0.04157385449189509447 0.51598064472932525515 0.01068330416111455336 0.38256345781260719940 
0.00000000099999999997 0.00000000099999999997 0.00000000099999999997 0.00000000099999999997 0.00000000099999999997 0.99999999300000008695 0.00000000099999999997 0.00000000099999999997 
0.01451586587763159519 0.01765684259699676004 0.00000000100000000000 0.01726343420923480421 0.08112723489024532830 0.46542509523902941826 0.00000000100000000000 0.40401152518686206383 
0.00011266844849917782 0.00000000100000000000 0.03456050143900868399 0.00000000707881021086 0.06194331859697387033 0.48334006206110202708 0.00000000100000000000 0.42004344037560598091 
0.00000000099999999999 0.00000000099999999999 0.00000000099999999999 0.03594284460019656069 0.00000000099999999999 0.96405714939980335920 0.00000000099999999999 0.00000000099999999999 
0.03572268478447929857 0.00000000100000000000 0.04275146291074201355 0.00000000100000000000 0.00000003479987926617 0.57017515584903077919 0.04985286556272233022 0.30149779409314625411 
0.00000000099999999999 0.00000000099999999999 0.00000000099999999999 0.00000000099999999999 0.00000000099999999999 0.99999999300000008695 0.00000000099999999999 0.00000000099999999999 
0.00000000099999999999 0.00000000099999999999 0.00000000099999999999 0.00000000099999999999 0.00000000099999999999 0.99999999300000008695 0.00000000099999999999 0.00000000099999999999 
0.02640739086237726269 0.00000000100000000000 0.00786605255921861424 0.00000000100000000000 0.01376564205793805520 0.49394756578010373671 0.06331865314756027208 0.39469469359280195953 
0.00000000099999999999 0.01317057488702260901 0.00000000099999999999 0.00008575923625970515 0.11400986264704318640 0.38072349249766784807 0.00000000099999999999 0.49201030773200665758 
0.01825029453905478022 0.00947840999704381917 0.01222996575679129692 0.00000000100000000000 0.09569692866983831037 0.55448560590259632352 0.06059631771459979277 0.24926247642007581806 
0.00000000100000000000 0.00000000100000000000 0.00000000100000000000 0.00000003707627615365 0.00000000100000000000 0.72546562146669957283 0.00000000293172898776 0.27453433452529535375 
0.00596580388664328526 0.00000185143411728660 0.03949578085664916249 0.00000000100000000000 0.00029416230643022526 0.32632693819035030192 0.00000000100000000000 0.62791546132580977613 
0.04913202522733541022 0.00000000100000000000 0.04908124152132917889 0.00004548066946974654 0.00000000118540754589 0.53529044073679565852 0.06737766362893560235 0.29907314603072676640 
0.00000000099999999993 0.00000000099999999993 0.00000000099999999993 0.00000000099999999993 0.00000000099999999993 0.99999999299999997593 0.00000000099999999993 0.00000000099999999993 
0.04059019826253891516 0.02262948538136292514 0.02001734146351481780 0.00000001555230840544 0.00000000100000000000 0.45807206924540277981 0.00347743258616035368 0.45521345650871186672 
0.00000000099999999996 0.00000000099999999996 0.00000000099999999996 0.00000000099999999996 0.00000000099999999996 0.99999999299999997593 0.00000000099999999996 0.00000000099999999996 
0.00000000099999999998 0.00000000099999999998 0.00000000099999999998 0.00000000099999999998 0.00000000099999999998 0.99999999299999997593 0.00000000099999999998 0.00000000099999999998 
0.00000000099999999998 0.00000000099999999998 0.00000000099999999998 0.00000000099999999998 0.00000000099999999998 0.99999999300000008695 0.00000000099999999998 0.00000000099999999998 
0.00000000100000000000 0.02834036765452555007 0.00000000100000000000 0.00000191343524742427 0.14526743485838808367 0.46400358409843656116 0.00000000100000000000 0.36238669695340247623 
0.02578679274473482178 0.00000001146783316809 0.03958023560798105273 0.00000000100000000000 0.00000000100000000000 0.47102470177121119610 0.00000000100000000000 0.46360825540823974444 
0.04680121901466784834 0.02815995309982814027 0.01995982623932754732 0.00008581902359706297 0.00411520742152014091 0.45728479757860529542 0.00000000100000000000 0.44359317662245389968 
0.00642595597610548085 0.00000121893623572541 0.01324423022994034027 0.02972672427557192590 0.03778239572969899901 0.55223994802325682141 0.00000000100000000000 0.36057952582919083895 
0.00000000099999999998 0.00000000099999999998 0.00000000099999999998 0.00000000099999999998 0.00000000099999999998 0.99999999299999997593 0.00000000099999999998 0.00000000099999999998 
0.04581152603389294226 0.00000000100000000000 0.00000000100000000000 0.02424870266329808011 0.06238801553192606375 0.46896447519299999662 0.00000000100000000000 0.39858727757788292578 
0.00611219043082680737 0.00000000100000000000 0.04484981258304127083 0.00478759287409045390 0.06416211479417563424 0.50229397842983947164 0.04552422117503207577 0.33227008871299418269 
0.05772092433106266324 0.00000000100000000000 0.00214498166330691570 0.11018443758277383926 0.01750092015058656025 0.52213872342374789692 0.00000000100000000000 0.29031001084852209315 
0.00000000099999999999 0.00000000099999999999 0.00000000099999999999 0.06398013743988530122 0.00000000099999999999 0.17593347533997738541 0.00000000099999999999 0.76008638222013735763 
0.01126331374213633899 0.00420207552822422781 0.00383372407210055789 0.00654988281339422690 0.08136962819595436325 0.54908149905006453650 0.05028728252068329768 0.29341259407744235688 
0.08835183409686386824 0.00000000100000000000 0.04261939999979631744 0.01962122619645160701 0.02717660395865384437 0.52283173284823936111 0.00000000100000000000 0.29939920089999499941 
0.01305049840499418815 0.01333935919532740211 0.04336347917855813694 0.00000000100000000000 0.00000000100000000000 0.45749156690312842155 0.00000013530771410975 0.47275495901027780876 
0.03819683199199393892 0.00000000602537134690 0.00658169422694473722 0.06021368779112162839 0.05577629271666102728 0.60839243786350971632 0.00469774486549023266 0.22614130451890745999 
0.00000012092280970349 0.01990381616788954033 0.00004380210114661374 0.02970646576237012670 0.00000000100000000000 0.23918694820529956546 0.00010306387738641410 0.71105578196309804362 
0.00966451707286362406 0.00000000100000000000 0.03714506376785010194 0.00000000100000000000 0.00000000100000000000 0.79247692820153359250 0.16071348695775267146 0.00000000100000000000 
0.28104330967601853786 0.00000000099999999998 0.04947460139004718205 0.00000000099999999998 0.00000000099999999998 0.66948208393393426885 0.00000000099999999998 0.00000000099999999998 
0.02546530815781185633 0.00000000100000000000 0.00000000100000000000 0.00000000100000000000 0.02160561004795526555 0.41055461491205430535 0.06638949078534510384 0.47598497309683357459 
0.02612555680283146567 0.01442151334986892415 0.00000000100000000000 0.00000000100000000000 0.07180085366435706717 0.48157236236871475699 0.00000066102698937210 0.40607905078723849357 
0.11412613493553726285 0.00000000786079974590 0.03881240188173459144 0.00000000100000000000 0.04455912956300612376 0.43074485186523059355 0.09011598802015909071 0.28164148487353263262 
0.03354420981825388670 0.00000000100000000000 0.00772747686467398828 0.05237354450132832018 0.09371976178272349578 0.58116529118229620643 0.04555199383691104636 0.18591772101381320859 
0.00000000100000000000 0.00000000100000000000 0.00000000100000000000 0.00015161433738898513 0.00009173474289071258 0.60676205437973718126 0.06415718634551842436 0.32883740719446469258 
0.00000000100000000000 0.00000000100000000000 0.04867147763580590564 0.07505100760369143309 0.03833989127745233289 0.53811126789774754720 0.00000000401769117475 0.29982634956761144984 
0.00000000099999999999 0.00000000099999999999 0.00000000099999999999 0.00000000099999999999 0.00000000099999999999 0.99999999300000008695 0.00000000099999999999 0.00000000099999999999 
0.01611434304909205306 0.00000000100000000000 0.00787146405709999997 0.03423325388418509141 0.04215317987251013254 0.35938663477878490804 0.03718840008704968336 0.50305272327127814602 
0.01149304231311979937 0.00092639810705857592 0.00566430477740922922 0.00000000100000000000 0.00000000100000000000 0.42243975251252102732 0.00048630809071714990 0.55899019219917411849 
0.00000000099999999998 0.00000000099999999998 0.00000000099999999998 0.00000000099999999998 0.00000000099999999998 0.00000000099999999998 0.00000000099999999998 0.99999999299999997593 
0.02789524585559334524 0.01182188577283126152 0.01986510525226387741 0.04510466010473384441 0.07261232196906114433 0.49596622141061741385 0.00898243888373258768 0.31775212075116660015 
0.05786520379905337602 0.00000009318260964388 0.00004699291471665679 0.04896038841414648846 0.03539122700212157802 0.53742826003727961481 0.00008409784303743174 0.32022373680703514198 
0.04571804776470032167 0.00000000100000000000 0.00715241961967989261 0.00544761110299989224 0.00000000100000000000 0.53109724650019562997 0.05000176348082464167 0.36058290953159960468 
0.00000000100000000000 0.00000000100000000000 0.00000000100000000000 0.00117478800492107371 0.21804978322636034416 0.38584561805590228412 0.06747109121314592839 0.32745871649967023265 
0.34347897952621514461 0.00000000100000000000 0.06558545541554865188 0.00000000100000000000 0.04212608325280919191 0.09278471145061904790 0.00000000100000000000 0.45602476735480795833 
0.00000000099999999998 0.00000000099999999998 0.00000000099999999998 0.00000000099999999998 0.00000000099999999998 0.00000000099999999998 0.00000000099999999998 0.99999999299999997593 
0.00000000100000000000 0.00000002582863400364 0.00000000100000000000 0.00455669773718175592 0.00000000100000000000 0.21117540693104586147 0.03721336618642784311 0.74705450031671050137 
0.07826420640758929848 0.03541595438222688158 0.03107912212766670082 0.00000000100000000000 0.00045228353820451388 0.48051293737408939943 0.00000004581607040305 0.37427544935415302252 
0.00000000100000000000 0.03194115915428678149 0.01272726354917744045 0.00000000100000000000 0.08687710821064439926 0.52078846341031270750 0.00000000100000000000 0.34766600267557873361 
0.04950655258470788855 0.00278855876000296248 0.02948719684963388085 0.02329577184781483901 0.00999941909852066976 0.45965689025825529068 0.00000000100000000000 0.42526560960106463138 
0.00000000100000000000 0.00000000100000000000 0.00000000100000000000 0.09722386160267193489 0.00000000100000000000 0.19263512570132887425 0.01782731328637842533 0.69231369540962073295 
0.00000000099999999997 0.00000000099999999997 0.00000000099999999997 0.00000000099999999997 0.00000000099999999997 0.99999999300000008695 0.00000000099999999997 0.00000000099999999997 
0.04915638832204773795 0.00149018043209099430 0.01573043346183379543 0.00000000100000000000 0.02360057477506103882 0.54587676108026395028 0.00869793419059438841 0.35544772673810820507 
0.30140685296188440834 0.00000000099999999998 0.00416608267323356329 0.00000000099999999998 0.14750360225845554618 0.54692345810642650772 0.00000000099999999998 0.00000000099999999998 
0.04644080901072390050 0.00000000100000000000 0.03039849895241831385 0.07299791000905118954 0.05354263773395084164 0.58403184612932557140 0.00028384680720845647 0.21230445035732173342 
0.05517584840752673414 0.00000000100000000000 0.00000030827473179977 0.02869602076953631578 0.00895063797429033331 0.37157815408313776828 0.01093625169482999836 0.52466277779594716613 
0.00000000100000000000 0.04818250731742097781 0.06164686439440917459 0.00000000100000000000 0.00000000100000000000 0.89017062328816987105 0.00000000100000000000 0.00000000100000000000 
0.04930840894794685098 0.00000000490020422340 0.00029438732342310504 0.08535464043873365603 0.08867519078024370394 0.42983706075951838566 0.00004837948812956888 0.34648192736180050133 
0.03720726008536290319 0.00000000106420715864 0.00009102490961100692 0.00000121555267865811 0.00000000100000000000 0.37702864850569350885 0.00000001681192356402 0.58567183207052320171 
0.00000000099999999998 0.00000000099999999998 0.00000000099999999998 0.00000000099999999998 0.00000000099999999998 0.00000000099999999998 0.00000000099999999998 0.99999999300000008695 
0.05055111920589808877 0.00886540331436891024 0.02362680171895572417 0.01887108600786065182 0.09169666466360368307 0.55745844630593122115 0.00000000100000000000 0.24893047778338178722 
0.00163172522808986090 0.00000001075592963255 0.00054702590973618518 0.00012104730805142781 0.04414544431649770895 0.37723526201065238350 0.00000011629303895675 0.57631936817800377693 
0.05441557771427683182 0.04205538887030935147 0.00001335415803353319 0.00000000100000000000 0.10560968762591642356 0.44793776050635297770 0.00000000100000000000 0.34996822912511099668 
0.01124114643828573977 0.00042607468954720989 0.00659947598028041028 0.00687720252108085361 0.03509290567400878691 0.35284088154127901671 0.01141802788025505708 0.57550428527526287237 
0.00000000100000000000 0.00000000100000000000 0.00054798304839788784 0.00000000100000000000 0.00000000100000000000 0.17347769324679934710 0.00000000100000000000 0.82597431870480286786 
0.06411666736441706815 0.00743053411891490129 0.01971126573890099806 0.05686537938618478616 0.03544582381219258532 0.43536814158931641527 0.00000000100000000000 0.38106218699007327055 
0.00000000099999999999 0.00000000099999999999 0.00000000099999999999 0.00000000099999999999 0.00000000099999999999 0.00000000099999999999 0.00000000099999999999 0.99999999299999997593 
0.00986640987004512582 0.02092792470546689029 0.04271114420295254316 0.00379758973788477594 0.02865084385206441431 0.58678653991728613182 0.00184534918977253648 0.30541419852452755812 
0.02394482810803847880 0.00000000100000000000 0.06058254681130948588 0.06753483764031430192 0.00000000100000000000 0.49726845519516582605 0.02353991105087613334 0.32712941919429583404 
0.06295804187194493917 0.00000000100000000000 0.03097452178545181609 0.00000000100000000000 0.67805888287961979533 0.22800854908795159526 0.00000000137503183645 0.00000000100000000000 
0.00000000099999999999 0.00000000099999999999 0.00000000099999999999 0.00000000099999999999 0.99999999299999997593 0.00000000099999999999 0.00000000099999999999 0.00000000099999999999 
0.11067593952634599552 0.00000000100000000000 0.01803159421113410821 0.00000827828076327036 0.67764062231084820631 0.17328815376338396748 0.02035540990752419607 0.00000000100000000000 
0.00000000099999999997 0.00000000099999999997 0.00000000099999999997 0.00000000099999999997 0.99999999299999997593 0.00000000099999999997 0.00000000099999999997 0.00000000099999999997 
0.07014944483505000661 0.00000000100000000000 0.07108337954084634203 0.00046811968976129243 0.67332151373032078645 0.14160665493045118679 0.04337001767242779082 0.00000086860114269713 
0.00000000099999999998 0.00000000099999999998 0.00000000099999999998 0.00000000099999999998 0.99999999299999997593 0.00000000099999999998 0.00000000099999999998 0.00000000099999999998 
0.00000000099999999999 0.00000000099999999999 0.00000000099999999999 0.00000000099999999999 0.99999999300000008695 0.00000000099999999999 0.00000000099999999999 0.00000000099999999999 
0.00000000099999999998 0.00000000099999999998 0.00000000099999999998 0.00000000099999999998 0.99999999300000008695 0.00000000099999999998 0.00000000099999999998 0.00000000099999999998 
0.00000000099999999999 0.00000000099999999999 0.00000000099999999999 0.00000000099999999999 0.99999999299999997593 0.00000000099999999999 0.00000000099999999999 0.00000000099999999999 
0.00000000099999999998 0.00000000099999999998 0.00000000099999999998 0.00000000099999999998 0.99999999300000008695 0.00000000099999999998 0.00000000099999999998 0.00000000099999999998 
0.08189782631501214827 0.00000000100000000000 0.03770933639742384685 0.00000000100000000000 0.75619767733672416110 0.12315903911800976656 0.00103611783282987974 0.00000000100000000000 
0.00000000099999999999 0.00000000099999999999 0.00000313605501141586 0.00000000099999999999 0.99999685794498860414 0.00000000099999999999 0.00000000099999999999 0.00000000099999999999 
0.00000000099999999998 0.00000000099999999998 0.00000000099999999998 0.00000000099999999998 0.99999999299999997593 0.00000000099999999998 0.00000000099999999998 0.00000000099999999998 
0.00000000104476119765 0.00000000099999999998 0.00000000099999999998 0.00000000099999999998 0.99999999295523878118 0.00000000099999999998 0.00000000099999999998 0.00000000099999999998 
0.00000000099999999998 0.00000000099999999998 0.00000000099999999998 0.00000000099999999998 0.99999999299999997593 0.00000000099999999998 0.00000000099999999998 0.00000000099999999998 
0.00000000099999999998 0.00000000099999999998 0.00000000099999999998 0.00000000099999999998 0.99999999299999997593 0.00000000099999999998 0.00000000099999999998 0.00000000099999999998 
0.08872982644665225460 0.00015018022447740509 0.02686750412496510809 0.01994906942343773262 0.75150687743430022447 0.11259315720646741188 0.00020338413969988407 0.00000000100000000000 
0.08845287359693049245 0.00000000099999999999 0.00000000099999999999 0.00000000099999999999 0.91154712040306951071 0.00000000099999999999 0.00000000099999999999 0.00000000099999999999 
0.00000000099999999998 0.00000000099999999998 0.00013163397648113145 0.00000000099999999998 0.99986836002351886510 0.00000000099999999998 0.00000000099999999998 0.00000000099999999998 
0.11702182015469590748 0.00000008345936723485 0.00829860573845722128 0.11924640476084578944 0.41027846525770467201 0.07058107297415701364 0.03780367684021104097 0.23676987081456116191 
0.00000000099999999999 0.00000000099999999999 0.00000000099999999999 0.00000000099999999999 0.99999999299999997593 0.00000000099999999999 0.00000000099999999999 0.00000000099999999999 
0.00000000099999999997 0.00000000099999999997 0.00000000099999999997 0.00000000099999999997 0.99999999300000008695 0.00000000099999999997 0.00000000099999999997 0.00000000099999999997 
0.00000000099999999999 0.00000000099999999999 0.00000000099999999999 0.00000000099999999999 0.99999999299999997593 0.00000000099999999999 0.00000000099999999999 0.00000000099999999999 
0.00000000099999999999 0.00012581924619663683 0.00000000099999999999 0.00000000099999999999 0.99987412667626385243 0.00000000099999999999 0.00000004907753944711 0.00000000099999999999 
0.00000000099999999998 0.00000000099999999998 0.00000000099999999998 0.00000000099999999998 0.99999999299999997593 0.00000000099999999998 0.00000000099999999998 0.00000000099999999998 
0.00000000099999999998 0.00000000099999999998 0.00000000099999999998 0.00000000099999999998 0.99999999299999997593 0.00000000099999999998 0.00000000099999999998 0.00000000099999999998 
0.00000000099999999998 0.00000000099999999998 0.00000000099999999998 0.00000000099999999998 0.99999999299999997593 0.00000000099999999998 0.00000000099999999998 0.00000000099999999998 
0.00000000099999999999 0.00000000099999999999 0.00000000099999999999 0.00000000099999999999 0.99999999299999997593 0.00000000099999999999 0.00000000099999999999 0.00000000099999999999 
0.00000000099999999997 0.00000000099999999997 0.00000000099999999997 0.00000000099999999997 0.99999999299999997593 0.00000000099999999997 0.00000000099999999997 0.00000000099999999997 
0.07584569575947416875 0.00000000100000000000 0.04454593626226525938 0.00170812512732898092 0.66687736923723550664 0.10707413796652341664 0.00171895669463364292 0.10222977795253895827 
0.00000000099999999999 0.00000000099999999999 0.00000000099999999999 0.00000000099999999999 0.99999999300000008695 0.00000000099999999999 0.00000000099999999999 0.00000000099999999999 
0.00000000099999999996 0.00000000099999999996 0.86319546053127693686 0.00000000099999999996 0.13680453346872312181 0.00000000099999999996 0.00000000099999999996 0.00000000099999999996 
0.00000000099999999995 0.00000000099999999995 0.99999999300000008695 0.00000000099999999995 0.00000000099999999995 0.00000000099999999995 0.00000000099999999995 0.00000000099999999995 
0.00000000099999999995 0.00000000099999999995 0.99999999299999997593 0.00000000099999999995 0.00000000099999999995 0.00000000099999999995 0.00000000099999999995 0.00000000099999999995 
0.00000000099999999995 0.00000000099999999995 0.99999999299999997593 0.00000000099999999995 0.00000000099999999995 0.00000000099999999995 0.00000000099999999995 0.00000000099999999995 
0.00000000099999999994 0.00000000099999999994 0.99999999299999997593 0.00000000099999999994 0.00000000099999999994 0.00000000099999999994 0.00000000099999999994 0.00000000099999999994 
0.00000000099999999993 0.00000000099999999993 0.99999999300000008695 0.00000000099999999993 0.00000000099999999993 0.00000000099999999993 0.00000000099999999993 0.00000000099999999993 
0.00000000099999999994 0.00000000099999999994 0.99999999300000008695 0.00000000099999999994 0.00000000099999999994 0.00000000099999999994 0.00000000099999999994 0.00000000099999999994 
0.00000000099999999995 0.00000000099999999995 0.99999999299999997593 0.00000000099999999995 0.00000000099999999995 0.00000000099999999995 0.00000000099999999995 0.00000000099999999995 
0.00000000099999999993 0.00000000099999999993 0.99999999300000008695 0.00000000099999999993 0.00000000099999999993 0.00000000099999999993 0.00000000099999999993 0.00000000099999999993 
0.00000000099999999993 0.00000000099999999993 0.99999999299999997593 0.00000000099999999993 0.00000000099999999993 0.00000000099999999993 0.00000000099999999993 0.00000000099999999993 
0.00000000099999999994 0.00000000099999999994 0.99999999300000008695 0.00000000099999999994 0.00000000099999999994 0.00000000099999999994 0.00000000099999999994 0.00000000099999999994 
0.00000000099999999995 0.00000000099999999995 0.99999999299999997593 0.00000000099999999995 0.00000000099999999995 0.00000000099999999995 0.00000000099999999995 0.00000000099999999995 
0.62297747150210935896 0.00000000099999999999 0.37702252249789075522 0.00000000099999999999 0.00000000099999999999 0.00000000099999999999 0.00000000099999999999 0.00000000099999999999 
0.00000000099999999993 0.00000000099999999993 0.99999999299999997593 0.00000000099999999993 0.00000000099999999993 0.00000000099999999993 0.00000000099999999993 0.00000000099999999993 
0.00000000099999999994 0.00000000099999999994 0.99999999299999997593 0.00000000099999999994 0.00000000099999999994 0.00000000099999999994 0.00000000099999999994 0.00000000099999999994 
0.00000000099999999994 0.00000000099999999994 0.99999999299999997593 0.00000000099999999994 0.00000000099999999994 0.00000000099999999994 0.00000000099999999994 0.00000000099999999994 
0.00000000099999999996 0.00000000099999999996 0.99999999300000008695 0.00000000099999999996 0.00000000099999999996 0.00000000099999999996 0.00000000099999999996 0.00000000099999999996 
0.00000000099999999994 0.00000000099999999994 0.99999999300000008695 0.00000000099999999994 0.00000000099999999994 0.00000000099999999994 0.00000000099999999994 0.00000000099999999994 
0.00000000099999999993 0.00000000099999999993 0.99999999300000008695 0.00000000099999999993 0.00000000099999999993 0.00000000099999999993 0.00000000099999999993 0.00000000099999999993 
0.00000000099999999994 0.00000000099999999994 0.99999999299999997593 0.00000000099999999994 0.00000000099999999994 0.00000000099999999994 0.00000000099999999994 0.00000000099999999994 
0.45308405081285280103 0.00000000099999999999 0.54691594318714720213 0.00000000099999999999 0.00000000099999999999 0.00000000099999999999 0.00000000099999999999 0.00000000099999999999 
0.00000000099999999994 0.00000000099999999994 0.99999999300000008695 0.00000000099999999994 0.00000000099999999994 0.00000000099999999994 0.00000000099999999994 0.00000000099999999994 
0.40367787934702065167 0.00000000099999999999 0.59632211465297935149 0.00000000099999999999 0.00000000099999999999 0.00000000099999999999 0.00000000099999999999 0.00000000099999999999 
0.00000000099999999994 0.00000000099999999994 0.99999999299999997593 0.00000000099999999994 0.00000000099999999994 0.00000000099999999994 0.00000000099999999994 0.00000000099999999994 
0.00000000099999999995 0.00000000099999999995 0.99999999300000008695 0.00000000099999999995 0.00000000099999999995 0.00000000099999999995 0.00000000099999999995 0.00000000099999999995 
0.00000000099999999992 0.00000000099999999992 0.99999999300000008695 0.00000000099999999992 0.00000000099999999992 0.00000000099999999992 0.00000000099999999992 0.00000000099999999992 
0.00000000100000000000 0.30737060406677119140 0.00000000100000000000 0.12189342127856252207 0.01350369051339219903 0.02986777493036957623 0.52736450621090436020 0.00000000100000000000 
0.00000000099999999999 0.00000000099999999999 0.00000000099999999999 0.99999999300000008695 0.00000000099999999999 0.00000000099999999999 0.00000000099999999999 0.00000000099999999999 
0.00000000099999999999 0.00000000099999999999 0.00000000099999999999 0.94543006397404516505 0.00000000099999999999 0.00000000099999999999 0.05456993002595488668 0.00000000099999999999 
0.00000000099999999999 0.27162473682853444101 0.00000000099999999999 0.00004727907765497644 0.00000000099999999999 0.00000000099999999999 0.72832797909381052914 0.00000000099999999999 
0.00000000099999999999 0.01920185793614223937 0.00000000099999999999 0.98079813606385790603 0.00000000099999999999 0.00000000099999999999 0.00000000099999999999 0.00000000099999999999 
0.00000000099999999999 0.01056948280968073896 0.00000000099999999999 0.98859556119248526151 0.00000000099999999999 0.00007063681249770417 0.00076431518533623248 0.00000000099999999999 
0.00000000099999999999 0.00000000099999999999 0.00000000099999999999 0.99943860672752071750 0.00000000099999999999 0.00000000099999999999 0.00056138727247926744 0.00000000099999999999 
0.00000000099999999999 0.06241002015469877123 0.00000000099999999999 0.86103230170030053969 0.00000000099999999999 0.00000000099999999999 0.00000000099999999999 0.07655767314500085130 
0.00000000099999999999 0.00000000099999999999 0.00000000099999999999 0.99999999300000008695 0.00000000099999999999 0.00000000099999999999 0.00000000099999999999 0.00000000099999999999 
0.00002760892497137312 0.00000000100000000000 0.00000000100000000000 0.99997212624205056297 0.00000000100000000000 0.00000000100000000000 0.00000025983297808903 0.00000000100000000000 
0.00000000100000000000 0.05363748398824577657 0.00000000100000000000 0.94188677261421227538 0.00000000100000000000 0.00032869249935479553 0.00414704689818711815 0.00000000100000000000 
0.00000000100000000000 0.00000000100000000000 0.00000000100000000000 0.93189282318934474336 0.00000000100000000000 0.00000000100000000000 0.06667026753963412045 0.00143690427102117829 
0.00000000100000000000 0.09711345870950130466 0.00000000100000000000 0.29973601369542474115 0.00518644967208075659 0.04319698170070971482 0.53277234498646819372 0.02199474923581523980 
0.00428266104553216061 0.00000000100000000000 0.00000000100000000000 0.52884578312845620385 0.04424897328316612644 0.01288945516782695998 0.07806993729102858215 0.33166318808399003482 
0.00000000099999999999 0.05687398658040308808 0.00000000099999999999 0.94312600741959706774 0.00000000099999999999 0.00000000099999999999 0.00000000099999999999 0.00000000099999999999 
0.00000000099999999999 0.06262621523855285699 0.00000000099999999999 0.93725791898740629104 0.00000000099999999999 0.00000000099999999999 0.00011586077404096470 0.00000000099999999999 
0.00000000100000000000 0.04012331453600500447 0.01660049442999673996 0.94327579476214751253 0.00000000100000000000 0.00000000100000000000 0.00000006076453304320 0.00000033250731760915 
0.00000000100000000000 0.00000004788206932977 0.00000000100000000000 0.83947653442636360754 0.03223323993686728894 0.00000000100000000000 0.09527949715426979604 0.03301067760042986771 
0.00000000099999999990 0.99999999300000019797 0.00000000099999999990 0.00000000099999999990 0.00000000099999999990 0.00000000099999999990 0.00000000099999999990 0.00000000099999999990 
0.00000000100000000000 0.04773511176614098073 0.00000000100000000000 0.86060503259565257483 0.00000000100000000000 0.03050511948769663376 0.06115470231792952821 0.00000003083258032422 
0.00000000100000000000 0.22199957984390270016 0.00128017161409653565 0.00000000198767259541 0.00000000100000000000 0.03159409953940636728 0.74512610135892654029 0.00000004365599518493 
0.00000000100000000000 0.25733719573560598359 0.01203377402496514509 0.06561797446898227915 0.00002363614229874122 0.00006974770599206415 0.59216354190907372068 0.07275412901308188351 
0.00000000099999999999 0.01760986043550555671 0.00000000099999999999 0.98239013356449444991 0.00000000099999999999 0.00000000099999999999 0.00000000099999999999 0.00000000099999999999 
0.00000000099999999999 0.01367031310350662332 0.00000000099999999999 0.98632966782835018726 0.00000000099999999999 0.00000000099999999999 0.00000001406814314410 0.00000000099999999999 
0.00000000100000000000 0.20002375424924498382 0.00228822221632165625 0.06047378489138286600 0.01485731219759774818 0.00000000100000000000 0.71842181104437607964 0.00393511340107667498 
0.00000000099999999999 0.01924475025960995997 0.00000000099999999999 0.98073989114156134850 0.00000000099999999999 0.00000000099999999999 0.00001535359882888480 0.00000000099999999999 
0.01386792269220595182 0.00000084117749769892 0.00000000099999999999 0.98613123113029632627 0.00000000099999999999 0.00000000099999999999 0.00000000099999999999 0.00000000099999999999 
0.00000000099999999999 0.25714706085770727695 0.00000000099999999999 0.03193874161722309868 0.00000000099999999999 0.00000000099999999999 0.70321588228508968843 0.00769831123997976978 
0.00000000099999999999 0.00000000099999999999 0.00000000099999999999 0.99713797817016258662 0.00000000099999999999 0.00000000099999999999 0.00286201582983757179 0.00000000099999999999 
0.00000000099999999998 0.02496703698637512889 0.00000000099999999998 0.97503295701362502346 0.00000000099999999998 0.00000000099999999998 0.00000000099999999998 0.00000000099999999998 
0.00000000099999999998 0.00000000099999999998 0.00000000099999999998 0.00000000099999999998 0.00000000099999999998 0.00000000099999999998 0.99999999299999997593 0.00000000099999999998 
0.00000000099999999999 0.01871363256010883519 0.00000000099999999999 0.93655665498860196649 0.00000000099999999999 0.00000000099999999999 0.00000001089417557220 0.04472969755711368040 
0.00000000099999999999 0.28070164016188337008 0.00000000099999999999 0.07130435373548041356 0.00000000099999999999 0.00000000099999999999 0.64799400110263616348 0.00000000099999999999 
0.00000000099999999998 0.00000000099999999998 0.00000000099999999998 0.00000000099999999998 0.00000000099999999998 0.00000000099999999998 0.99999999299999986491 0.00000000099999999998 
0.00000000100000000000 0.32629893475287319315 0.00000000100000000000 0.07180165450886849543 0.00000000100000000000 0.00040033312038145584 0.57409562709628325639 0.02740344752159339786 
0.00000000099999999999 0.22851274135058305403 0.00000000099999999999 0.00000000099999999999 0.00000000099999999999 0.00000000099999999999 0.77148716794156324550 0.00000008570785362851 
0.00000000099999999998 0.03308445058011068307 0.00000000099999999998 0.96691554341988927845 0.00000000099999999998 0.00000000099999999998 0.00000000099999999998 0.00000000099999999998 
0.00000025390963108371 0.00000000099999999999 0.00000000099999999999 0.96827382115386029238 0.00000000099999999999 0.03172591993650868136 0.00000000099999999999 0.00000000099999999999 
0.00000000099999999999 0.00000000099999999999 0.00000000099999999999 0.83997863180542908790 0.00000000099999999999 0.01490838911959593317 0.14511297407497483758 0.00000000099999999999 
0.00000000100000000000 0.00000000437697061052 0.00929102348633974520 0.80303624542572626943 0.00000000100000000000 0.00000000106594237527 0.10612210811386581233 0.08155061553115536266 
0.00000000099999999999 0.00000000099999999999 0.00000000099999999999 0.84546211342982113823 0.00000000099999999999 0.00000000099999999999 0.15453787864222387483 0.00000000292795505999 
0.03971669734867847718 0.21433800750242365529 0.00000000100000000000 0.15217663672770112560 0.01085249315937789755 0.01551584046405071748 0.56740032279776808632 0.00000000100000000000 
0.00008799920876310261 0.02107685599912358446 0.00000000100000000000 0.95816034305212305355 0.02067479773999033113 0.00000000100000000000 0.00000000100000000000 0.00000000100000000000 
0.00000000100000000000 0.07140992714618919768 0.00000000100000000000 0.91865411302049482245 0.00935279377294190133 0.00000000100000000000 0.00058316206037405409 0.00000000100000000000 
0.00000000099999999998 0.00804976482745153009 0.00000000099999999998 0.99195022917254849215 0.00000000099999999998 0.00000000099999999998 0.00000000099999999998 0.00000000099999999998 
0.00000000099999999999 0.19021042064369489411 0.00000000099999999999 0.48182301160718532529 0.03396758100299148569 0.00000000099999999999 0.25314904599030890742 0.04084993775581945846 
0.00662179233899272413 0.14941449858681629670 0.00465789975774791396 0.32783983706471991892 0.00857270315099070181 0.00000000100000000000 0.50289018444151611931 0.00000308365921629191 
0.00000000099999999999 0.00474181961763146028 0.00000000099999999999 0.90082650602751168645 0.00000000099999999999 0.00000008674803356949 0.09311770894377134622 0.00131387566305197763 
0.00000000100000000000 0.03348632061283376288 0.00000119514565801135 0.96651247924150829327 0.00000000100000000000 0.00000000100000000000 0.00000000100000000000 0.00000000100000000000 
0.00000000099999999999 0.24257528816238244085 0.00000000099999999999 0.26317268664962689684 0.00000000099999999999 0.00000000099999999999 0.49425202018799063719 0.00000000099999999999 
0.00000000099999999998 0.00000000099999999998 0.00000000099999999998 0.00000000099999999998 0.00000000099999999998 0.00000000099999999998 0.99999999299999986491 0.00000000099999999998 
0.00000000100000000000 0.19217311175889975616 0.00000000100000000000 0.22734517205525761607 0.01122811442765299372 0.00000000100000000000 0.53743240854296425724 0.03182119021522539226 
0.00000000099999999999 0.02599756888974284405 0.00000000099999999999 0.97400242511025714176 0.00000000099999999999 0.00000000099999999999 0.00000000099999999999 0.00000000099999999999 
0.00000000099999999999 0.00000000099999999999 0.00000000099999999999 0.88282229938285883275 0.00000000099999999999 0.00000000099999999999 0.11717769461714112877 0.00000000099999999999 
0.00000000099999999999 0.01200786461737030769 0.00000000099999999999 0.77411172401157557488 0.03012068549932246306 0.00000000099999999999 0.10993026778290014567 0.07382945508883147212 
0.00000000100000000000 0.24009340211121124598 0.00000000100000000000 0.12110351097925887986 0.00000000100000000000 0.00000000100000000000 0.63880306239346584807 0.00000002051606387754 
0.00000000100000000000 0.22680397126475848602 0.01009304505494180125 0.12308392380194425886 0.00000000100000000000 0.00000000100000000000 0.64001905587835528078 0.00000000100000000000 
0.00000000100000000000 0.05013609321374892791 0.00000000100000000000 0.92525990524027257322 0.02460397850079748192 0.00000000100000000000 0.00000001904518090900 0.00000000100000000000 
0.00000000099999999999 0.00000000099999999999 0.00000000099999999999 0.99999999299999997593 0.00000000099999999999 0.00000000099999999999 0.00000000099999999999 0.00000000099999999999 
0.00000000099999999999 0.00000000099999999999 0.00000000099999999999 0.99999999299999997593 0.00000000099999999999 0.00000000099999999999 0.00000000099999999999 0.00000000099999999999 
0.00000000099999999999 0.00000000099999999999 0.00000000099999999999 0.99999997200583568002 0.00000000099999999999 0.00000000099999999999 0.00000000099999999999 0.00000002199416443326 
0.00000000099999999999 0.05371101842043241731 0.00000000099999999999 0.94613947289425637255 0.00000000099999999999 0.00000000099999999999 0.00014950368531124701 0.00000000099999999999 
0.00000000100000000000 0.00769558772707828933 0.00000000100000000000 0.85591900052628244744 0.00058693694889058615 0.00000000100000000000 0.07027734761642091821 0.06552112418132788330 
