0.05031811399173485855 0.03523845310364086270 0.03533169483335809463 0.02662224816096304611 0.09211040275925538867 0.70685740949558184543 0.05352167665546574832 0.00000000100000000000 
0.00000000099999999998 0.00000000099999999998 0.00000000099999999998 0.00000000099999999998 0.00000000099999999998 0.99074290669018272304 0.00925708730981723155 0.00000000099999999998 
0.00000000100000000000 0.00000000100000000000 0.03243384957550272951 0.00000013556817467888 0.04294845641310963275 0.81857840098775425108 0.00000000100000000000 0.10603915445545862573 
0.00000000100000000000 0.01017200104575615403 0.15435433610891666212 0.04579289765641005733 0.00000001343713520578 0.73130690082591687240 0.00197424167191943226 0.05639960825394568084 
0.09788727609414858699 0.01728419361974774596 0.00111727658661596495 0.05700798027427073783 0.07595542159378974867 0.72764292453779866321 0.02310281655404998122 0.00000211073957851007 
0.00000000100000000000 0.00000000100000000000 0.20113439668501736923 0.01885246817858218446 0.00000000100000000000 0.77998422731577488065 0.00000000100000000000 0.00002890382062563746 
0.09221601595194452161 0.01372762169269182118 0.00000000122280196178 0.00000025980395880172 0.23665044164413817640 0.65740565768446479478 0.00000000100000000000 0.00000000100000000000 
0.02910130164656979032 0.02382279395704657229 0.01252101427901492099 0.00000000100000000000 0.08298759890843997178 0.78763233003127686160 0.00258040059446576269 0.06135455958318598163 
0.12643236495085352633 0.05408361736768247524 0.00000000100000000000 0.00000001874356332988 0.08252107319324487877 0.70956977674234134046 0.00005032507942047083 0.02734282292289401048 
0.00000019164239938124 0.06800225372460420858 0.00000000100000000000 0.04196747447599719072 0.11528570762516221482 0.73260027226773316578 0.04214409826410388943 0.00000000100000000000 
0.14685413545549511061 0.02208046489319009931 0.00000000100000000000 0.01246133709136432698 0.01711897169370464947 0.68676821826249256908 0.04459905930447427558 0.07011781229927903369 
0.09150460118561128120 0.00430579055806004207 0.00000000100000000000 0.00526788576845439119 0.06879793359789034002 0.80173645124140868745 0.02838733564857514810 0.00000000100000000000 
0.07023557091855170409 0.00000000100000000000 0.02602174560984663737 0.00000000100000000000 0.00000000100000000000 0.78031990684005425596 0.01082132050333309975 0.11260145312821423502 
0.00000000100000000000 0.00000000100000000000 0.00000000100000000000 0.00659681518867042370 0.23856594935884867237 0.75483723045248085626 0.00000000100000000000 0.00000000100000000000 
0.00781334899775955848 0.00566776953192148821 0.00000000100000000000 0.01229661462935550433 0.16217282346647229896 0.75026385981765042477 0.04987755252301289549 0.01190803003382789362 
0.15059528103086633477 0.00000000100000000000 0.00000000370322239168 0.00000000100000000000 0.06046613814672858328 0.70665998355533898856 0.00000097499053398170 0.08227761657330964762 
0.09141481483866473190 0.04681706218890048510 0.00000000100000000000 0.00000288127940985482 0.00000000100000000000 0.78309722948241400342 0.00250584894601676511 0.07616216126459404712 
0.13016505176956139067 0.00000000100000000000 0.12690928301578463522 0.01671813192558723946 0.00000000100000000000 0.69736102732241056490 0.02884650296665626154 0.00000000100000000000 
0.08539054250595001783 0.00000003430577839035 0.06644909703358145570 0.03759811324210585864 0.00000000100000000000 0.71774547551157918956 0.09281673540100511544 0.00000000100000000000 
0.16550511563000894211 0.01367348865726029580 0.00000000100000000000 0.00000056508221093188 0.03850571668027805844 0.69640487487502211739 0.05049519826417211976 0.03541503981104759252 
0.00160315350241442816 0.00000000100000000000 0.03150200559381739762 0.05507349936151322012 0.06584363092131123585 0.75785985625825735834 0.08675640089262244559 0.00136145247006382139 
0.07893907496539928625 0.00000000100000000000 0.00000000100000000000 0.02621051250573411956 0.00000000100000000000 0.78774298493475225502 0.06384436554824279852 0.04326305904587146589 
0.10610814063690979236 0.01409769778091103827 0.06835357858268138742 0.00159522047903646225 0.00023198495644990457 0.72106789424831618796 0.03323027146202655463 0.05531521185366870819 
0.10798215603068067603 0.00000000099999999999 0.08447900107423696181 0.00000553717441100131 0.00000000099999999999 0.80753330172067128156 0.00000000099999999999 0.00000000099999999999 
0.12476022412080081669 0.00000000100000000000 0.08019420029062200583 0.03538323811014906783 0.04323946263925083910 0.69579143898923434541 0.02063143384994285678 0.00000000100000000000 
0.11094271376467272627 0.03222485348126885585 0.08967430964288948536 0.00000000100000000000 0.00265356644145145742 0.76351904752688037892 0.00008499231972969562 0.00090051582310751938 
0.14102302706242048069 0.00001031107197340953 0.04326877505708208449 0.00000000100000000000 0.08772704709223866359 0.68262694141014901295 0.02098261191369412901 0.02436128539244225913 
0.04807565174175368328 0.04321218630963861995 0.06669387604367375821 0.00000000100000000000 0.00000000100000000000 0.72477909528276929230 0.04540520771488834595 0.07183398090727627361 
0.05808904822678245816 0.00000000100000000000 0.00000000100000000000 0.00006366590714937237 0.07441169556109041017 0.72908787400437535808 0.07543971207896396636 0.06290800222163848987 
0.09763611830909656175 0.00000530522791426356 0.00000000100000000000 0.00160563920913180764 0.05275755650401400820 0.76245750727199801400 0.04177840658730933021 0.04375946589053593405 
0.06696675949795537208 0.00709062312817803925 0.00000000100000000000 0.00000243938174141282 0.07947744817030666376 0.72326236222952189348 0.03081458663502114476 0.09238577995727538517 
0.14790727870794406762 0.00000000099999999999 0.00000578978026506248 0.01448233749823541264 0.13999650463106622089 0.69545961470043193842 0.00000000099999999999 0.00214847268205740341 
0.15872672530153439374 0.01352190987884724707 0.00000225522063902685 0.02406187559556109690 0.03043827282133250781 0.66817445297345812172 0.02532101184502777436 0.07975349636359985173 
0.07109121573419829865 0.00000631283432351302 0.00000000100000000000 0.00000000100000000000 0.07383042180442685176 0.85507185914471761645 0.00000000100000000000 0.00000018748233380821 
0.00457294587132749206 0.04652652724162158193 0.16969406957010874093 0.02212836645448442233 0.00000000100000000000 0.75504182642781469958 0.00203624057847961049 0.00000002285616353508 
0.02435125185666672798 0.05710694044818368648 0.00000056642236324698 0.00787919585139961257 0.07393773422455188205 0.70168521328364330536 0.06434267417741110218 0.07069642373578054195 
0.00000000099999999998 0.00000000099999999998 0.00000000099999999998 0.00000000099999999998 0.00000000099999999998 0.99999999299999997593 0.00000000099999999998 0.00000000099999999998 
0.00214726160298156152 0.02554187080708552465 0.00000000100000000000 0.03457691375759631980 0.13102164992562703727 0.73821187124462939178 0.06111343967226726126 0.00738699198981280451 
0.00998176159161137146 0.02544538864353841634 0.00000000099999999999 0.00000000099999999999 0.12262638760010892425 0.84194645816474145139 0.00000000099999999999 0.00000000099999999999 
0.14946017141452658250 0.02910269239566906987 0.02813718660494341980 0.05071171811290013653 0.00000000100000000000 0.74199438565186504047 0.00059384382009559824 0.00000000100000000000 
0.07248352194052765096 0.00930436931671033314 0.06412436312268203487 0.02115352574798614813 0.00000000100000000000 0.78573290240061355316 0.04720131547148021661 0.00000000100000000000 
0.18579602663141911445 0.00000669321749742358 0.10439868372727871548 0.04747752611522272626 0.00000000100000000000 0.66232084751318587301 0.00000022079539606223 0.00000000100000000000 
0.00000000100000000000 0.04804244416279623842 0.01865727685734690569 0.00017965637155407366 0.09634494269578103287 0.79465407312300728737 0.04212160478951429421 0.00000000100000000000 
0.04558372620611860632 0.01626672813793651057 0.12591917882248354621 0.03585681425265211525 0.00000000100000000000 0.72055469738910826738 0.05581799544956486669 0.00000085874213611850 
0.07538882560580881242 0.01557211852881375778 0.14789516522584247871 0.00000002971889085243 0.00000000100000000000 0.73733802590097563545 0.02380583301966832446 0.00000000100000000000 
0.15105334971272019184 0.00079598075854747283 0.07416178097475982500 0.00000000100000000000 0.00000000100000000000 0.75635675005684099848 0.01763020847152995188 0.00000192802560168466 
0.10401305664321970623 0.00000000100000000000 0.00000001701011682400 0.00000000100000000000 0.14581543976649999350 0.69635923027072077485 0.05381225330944258006 0.00000000100000000000 
0.12563367377947731729 0.04068265042392540942 0.06136514209992140895 0.02657253131112413680 0.03944055864576307552 0.66844503060354931723 0.01386487213275615360 0.02399554100348316732 
0.06351786730244218804 0.00056836020755964348 0.00000000100000000000 0.00000000100000000000 0.21161140994224175715 0.65471475106665844024 0.06958757910647460354 0.00000003037462345533 
0.00000000099999999999 0.00000000099999999999 0.07578782328098566945 0.00124525725314468603 0.16907428539247873478 0.72319507242601777097 0.00000000099999999999 0.03069755864737316875 
0.13437403674654116448 0.00584728929785000365 0.02049987985550807620 0.05493796739174809651 0.06454166292287057127 0.70003408799525812523 0.01976327804287551088 0.00000179774734844980 
0.08269493510195152775 0.04289766049078959365 0.03496748753099616219 0.00000000100000000000 0.07741650881766141967 0.66814785733030213066 0.09387554872829918795 0.00000000100000000000 
0.00000007511591032679 0.05191288752590156319 0.10266980929706412407 0.04592440769940508982 0.00000000100000000000 0.77254786903807037834 0.02694494932364854475 0.00000000100000000000 
0.12936130276547203044 0.00969077920361101526 0.05530707874447730182 0.00000000100000000000 0.07138042514824334550 0.66876395214829464919 0.04550821015733209213 0.01998825083256955751 
0.00000000100000000000 0.00000549746244810435 0.00000007058417890753 0.00065817976258515881 0.18530535319078941803 0.73918316066464451186 0.00007249957155635584 0.07477523776379746412 
0.06147523856944074605 0.02731799930231361417 0.00000000100000000000 0.00347701330418002290 0.03719495364170220808 0.67240226734327479541 0.06380142786378201203 0.13433109897530665089 
0.09936685953610067956 0.07309836014504819679 0.00000000099999999999 0.00000000099999999999 0.00000000099999999999 0.52442794885303922747 0.30310682746581169011 0.00000000099999999999 
0.04559950450771255159 0.00000000100000000000 0.10123174340923377090 0.00000000100000000000 0.00000000100000000000 0.70949970971701370459 0.03152178697680734637 0.11214725238923271833 
0.12199747808507767355 0.00000000100000000000 0.00000099098374574470 0.03449581573158647108 0.07325315889031730476 0.72594725794864534141 0.03151202161006464580 0.01279327575056267777 
0.07858968666983896789 0.03755401227904039269 0.00000001761839915955 0.00000000100000000000 0.00000000100000000000 0.60423469224952230938 0.11936969646620725072 0.16025189271699194493 
0.15226873855797085078 0.01134155250102555738 0.05534302913613097646 0.00000000571116932275 0.05049248361401014601 0.63028788101040655878 0.04435564613410785534 0.05591066333517871745 
0.06847332737392361479 0.00000000100000000000 0.00000000100000000000 0.00000000100000000000 0.11492235519033078273 0.75065169345290028158 0.00000000100000000000 0.06595261998284533689 
0.09006930372862581580 0.05253727155973048762 0.00000000100000000000 0.00000000100000000000 0.18625450434972151692 0.67046910786921010139 0.00066980949271213969 0.00000000100000000000 
0.15948814664152580201 0.01938305567106286820 0.04518698131943905266 0.00000000100000000000 0.00001579543075404117 0.73797416260857262582 0.02254957298726910711 0.01540228434137651953 
0.06620566591718214655 0.00795874941850642850 0.06475953209272969358 0.00000000100000000000 0.07917762088003910126 0.68271125777235019960 0.01672201269350801281 0.08246516022568446680 
0.00033417500128030191 0.00427379479721458604 0.07866796503238303317 0.05914666004232801283 0.00250706542717465475 0.82424728890946341586 0.03082298569621230722 0.00000006509394364154 
0.04759982180668628771 0.00000000100000000000 0.21932148169829418505 0.01187636923246184265 0.04958347589152005408 0.67146664639366615557 0.00015220297737169794 0.00000000100000000000 
0.13193166924266280793 0.01761276924645088435 0.02888892911457789994 0.02735367634455850017 0.10256097889834533965 0.64075562475453340383 0.03661458848647108216 0.01428176391240013748 
0.09409485633447195463 0.00001293792733214291 0.06159560062220464927 0.00000000100000000000 0.07329170566741755044 0.68942352208330093255 0.06413018842948028930 0.01745118793579247471 
0.02761337457763157754 0.01003250333648041809 0.07876042867192403762 0.00000000100000000000 0.00297769298205908996 0.73668456717081487461 0.05820157971231418315 0.08572985254877582562 
0.25022426999045177531 0.00000000100000000000 0.16775953134435875325 0.00001056559460030668 0.00000000100000000000 0.55311249185079713886 0.00000000100000000000 0.02889313821979195770 
0.05442664192970255582 0.06491781492741779958 0.00000000100000000000 0.00000000100000000000 0.09524744490438333266 0.45932925983093203515 0.32607883540756421592 0.00000000100000000000 
0.00000000100000000000 0.00000000100000000000 0.00000000100000000000 0.04619373663772997907 0.23074971072719821508 0.72305643883965942109 0.00000000100000000000 0.00000010979541248027 
0.00000000100000000000 0.00000000100000000000 0.00571416240141660661 0.00823117402892142511 0.16700714195485549807 0.74471903407794970420 0.00000000100000000000 0.07432848453685668433 
0.06158254324760092241 0.02881229567480133452 0.04820950517962591109 0.07409515067160489521 0.00000000100000000000 0.70830519963251026283 0.07899530359385656397 0.00000000100000000000 
0.13777612300979519278 0.02025139922497235997 0.00050821000573126728 0.05899224107860530364 0.06946329934833370134 0.71300872263576808852 0.00000000100000000000 0.00000000369679399826 
0.06152674579247713327 0.03421166240431446764 0.00000073227976550694 0.01462173686133873100 0.14991905976108552134 0.69127454814490263413 0.04844525682951753009 0.00000025792659851427 
0.00000000100000000000 0.00000000100000000000 0.12912884058411955301 0.02143231964181648713 0.14868652621772046607 0.68924407759640660132 0.00000000100000000000 0.01150823295993698078 
0.00000016163557646732 0.00000031343628665511 0.00000000100000000000 0.00421472714732288797 0.13969701909679826946 0.85608777568401583924 0.00000000100000000000 0.00000000100000000000 
0.08586733593091139261 0.01560882339639376240 0.05559667722250095923 0.03807928301262916704 0.00000010018421243416 0.75515177469678451683 0.04969597771872293068 0.00000002783784485972 
0.26209309244321887800 0.01900937354410224198 0.00000000099999999999 0.00000000099999999999 0.00000000099999999999 0.40489241834249012353 0.31400511167018868575 0.00000000099999999999 
0.10842459485731821556 0.03612955925966579440 0.00030568201764152332 0.00000000100000000000 0.13441144989678890931 0.66614705265444440485 0.05457934915805988385 0.00000231115608127003 
0.03314123285683375636 0.00000002931401621775 0.17297123774850836631 0.00792593746132275005 0.00000000100000000000 0.71972454305774979932 0.05755077600078451622 0.00868624256078470020 
0.12113636937563553031 0.05114009099620706045 0.00692941849099170011 0.07645968240348181844 0.00027759067850972104 0.70482786393035257166 0.03922898312482159949 0.00000000100000000000 
0.13564095559690930726 0.00235874867941327036 0.07761733685830128626 0.01856477087928724845 0.10735120379689545855 0.60712820386569033015 0.05133877932350312118 0.00000000100000000000 
0.00000032846425458386 0.00892064492330119259 0.00000000100000000000 0.00582961588726464350 0.19325670293450700199 0.74899632252982850655 0.04299638326084395668 0.00000000100000000000 
0.00000000100000000000 0.00000000100000000000 0.00000000100000000000 0.00003047666006610143 0.25713005897642282616 0.74280035142409983617 0.00003910893941113785 0.00000000100000000000 
0.15653279603367778461 0.02147717095042322305 0.04618292260228664542 0.01655285388799644999 0.04189166973577317793 0.66113203820726673676 0.05623054758257598623 0.00000000100000000000 
0.06258506049238052316 0.00749757802401804577 0.15928548296705802301 0.01544481155893098409 0.00000082884965777999 0.75341535283056604300 0.00102627132233093759 0.00074461395505768635 
0.15380038995734018892 0.00000203229968441526 0.04629595216876894459 0.05190106018688871170 0.03857768859052750771 0.65257790601687548637 0.05684496977991478073 0.00000000100000000000 
0.05866681672948372006 0.00572173221954910480 0.00000000100000000000 0.02034082290758658373 0.15641822483026690538 0.70895898743458130031 0.01791665694148128138 0.03197675793705100772 
0.00000000100000000000 0.00033962182327608795 0.09970250798540085391 0.00631251435886274678 0.09767373291392772439 0.75537520767568966384 0.00000000100000000000 0.04059641324284288255 
0.06789134122477595568 0.02255315164697398872 0.18118601322860344860 0.00000000100000000000 0.00000000100000000000 0.65892944800925234983 0.06944004289039404365 0.00000000100000000000 
0.00000000100000000000 0.00000000100000000000 0.00000000100000000000 0.04480809848998369010 0.21810482370834893828 0.73708707280166751996 0.00000000100000000000 0.00000000100000000000 
0.09595281886300821572 0.04479402071403101870 0.00000017668220025302 0.00018784983317728291 0.08617077155412028455 0.71468038103764919278 0.01313962377085138578 0.04507435754496240399 
0.00043551304010697688 0.07158564815328513631 0.03248001160223295408 0.00000000100000000000 0.11922691517843136966 0.68127545617209206430 0.04351497646311238560 0.05148147839073915349 
0.69605060537173613078 0.03771757744289218339 0.00000000100000000000 0.00185781560154032761 0.02301726227143541595 0.16919192635962421178 0.07216455779995589737 0.00000025415281586517 
0.99999999300000019797 0.00000000099999999999 0.00000000099999999999 0.00000000099999999999 0.00000000099999999999 0.00000000099999999999 0.00000000099999999999 0.00000000099999999999 
0.70679917846241113732 0.02170716137419397354 0.00652806046198022537 0.00000000100000000000 0.00000359066970244238 0.10000382918168132518 0.11902832770522446537 0.04592985114480641756 
0.99999999300000008695 0.00000000099999999998 0.00000000099999999998 0.00000000099999999998 0.00000000099999999998 0.00000000099999999998 0.00000000099999999998 0.00000000099999999998 
0.71197185458928413659 0.06672026711347435468 0.00320362954174826815 0.00000000100000000000 0.00000000632004189985 0.09838139883203947389 0.06520385092819697137 0.05451899167521493533 
0.99999999300000019797 0.00000000099999999999 0.00000000099999999999 0.00000000099999999999 0.00000000099999999999 0.00000000099999999999 0.00000000099999999999 0.00000000099999999999 
0.99999999300000019797 0.00000000099999999999 0.00000000099999999999 0.00000000099999999999 0.00000000099999999999 0.00000000099999999999 0.00000000099999999999 0.00000000099999999999 
0.99999999300000008695 0.00000000099999999998 0.00000000099999999998 0.00000000099999999998 0.00000000099999999998 0.00000000099999999998 0.00000000099999999998 0.00000000099999999998 
0.99999999300000008695 0.00000000099999999999 0.00000000099999999999 0.00000000099999999999 0.00000000099999999999 0.00000000099999999999 0.00000000099999999999 0.00000000099999999999 
0.99999991463329584995 0.00000007936670429201 0.00000000099999999999 0.00000000099999999999 0.00000000099999999999 0.00000000099999999999 0.00000000099999999999 0.00000000099999999999 
0.99999999300000019797 0.00000000099999999999 0.00000000099999999999 0.00000000099999999999 0.00000000099999999999 0.00000000099999999999 0.00000000099999999999 0.00000000099999999999 
0.99701465883886319919 0.00298531223868707179 0.00000000099999999999 0.00000000099999999999 0.00000000099999999999 0.00000000099999999999 0.00000002392244987672 0.00000000099999999999 
0.99999999300000019797 0.00000000099999999998 0.00000000099999999998 0.00000000099999999998 0.00000000099999999998 0.00000000099999999998 0.00000000099999999998 0.00000000099999999998 
0.99979940505175235455 0.00000000099999999998 0.00000000099999999998 0.00000000099999999998 0.00000000099999999998 0.00000000099999999998 0.00020058894824782675 0.00000000099999999998 
0.99999999300000008695 0.00000000099999999998 0.00000000099999999998 0.00000000099999999998 0.00000000099999999998 0.00000000099999999998 0.00000000099999999998 0.00000000099999999998 
0.99999999300000008695 0.00000000099999999998 0.00000000099999999998 0.00000000099999999998 0.00000000099999999998 0.00000000099999999998 0.00000000099999999998 0.00000000099999999998 
0.99999999300000019797 0.00000000099999999999 0.00000000099999999999 0.00000000099999999999 0.00000000099999999999 0.00000000099999999999 0.00000000099999999999 0.00000000099999999999 
0.90952328260521764225 0.00000000099999999999 0.00000000099999999999 0.00000000099999999999 0.00000000099999999999 0.00000000099999999999 0.09047671139478247193 0.00000000099999999999 
0.96799584413362238511 0.03200414986637774989 0.00000000099999999999 0.00000000099999999999 0.00000000099999999999 0.00000000099999999999 0.00000000099999999999 0.00000000099999999999 
0.41943365363099577303 0.01283333393851550548 0.09032014570412731647 0.00000000100000000000 0.10506414030161968787 0.20738540991979603767 0.11232264428752349039 0.05264067121742217747 
0.99999999300000008695 0.00000000099999999999 0.00000000099999999999 0.00000000099999999999 0.00000000099999999999 0.00000000099999999999 0.00000000099999999999 0.00000000099999999999 
0.99999999300000019797 0.00000000099999999997 0.00000000099999999997 0.00000000099999999997 0.00000000099999999997 0.00000000099999999997 0.00000000099999999997 0.00000000099999999997 
0.99999999300000008695 0.00000000099999999999 0.00000000099999999999 0.00000000099999999999 0.00000000099999999999 0.00000000099999999999 0.00000000099999999999 0.00000000099999999999 
0.97138881885235928149 0.00000000099999999999 0.00000000099999999999 0.02861117514764086392 0.00000000099999999999 0.00000000099999999999 0.00000000099999999999 0.00000000099999999999 
0.99999999300000008695 0.00000000099999999998 0.00000000099999999998 0.00000000099999999998 0.00000000099999999998 0.00000000099999999998 0.00000000099999999998 0.00000000099999999998 
0.99999999300000019797 0.00000000099999999999 0.00000000099999999999 0.00000000099999999999 0.00000000099999999999 0.00000000099999999999 0.00000000099999999999 0.00000000099999999999 
0.99999999300000008695 0.00000000099999999999 0.00000000099999999999 0.00000000099999999999 0.00000000099999999999 0.00000000099999999999 0.00000000099999999999 0.00000000099999999999 
0.82955207719293722057 0.06107290392167617071 0.00000000099999999999 0.00000000099999999999 0.10937501388538664604 0.00000000099999999999 0.00000000099999999999 0.00000000099999999999 
0.99999999300000008695 0.00000000099999999997 0.00000000099999999997 0.00000000099999999997 0.00000000099999999997 0.00000000099999999997 0.00000000099999999997 0.00000000099999999997 
0.69827677852913461187 0.04143274316954369957 0.05066245340128783248 0.00000000100000000000 0.00000000100000000000 0.13686240582039918556 0.07232457624638198579 0.00044104083325257097 
0.99999999300000008695 0.00000000099999999999 0.00000000099999999999 0.00000000099999999999 0.00000000099999999999 0.00000000099999999999 0.00000000099999999999 0.00000000099999999999 
0.00000000099999999995 0.99999999300000019797 0.00000000099999999995 0.00000000099999999995 0.00000000099999999995 0.00000000099999999995 0.00000000099999999995 0.00000000099999999995 
0.00000000099999999995 0.99999999300000019797 0.00000000099999999995 0.00000000099999999995 0.00000000099999999995 0.00000000099999999995 0.00000000099999999995 0.00000000099999999995 
0.00000000099999999994 0.99999999300000008695 0.00000000099999999994 0.00000000099999999994 0.00000000099999999994 0.00000000099999999994 0.00000000099999999994 0.00000000099999999994 
0.00000000099999999995 0.99999999300000019797 0.00000000099999999995 0.00000000099999999995 0.00000000099999999995 0.00000000099999999995 0.00000000099999999995 0.00000000099999999995 
0.00000000099999999994 0.99999999300000019797 0.00000000099999999994 0.00000000099999999994 0.00000000099999999994 0.00000000099999999994 0.00000000099999999994 0.00000000099999999994 
0.00000000099999999993 0.99999999300000019797 0.00000000099999999993 0.00000000099999999993 0.00000000099999999993 0.00000000099999999993 0.00000000099999999993 0.00000000099999999993 
0.00000000099999999994 0.99999999300000008695 0.00000000099999999994 0.00000000099999999994 0.00000000099999999994 0.00000000099999999994 0.00000000099999999994 0.00000000099999999994 
0.00000000099999999995 0.99999999300000019797 0.00000000099999999995 0.00000000099999999995 0.00000000099999999995 0.00000000099999999995 0.00000000099999999995 0.00000000099999999995 
0.00000000099999999993 0.99999999300000008695 0.00000000099999999993 0.00000000099999999993 0.00000000099999999993 0.00000000099999999993 0.00000000099999999993 0.00000000099999999993 
0.00000000099999999993 0.99999999300000008695 0.00000000099999999993 0.00000000099999999993 0.00000000099999999993 0.00000000099999999993 0.00000000099999999993 0.00000000099999999993 
0.00000000099999999994 0.99999999300000019797 0.00000000099999999994 0.00000000099999999994 0.00000000099999999994 0.00000000099999999994 0.00000000099999999994 0.00000000099999999994 
0.00000000099999999995 0.99999999300000008695 0.00000000099999999995 0.00000000099999999995 0.00000000099999999995 0.00000000099999999995 0.00000000099999999995 0.00000000099999999995 
0.00000000099999999999 0.37576330023124976387 0.00000000099999999999 0.00000000099999999999 0.00000000099999999999 0.00000000099999999999 0.62423669376875001724 0.00000000099999999999 
0.00000000099999999993 0.99999999300000008695 0.00000000099999999993 0.00000000099999999993 0.00000000099999999993 0.00000000099999999993 0.00000000099999999993 0.00000000099999999993 
0.00000000099999999994 0.99999999300000008695 0.00000000099999999994 0.00000000099999999994 0.00000000099999999994 0.00000000099999999994 0.00000000099999999994 0.00000000099999999994 
0.00000000099999999994 0.99999999300000008695 0.00000000099999999994 0.00000000099999999994 0.00000000099999999994 0.00000000099999999994 0.00000000099999999994 0.00000000099999999994 
0.00000000099999999996 0.99999999300000008695 0.00000000099999999996 0.00000000099999999996 0.00000000099999999996 0.00000000099999999996 0.00000000099999999996 0.00000000099999999996 
0.00000000099999999994 0.99999999300000019797 0.00000000099999999994 0.00000000099999999994 0.00000000099999999994 0.00000000099999999994 0.00000000099999999994 0.00000000099999999994 
0.00000000099999999993 0.99999999300000008695 0.00000000099999999993 0.00000000099999999993 0.00000000099999999993 0.00000000099999999993 0.00000000099999999993 0.00000000099999999993 
0.00000000099999999994 0.99999999300000008695 0.00000000099999999994 0.00000000099999999994 0.00000000099999999994 0.00000000099999999994 0.00000000099999999994 0.00000000099999999994 
0.00000000099999999999 0.54507532818800830121 0.00000000099999999999 0.00000000099999999999 0.00000000099999999999 0.00000000099999999999 0.45492466581199186848 0.00000000099999999999 
0.00000000099999999994 0.99999999300000008695 0.00000000099999999994 0.00000000099999999994 0.00000000099999999994 0.00000000099999999994 0.00000000099999999994 0.00000000099999999994 
0.00000000099999999999 0.59401152536775680968 0.00000000099999999999 0.00000000099999999999 0.00000000099999999999 0.00000000099999999999 0.40598846863224336001 0.00000000099999999999 
0.00000000099999999994 0.99999999300000019797 0.00000000099999999994 0.00000000099999999994 0.00000000099999999994 0.00000000099999999994 0.00000000099999999994 0.00000000099999999994 
0.00000000099999999995 0.99999999300000019797 0.00000000099999999995 0.00000000099999999995 0.00000000099999999995 0.00000000099999999995 0.00000000099999999995 0.00000000099999999995 
0.00000000099999999992 0.99999999300000008695 0.00000000099999999992 0.00000000099999999992 0.00000000099999999992 0.00000000099999999992 0.00000000099999999992 0.00000000099999999992 
0.02638321515760163813 0.00000000100000000000 0.13831173959270304241 0.32206666901190966756 0.00000000100000000000 0.00000000100000000000 0.00000000100000000000 0.51323837223778545624 
0.00000000099999999999 0.00000000099999999999 0.59133193455463317623 0.00000000099999999999 0.40866805944536671591 0.00000000099999999999 0.00000000099999999999 0.00000000099999999999 
0.00000000099999999996 0.00000000099999999996 0.99999999300000008695 0.00000000099999999996 0.00000000099999999996 0.00000000099999999996 0.00000000099999999996 0.00000000099999999996 
0.00000000099999999999 0.00000000099999999999 0.03986340681895294419 0.31151239924589257946 0.00163383752708086416 0.00000000099999999999 0.00000000099999999999 0.64699035240807345470 
0.00000000099999999999 0.00000000099999999999 0.59704639065116693608 0.00000001211283640597 0.40295359223599647169 0.00000000099999999999 0.00000000099999999999 0.00000000099999999999 
0.00000000099999999999 0.00000000099999999999 0.48626725214054800084 0.00000000099999999999 0.49242786458161685870 0.00000000099999999999 0.00000000099999999999 0.02130487827783508412 
0.00000000099999999999 0.00000000099999999999 0.61416686686888721791 0.00000000099999999999 0.38583312713111267422 0.00000000099999999999 0.00000000099999999999 0.00000000099999999999 
0.00000000099999999994 0.00000000099999999994 0.00000000099999999994 0.00000000099999999994 0.99999999300000008695 0.00000000099999999994 0.00000000099999999994 0.00000000099999999994 
0.00000000099999999998 0.00000000099999999998 0.42196325470222606491 0.00000000099999999998 0.57803673929777399376 0.00000000099999999998 0.00000000099999999998 0.00000000099999999998 
0.00000000100000000000 0.00000000100000000000 0.60214471320083418071 0.00000000100000000000 0.39785528079916571143 0.00000000100000000000 0.00000000100000000000 0.00000000100000000000 
0.00000000099999999996 0.00000000099999999996 0.99999999300000008695 0.00000000099999999996 0.00000000099999999996 0.00000000099999999996 0.00000000099999999996 0.00000000099999999996 
0.00000000099999999994 0.00000000099999999994 0.00000000099999999994 0.00000000099999999994 0.99999999300000008695 0.00000000099999999994 0.00000000099999999994 0.00000000099999999994 
0.00000143363111427286 0.00000000100000000000 0.32983918401942391441 0.07969949244235283170 0.00000000100000000000 0.03194132146782579368 0.00000000100000000000 0.55851856543928302123 
0.02854449800378353053 0.00000000100000000000 0.25934415139630456748 0.00000000100000000000 0.34985364455240025583 0.25764626254625200286 0.00055512556907216890 0.10405631593218749031 
0.00000000099999999996 0.00000000099999999996 0.99999999300000008695 0.00000000099999999996 0.00000000099999999996 0.00000000099999999996 0.00000000099999999996 0.00000000099999999996 
0.00000000099999999999 0.00000000099999999999 0.55581666963080744726 0.06345844845569631465 0.38072487691349626848 0.00000000099999999999 0.00000000099999999999 0.00000000099999999999 
0.00000000100000000000 0.01047217906984827980 0.62194962790571262090 0.02595782945513708251 0.34162035956930186797 0.00000000100000000000 0.00000000100000000000 0.00000000100000000000 
0.02543061041120640853 0.00000000100000000000 0.51557763616675833518 0.00000000100000000000 0.36257948275267032345 0.00001301967495584026 0.00000000100000000000 0.09639924799440918735 
0.00000000099999999990 0.00000000099999999990 0.00000000099999999990 0.99999999300000008695 0.00000000099999999990 0.00000000099999999990 0.00000000099999999990 0.00000000099999999990 
0.00000000099999999994 0.00000000099999999994 0.00000000099999999994 0.00000000099999999994 0.99999999299999997593 0.00000000099999999994 0.00000000099999999994 0.00000000099999999994 
0.00000000100000000000 0.00747165205978248936 0.00000000100000000000 0.25892814969205596443 0.03054778456168827719 0.01630171874086592393 0.00000000870131290776 0.68675068424429452918 
0.00029711748213832141 0.00937536726003772650 0.05674259995263863932 0.24948865223846275474 0.03742490523706184374 0.04426388050826307596 0.00000000100000000000 0.60240747632139757251 
0.00000000099999999999 0.00000000099999999999 0.59876663155296439012 0.00573328510292676462 0.39550007834410894070 0.00000000099999999999 0.00000000099999999999 0.00000000099999999999 
0.00000000099999999999 0.00000000099999999999 0.55655363676652414018 0.00000001219381156974 0.44295900429166945589 0.00000000099999999999 0.00000000099999999999 0.00048734274799489425 
0.00000864702110884055 0.00562677693921194346 0.00000000100000000000 0.27232801567649561614 0.16279117365199413658 0.00000000100000000000 0.00000000100000000000 0.55924538371118936997 
0.00000000099999999999 0.00000000099999999999 0.42714009593161905709 0.00000168935737951252 0.57285520734639927554 0.00000000099999999999 0.00000000099999999999 0.00000300336460230360 
0.00000000099999999999 0.00000000099999999999 0.48091717548768048163 0.00000000099999999999 0.51640037058213772436 0.00000000099999999999 0.00268244893018169343 0.00000000099999999999 
0.00000000099999999997 0.00000000099999999997 0.00000000099999999997 0.00000000099999999997 0.00000000099999999997 0.00000000099999999997 0.00000000099999999997 0.99999999299999997593 
0.00000000099999999999 0.00000000099999999999 0.51114555357324253926 0.00000000099999999999 0.48870385503024887930 0.00000000099999999999 0.00000000099999999999 0.00015058639650857651 
0.00000000099999999998 0.00000000099999999998 0.49371703087792501163 0.02074703375829800578 0.48553593036377690195 0.00000000099999999998 0.00000000099999999998 0.00000000099999999998 
0.00000000099999999997 0.00000000099999999997 0.00000000099999999997 0.00000000099999999997 0.00000000099999999997 0.00000000099999999997 0.00000000099999999997 0.99999999299999997593 
0.00000000099999999999 0.00000000099999999999 0.57484319478318635088 0.01008309388725737131 0.41507370632955625789 0.00000000099999999999 0.00000000099999999999 0.00000000099999999999 
0.00000000099999999999 0.00000000099999999999 0.00000000099999999999 0.29661455981115841807 0.10869248585811437657 0.00000000099999999999 0.00000000099999999999 0.59469294933072713860 
0.00000000099999999999 0.00000000099999999999 0.00000000099999999999 0.23193513821069344782 0.00000000524792637969 0.00000000099999999999 0.00000000099999999999 0.76806485154138015581 
0.00000000099999999999 0.00000000099999999999 0.00000000099999999999 0.31397761988024192048 0.10599637152836551002 0.00156962779778628374 0.00000000099999999999 0.57845637679360628614 
0.00000000099999999999 0.00000000099999999999 0.00000000099999999999 0.20720416980166508902 0.00000000099999999999 0.00000000099999999999 0.00000000099999999999 0.79279582419833494189 
0.00000000099999999998 0.00000000099999999998 0.51637101519460193444 0.00027196408974761399 0.48335701571565037327 0.00000000099999999998 0.00000000099999999998 0.00000000099999999998 
0.00000000099999999999 0.00000000099999999999 0.63100257423973205029 0.00000000099999999999 0.36899369198562387284 0.00000000099999999999 0.00000372877464387216 0.00000000099999999999 
0.00000000099999999999 0.00000000099999999999 0.41979683006914292331 0.00000000099999999999 0.45604499892476035861 0.00000000099999999999 0.00000000099999999999 0.12415816600609673459 
0.00000000099999999998 0.00000000099999999998 0.99999999299999997593 0.00000000099999999998 0.00000000099999999998 0.00000000099999999998 0.00000000099999999998 0.00000000099999999998 
0.00000000099999999999 0.00000000099999999999 0.51616838434063616603 0.00000000099999999999 0.34345389880905852209 0.00000000099999999999 0.00000000099999999999 0.14037771185030539778 
0.01181924886744715672 0.00000000100000000000 0.05360075998786047874 0.21850363202783582017 0.12591436178995679684 0.00000000100000000000 0.04140112833338203957 0.54876086699351778186 
0.00000000100000000000 0.00000000100000000000 0.63775975584698496590 0.00000001890573443932 0.36201904178156685266 0.00000000100000000000 0.00022117946571371600 0.00000000100000000000 
0.00000000099999999992 0.00000000099999999992 0.00000000099999999992 0.00000000099999999992 0.99999999299999997593 0.00000000099999999992 0.00000000099999999992 0.00000000099999999992 
0.00000000099999999998 0.00000000099999999998 0.64953281702607512660 0.00522237148968707383 0.34524480648423772067 0.00000000099999999998 0.00000000099999999998 0.00000000099999999998 
0.00025374376270590111 0.00000000100000000000 0.51616280611877762841 0.18593346705185906376 0.00000187863356676991 0.00000000100000000000 0.00000000100000000000 0.29764810143309056167 
0.00000000195045397807 0.00569566574779378602 0.20843491218188639480 0.16418846585777874258 0.14344942397356322261 0.00000000100000000000 0.00837678605766245012 0.46985474323086140469 
0.00000000099999999995 0.00000000099999999995 0.99999999299999997593 0.00000000099999999995 0.00000000099999999995 0.00000000099999999995 0.00000000099999999995 0.00000000099999999995 
0.00000000099999999999 0.00000000099999999999 0.45474943675920476149 0.00000000099999999999 0.47123676544107273578 0.00000000099999999999 0.00000000099999999999 0.07401379279972243597 
0.00000000099999999999 0.00000000099999999999 0.00000000099999999999 0.27827386962858635666 0.26602805905183246615 0.00000000099999999999 0.00000000099999999999 0.45569806631958126308 
0.00242207112187722232 0.00816692340418850513 0.14696289620859867564 0.21345733443750156133 0.00000000100000000000 0.00000000100000000000 0.01265160850901570107 0.61633916431881830000 
0.01384658628529388674 0.00000000100000000000 0.13778132967358405758 0.20685230419532113499 0.11952751346162811263 0.00627834844310617805 0.00000000100000000000 0.51571391594106674727 
0.00000000099999999994 0.00000000099999999994 0.00000000099999999994 0.00000000099999999994 0.99999999300000008695 0.00000000099999999994 0.00000000099999999994 0.00000000099999999994 
0.00000000099999999995 0.00000000099999999995 0.99999999300000008695 0.00000000099999999995 0.00000000099999999995 0.00000000099999999995 0.00000000099999999995 0.00000000099999999995 
0.00000000099999999998 0.00000000099999999998 0.99999999299999997593 0.00000000099999999998 0.00000000099999999998 0.00000000099999999998 0.00000000099999999998 0.00000000099999999998 
0.00000000099999999999 0.00000000099999999999 0.15789246847113008743 0.25533021380701548253 0.00000000099999999999 0.00000000099999999999 0.00000000099999999999 0.58677731272185440492 
0.00000000100000000000 0.00446111634411134640 0.00000000100000000000 0.27624040992373172232 0.15710611869206564384 0.00000000100000000000 0.00000000100000000000 0.56219235104009124271 
0.00000000100000000000 0.00000000100000000000 0.63654332822671144676 0.00000000249559423462 0.35286235704360835452 0.00000000100000000000 0.00000000100000000000 0.01059430823408595741 
0.00000000099999999995 0.00000000099999999995 0.00000000099999999995 0.00000000099999999995 0.99999999299999997593 0.00000000099999999995 0.00000000099999999995 0.00000000099999999995 
0.00000000099999999992 0.00000000099999999992 0.00000000099999999992 0.00000000099999999992 0.99999999299999997593 0.00000000099999999992 0.00000000099999999992 0.00000000099999999992 
0.00000000099999999999 0.00000000099999999999 0.62607468055461656942 0.00000000099999999999 0.37392531344538332272 0.00000000099999999999 0.00000000099999999999 0.00000000099999999999 
0.00000000099999999991 0.00000000099999999991 0.00000000099999999991 0.00000000099999999991 0.99999999299999997593 0.00000000099999999991 0.00000000099999999991 0.00000000099999999991 
0.00000000099999999997 0.00000000099999999997 0.99999999299999997593 0.00000000099999999997 0.00000000099999999997 0.00000000099999999997 0.00000000099999999997 0.00000000099999999997 
