0.34210699377825570799 0.03470727538016432634 0.04853645938195642190 0.00607177810378401947 0.04397129060834705644 0.00416859760585771167 0.00000266143236124210 0.52043494370927356751 
0.00000000099999999993 0.00000000099999999993 0.00000000099999999993 0.00000000099999999993 0.00000000099999999993 0.00000000099999999993 0.00000000099999999993 0.99999999300000008695 
0.99999999300000019797 0.00000000099999999998 0.00000000099999999998 0.00000000099999999998 0.00000000099999999998 0.00000000099999999998 0.00000000099999999998 0.00000000099999999998 
0.99999999300000008695 0.00000000099999999998 0.00000000099999999998 0.00000000099999999998 0.00000000099999999998 0.00000000099999999998 0.00000000099999999998 0.00000000099999999998 
0.00000000099999999999 0.00000000099999999999 0.00000000099999999999 0.03625722299740749555 0.00000000099999999999 0.00000000099999999999 0.01026004910741672334 0.95348272289517588263 
0.61965305972350792629 0.00000000100000000000 0.00000000100000000000 0.06914502362696466065 0.00000000100000000000 0.00000000100000000000 0.00000000100000000000 0.31120191164952770713 
0.25308911870474398720 0.00106856627254845230 0.04107778653594371804 0.12404032683758556277 0.00000000100000000000 0.04937812061120654822 0.00000000100000000000 0.53134607903797181905 
0.47126280383457352929 0.01744459818373838428 0.01727684656235057778 0.00000000100000000000 0.00010879775525208514 0.00002263820568917933 0.00025249955132435482 0.49363181490707180865 
0.35693953198676414695 0.04938251267944873679 0.00147067707142680879 0.00000663589003519061 0.00000040056354026265 0.06881145366569130228 0.00000198958442330834 0.52338679855867031865 
0.31417656553734185643 0.05565705888723877087 0.05640851930057590863 0.00000000100000000000 0.01374417421623963867 0.00000000100000000000 0.00238050055992355567 0.55763317949868018708 
0.00007892602797547318 0.02072965748251310442 0.04129542297851685612 0.00000000100000000000 0.02884268686947192434 0.10169759638755741793 0.07161375208079920340 0.73574195717316603904 
0.36909698187778755551 0.00384466788360846457 0.00000000100000000000 0.00000000100000000000 0.02366209501504789106 0.03275562047532977472 0.00000000100000000000 0.57064063174822621249 
0.40321914408690129328 0.00000000100000000000 0.00000000100000000000 0.02670356504736345546 0.00404144454281540715 0.02150104082332527158 0.00000001927750788555 0.54453478422208667631 
0.99999999300000008695 0.00000000099999999998 0.00000000099999999998 0.00000000099999999998 0.00000000099999999998 0.00000000099999999998 0.00000000099999999998 0.00000000099999999998 
0.51925190036969448570 0.00000410735747171401 0.04577705422534571189 0.00173255968087435933 0.04948872348426635454 0.00000004196446567757 0.00000000971650548607 0.38374560320137612868 
0.28799834947043506661 0.00000000100000000000 0.00913170538591188616 0.02558704623737356743 0.00000000100000000000 0.09884760718081719855 0.02457296019419620559 0.55386232953126612877 
0.00000000099999999999 0.00000000099999999999 0.00000000099999999999 0.00000000099999999999 0.00000000099999999999 0.00000000099999999999 0.00000000099999999999 0.99999999300000008695 
0.33103817841968502522 0.00000000100000000000 0.05426864942561833438 0.00000000100000000000 0.02110530565888205784 0.08209257001291654643 0.00000078560289658095 0.51149450888000147497 
0.32975012773789569298 0.00000000100000000000 0.00000498624116052924 0.00000000449314841877 0.08698862890316660934 0.03125227955013279435 0.01016212037195658204 0.54184185170253928998 
0.23514043026965145144 0.00478583080446686685 0.00000000100000000000 0.01293854343299187873 0.04361552227507130980 0.11060257769742135037 0.00013855886545447506 0.59277853565494276200 
0.36237030343192061510 0.00000000100000000000 0.01565294196085299447 0.00000014397581105395 0.05506756692213879423 0.00000000100000000000 0.03128437180026315267 0.53562466990901347330 
0.00000000099999999998 0.00000000099999999998 0.00000000099999999998 0.00000000099999999998 0.00000000099999999998 0.00000000099999999998 0.00000000099999999998 0.99999999300000008695 
0.33682006150721283122 0.01180523565240456166 0.00000000100000000000 0.05872301278105086092 0.03250690023690695069 0.05091625828249986274 0.00000000100000000000 0.50922852953992492342 
0.00000000099999999997 0.00000000099999999997 0.00000000099999999997 0.00000000099999999997 0.00000000099999999997 0.00000000099999999997 0.00000000099999999997 0.99999999300000008695 
0.35793580688282622404 0.00000000100000000000 0.00000000100000000000 0.06605702483815005521 0.01088813879263596761 0.08228978841046138970 0.00006153088092413502 0.48276770819500208765 
0.38722716142844443299 0.03259250147886762899 0.00000000100000000000 0.01665841751616306196 0.00000002118269928022 0.06576867713611543598 0.00000000100000000000 0.49775321925771015552 
0.00000000099999999999 0.00000000099999999999 0.11237322349852971182 0.00000000099999999999 0.00000000099999999999 0.00000020096671184219 0.00000000099999999999 0.88762657053475846336 
0.26700870676985716257 0.04029990317056290211 0.00000000100000000000 0.05254718056993830377 0.03610564641969964128 0.00000279160121397220 0.01137772575992518700 0.59265804470880267818 
0.31397976069674971011 0.00000000100000000000 0.00583028741921644712 0.00000000100000000000 0.06551311271057104479 0.00002049340695516100 0.02771036491057271220 0.58694597885593480235 
0.00000000099999999999 0.00000000099999999999 0.00000000099999999999 0.00000000099999999999 0.00000000099999999999 0.00000000099999999999 0.00000000099999999999 0.99999999300000008695 
0.40283837243563275221 0.00403923517845487801 0.00000167464510749906 0.00325398520092446374 0.02846154885661022343 0.01867773234300023483 0.03713670311914066963 0.50559074822112926029 
0.48325109999943050010 0.00000000099999999999 0.01469397658141861039 0.01105192627163319868 0.00000000099999999999 0.10938173286844106447 0.00000000099999999999 0.38162126127907652906 
0.24075647567593636000 0.00987513680418798494 0.00000000100000000000 0.01085795209100186981 0.01245177118264687369 0.10900361771559255453 0.05163758391381354645 0.56541746161682082672 
0.00000000099999999998 0.00000000099999999998 0.00004893142529573335 0.00000000099999999998 0.00000000099999999998 0.00000000099999999998 0.00000000099999999998 0.99995106257470423028 
0.64734057433024416728 0.04045899056142758521 0.00000000100000000000 0.00000000100000000000 0.00110598393033401973 0.00572355392925390661 0.00000000100000000000 0.30537089424874047650 
0.27622253035719618319 0.04741178561316475998 0.02359176627773587956 0.00863452390549315774 0.04947232810892383814 0.00002158872319574092 0.03403567175958455843 0.56060980525470582858 
0.00000000099999999993 0.00000000099999999993 0.00000000099999999993 0.00000000099999999993 0.00000000099999999993 0.00000000099999999993 0.00000000099999999993 0.99999999300000008695 
0.41020987294637650811 0.01972446614991588132 0.00000000100000000000 0.05536539638706313576 0.04174239377646497134 0.00000000100000000000 0.00686077357177951059 0.46609709516839997745 
0.00000000099999999997 0.00000000099999999997 0.00000000099999999997 0.00000000099999999997 0.00000000099999999997 0.00000000099999999997 0.00000000099999999997 0.99999999299999997593 
0.00000000099999999998 0.00000000099999999998 0.00000000099999999998 0.00000000099999999998 0.00000000099999999998 0.00000000099999999998 0.00000000099999999998 0.99999999300000008695 
0.00000000099999999998 0.00000000099999999998 0.00000000099999999998 0.00000000099999999998 0.00000000099999999998 0.00000000099999999998 0.00000000099999999998 0.99999999299999997593 
0.34886340372237401031 0.00000000100000000000 0.00098485535768674218 0.03155729591942789403 0.00000000100000000000 0.14627444433665087731 0.00684055920264598806 0.46547943946121450587 
0.44091812495007509654 0.03955426083069099596 0.00000000100000000000 0.02729151596178144498 0.02772945312476678484 0.00000000100000000000 0.00000000100000000000 0.46450664213268577640 
0.40245413426107229382 0.02000728772630274224 0.00000000100000000000 0.06959224092765362024 0.04580961215604257425 0.00881975132659423150 0.00000000327687834303 0.45331696932545628709 
0.30957139912793785186 0.03133364113550891200 0.00000000100000000000 0.07716604622812056613 0.00000122117368214097 0.00259850557298267051 0.00000000100000000000 0.57932918476176786804 
0.00000000099999999998 0.00000000099999999998 0.00000000099999999998 0.00000000099999999998 0.00000000099999999998 0.00000000099999999998 0.00000000099999999998 0.99999999299999997593 
0.35660864635200989481 0.00000000100000000000 0.05609621654855046630 0.00000000100000000000 0.04587107251807737152 0.06157071174092596660 0.00000000100000000000 0.47985334984043620521 
0.28527350243636134808 0.03985595297559225286 0.04727546507949563492 0.00020996775413601381 0.00033159417907982264 0.07926295425671842088 0.01881772310536234533 0.52897284021325419179 
0.26824600059898623394 0.00013788893041727186 0.07114837034050228159 0.05275241123000053850 0.05562428818765517008 0.02396540633449367394 0.00000000100000000000 0.52812563337794482532 
0.77205663254606737844 0.00000000099999999999 0.07813926092265920109 0.00000000099999999999 0.00000000099999999999 0.00000000099999999999 0.00000000099999999999 0.14980410153127349249 
0.25741486582025252527 0.00250187532712426667 0.04375953210088694145 0.00000073366558221727 0.00288104951654954023 0.08984606536378657304 0.03137293219092536500 0.57222294601489254173 
0.24491649635160278597 0.04239025143458802214 0.00000000100000000000 0.05429150643096296303 0.08851228357665853752 0.02475039097037252944 0.00000000100000000000 0.54513906923581523234 
0.44442665310091350461 0.04792164930392961431 0.00002374918047343315 0.00147341216268426396 0.00078868143547968287 0.00000000100000000000 0.01519770560963350399 0.49016814820688608956 
0.00000000100000000000 0.00000000124037184106 0.00000008447232787824 0.01568944744785433915 0.00000160053896421637 0.00000065551524946739 0.00000000100000000000 0.98430820878523228590 
0.68804853304837798600 0.00000000657196229312 0.06834054874244731292 0.00000000100000000000 0.00000000100000000000 0.00000018310399339076 0.00298024730413429077 0.24063047922908464837 
0.00000000100000000000 0.03523524497998335725 0.00000000100000000000 0.11041880218548534576 0.02812504771482911975 0.00000008520592552453 0.06504039164051085564 0.76118042627326587546 
0.00000000099999999998 0.05282965998554680492 0.00000000099999999998 0.00000000099999999998 0.27743489651664615669 0.00000000099999999998 0.00000000099999999998 0.66973543849780703408 
0.44660801346010203794 0.00000000100000000000 0.00000000100000000000 0.05738350403553348078 0.03190253358199305472 0.01064210992035712761 0.02385770474661243895 0.42960613225540189575 
0.37974907351202030759 0.00000000100000000000 0.00246350658492345545 0.00000000100000000000 0.02115521851866032296 0.07504074159572780844 0.01638838669417949992 0.50520307109448847616 
0.26773166364712464027 0.03582115541043489476 0.00000000100000000000 0.04420318595774200277 0.11456155430814568552 0.05171627562626744667 0.04829409211851503486 0.43767207193177010138 
0.00000018461210911700 0.00000212997369856506 0.00000012442280451208 0.12701246098691823527 0.01351528247619906281 0.12362152480542572264 0.02218115793267873975 0.71366713479016608002 
0.29514398126278124090 0.00000000100000000000 0.00000000100000000000 0.09117442575878259570 0.00000000100000000000 0.00000000110936892990 0.00052304263667549459 0.61315854623239174348 
0.23917715160774813410 0.05376466015616616911 0.13336976996730609546 0.00000000100000000000 0.00000000260844041809 0.02837844572899592133 0.00000000100000000000 0.54530996793134323131 
0.00000000099999999999 0.00000000099999999999 0.00000000099999999999 0.00000000099999999999 0.00000000099999999999 0.00000000112878997142 0.00000000099999999999 0.99999999287121010827 
0.49487758499052614258 0.01124677193102198609 0.00000000100000000000 0.08848264788437575079 0.01834037549914483561 0.03431746185941784294 0.00000000100000000000 0.35273515583551334762 
0.53435932574938793671 0.00178666872307223093 0.00000029766089173264 0.00000000100000000000 0.01335780120968859189 0.00000037062162727240 0.01492780451806564532 0.43556773051726666024 
0.99999999300000019797 0.00000000099999999998 0.00000000099999999998 0.00000000099999999998 0.00000000099999999998 0.00000000099999999998 0.00000000099999999998 0.00000000099999999998 
0.26930836515990008717 0.01593079511749745381 0.00000000100000000000 0.09580593242695861766 0.02710346742967062114 0.07843384561337368721 0.00006312564376881830 0.51335446760883074457 
0.27654730325414333958 0.00000000522318986854 0.07716284576849564980 0.00000000100000000000 0.05597294973718377337 0.03597941562944707850 0.00000000100000000000 0.55433747838754021675 
0.34781191917466308672 0.00363374551444721385 0.04807440378266866765 0.00121769098421605697 0.04894154156704456915 0.00000000555803817153 0.00689980291176195588 0.54342089050716024801 
0.30369495868930407312 0.00000000100000000000 0.07048379204935463493 0.00000000100000000000 0.00000000100000000000 0.21327186204276793458 0.01488035251253386551 0.39766903170603951079 
0.47763804536947912505 0.06118232975948914576 0.00000000100000000000 0.00000000100000000000 0.34393423948322571215 0.05379557936209346247 0.00000000100000000000 0.06344980302571266717 
0.99999999300000019797 0.00000000099999999998 0.00000000099999999998 0.00000000099999999998 0.00000000099999999998 0.00000000099999999998 0.00000000099999999998 0.00000000099999999998 
0.69925664248818641955 0.00000000100000000000 0.09482964955372931437 0.00000000100000000000 0.00000000100000000000 0.00000000100000000000 0.00316025525951994703 0.20275344869856454233 
0.36019423361156421848 0.02856182700222370183 0.00000034030128683868 0.00000000100000000000 0.07306113141706675751 0.00702343365332992135 0.03816620263374168043 0.49299283038078689501 
0.30988314905300662350 0.01410560424204091931 0.04045223356388311098 0.00000000100000000000 0.00000000100000000000 0.08150037218590955312 0.01932438391533332009 0.53473425503982641160 
0.35996975253093166369 0.03246196554026174047 0.07568138928834686197 0.00000000100000000000 0.04879671193257178324 0.00667434205662784108 0.00000000100000000000 0.47641583665126019387 
0.68531442828901267816 0.00000000100000000000 0.00000000100000000000 0.13894907802114422890 0.00000000100000000000 0.00000000100000000000 0.00000000100000000000 0.17573648868984331761 
0.00000000099999999998 0.00000000099999999998 0.00000000099999999998 0.00000000099999999998 0.00000000099999999998 0.00000000099999999998 0.00000000099999999998 0.99999999299999997593 
0.32114071875526234434 0.01259413789871328959 0.00409105442137774975 0.00000000100000000000 0.04469760966433465599 0.03094262152128305840 0.00992479488413123938 0.57660906185489768649 
0.00000000099999999998 0.00443423518650266045 0.00000000099999999998 0.00000000099999999998 0.29720829618813016104 0.15415915671522437136 0.00000000099999999998 0.54419830791014267568 
0.00000000658913176962 0.02512780730306434299 0.15745509542025398764 0.00000000100000000000 0.03576131387289716718 0.06093449881214395292 0.00000000100000000000 0.72072127600250868174 
0.50755926205927404116 0.00000001797548953833 0.00002371386462715001 0.05555881075490022580 0.05514876741477750532 0.00676622821340209634 0.00000000100000000000 0.37494319871752945783 
0.00000000100000000000 0.07644535861746652727 0.00069409882899241322 0.00000000100000000000 0.00000000921024314945 0.00000998858035561309 0.05088633666316410425 0.87196420609977809413 
0.33127636357591250249 0.00061811871615721000 0.10832987304431522524 0.00000006843831192181 0.05091610807876627287 0.08441057689935782538 0.00000000100000000000 0.42444889024717907811 
0.53354131756954414900 0.00062554233170876493 0.05487506640637786204 0.00000000100000000000 0.03716592611762967874 0.00000000100000000000 0.00000000100000000000 0.37379214457473952660 
0.99999999300000008695 0.00000000099999999998 0.00000000099999999998 0.00000000099999999998 0.00000000099999999998 0.00000000099999999998 0.00000000099999999998 0.00000000099999999998 
0.21549689091046822509 0.02176487346266921946 0.00292232038327057539 0.03604806545004880791 0.04786977817297765475 0.09630835837084229800 0.00000000100000000000 0.57958971224972322123 
0.54130527373427261839 0.00006324202907304684 0.03471426326986580546 0.00000000100000000000 0.00006800497540021815 0.04202677007771429829 0.00000000100000000000 0.38182244391367398118 
0.32477839513529627169 0.00000021576547270886 0.01883197202034463807 0.00000000100000000000 0.04784450357996430231 0.11546344006125643100 0.02667348844111974357 0.46640798399654598283 
0.56300534309590000159 0.00427692113928363274 0.02728270907746454046 0.00059582851805690701 0.01067981471155836186 0.04193079257421057637 0.00816849933467449912 0.34406009154885164314 
0.98852737123593792390 0.00000000344430296853 0.00007827239308333263 0.00000000099999999999 0.00000000099999999999 0.00000000099999999999 0.00000000099999999999 0.01139434892667585617 
0.34499047704431373695 0.01782830517336508186 0.00000000939751126187 0.09010801335924882582 0.06428812692629734538 0.03583334397605528188 0.00000000100000000000 0.44695172312320835539 
0.99999999300000008695 0.00000000099999999998 0.00000000099999999998 0.00000000099999999998 0.00000000099999999998 0.00000000099999999998 0.00000000099999999998 0.00000000099999999998 
0.00000000100000000000 0.03331689107350414847 0.13168980155947787591 0.00000000100000000000 0.00000000100000000000 0.00000000263607736862 0.00000000100000000000 0.83499330073094057969 
0.30988830700756464509 0.06097315925451572000 0.07213509614028726369 0.02206437427454776765 0.02240647311365578931 0.00000000100000000000 0.00308215654884032341 0.50945043266058853693 
0.00000000100000000000 0.02913329772500523884 0.00000000100000000000 0.01126292140421947079 0.05701289260894434191 0.68951471887953141859 0.00000000100000000000 0.21307616638229950889 
0.00000000099999999999 0.00000000099999999999 0.00000000099999999999 0.00000000099999999999 0.00000000099999999999 0.99999999300000008695 0.00000000099999999999 0.00000000099999999999 
0.00000000100000000000 0.01622180792525066209 0.00000000100000000000 0.02864678620956870661 0.10637140869923823738 0.69373900314148539969 0.00000000100000000000 0.15502099102445709988 
0.00000000099999999998 0.00000000099999999998 0.00000000099999999998 0.00000000099999999998 0.00000000099999999998 0.99999999299999997593 0.00000000099999999998 0.00000000099999999998 
0.00000000418149304834 0.06728360734893339135 0.00000000100000000000 0.07357123137252677414 0.06417136257086979156 0.69327269361963161920 0.00000000100000000000 0.10170109890654549512 
0.00000000099999999999 0.00000000099999999999 0.00000000099999999999 0.00000000099999999999 0.00000000099999999999 0.99999999300000008695 0.00000000099999999999 0.00000000099999999999 
0.00000000099999999999 0.00000000099999999999 0.00000000099999999999 0.00000000099999999999 0.00000000099999999999 0.99999999300000008695 0.00000000099999999999 0.00000000099999999999 
0.00000000099999999998 0.00000000099999999998 0.00000000099999999998 0.00000000099999999998 0.00000000099999999998 0.99999999299999997593 0.00000000099999999998 0.00000000099999999998 
0.00000000099999999999 0.00000000099999999999 0.00000000099999999999 0.00000000099999999999 0.00000000099999999999 0.99999999300000008695 0.00000000099999999999 0.00000000099999999999 
0.00000000099999999999 0.00000026482554046214 0.00000000099999999999 0.00000000099999999999 0.00000000099999999999 0.99999972917445956178 0.00000000099999999999 0.00000000099999999999 
0.00000000099999999999 0.00000000099999999999 0.00000000099999999999 0.00000000099999999999 0.00000000099999999999 0.99999999300000008695 0.00000000099999999999 0.00000000099999999999 
0.00000000099999999999 0.00098684262929812959 0.00000000099999999999 0.00000000099999999999 0.00000001095186069267 0.99901314141884112185 0.00000000099999999999 0.00000000099999999999 
0.00000000099999999998 0.00000000099999999998 0.00000000099999999998 0.00000000099999999998 0.00000000099999999998 0.99999999299999997593 0.00000000099999999998 0.00000000099999999998 
0.00000000099999999998 0.00000000099999999998 0.00000000099999999998 0.00000000099999999998 0.00001389512039008805 0.99998609887960998588 0.00000000099999999998 0.00000000099999999998 
0.00000000099999999998 0.00000000099999999998 0.00000000099999999998 0.00000000099999999998 0.00000000099999999998 0.99999999300000008695 0.00000000099999999998 0.00000000099999999998 
0.00000000099999999998 0.00000000099999999998 0.00000000099999999998 0.00000000099999999998 0.00000000099999999998 0.99999999299999997593 0.00000000099999999998 0.00000000099999999998 
0.00000000099999999999 0.00000000099999999999 0.00000000099999999999 0.00000000099999999999 0.00000000099999999999 0.99999999299999997593 0.00000000099999999999 0.00000000099999999999 
0.00000000099999999999 0.00000000099999999999 0.00000000099999999999 0.00000000099999999999 0.07535925289334519106 0.92464074110665472883 0.00000000099999999999 0.00000000099999999999 
0.00000000099999999999 0.03692387426380539656 0.00000000099999999999 0.00000000099999999999 0.00000000180339322525 0.96307611893280142823 0.00000000099999999999 0.00000000099999999999 
0.22495712564843808878 0.00870481304074990393 0.12201669925531451188 0.02586426149846328057 0.11198861424081912874 0.41838981610396902555 0.01577123813056067331 0.07230743208168542713 
0.00000000099999999999 0.00000000099999999999 0.00000000099999999999 0.00000000099999999999 0.00000000099999999999 0.99999999300000008695 0.00000000099999999999 0.00000000099999999999 
0.00000000099999999997 0.00000000099999999997 0.00000000099999999997 0.00000000099999999997 0.00000000099999999997 0.99999999299999997593 0.00000000099999999997 0.00000000099999999997 
0.00000000099999999999 0.00000000099999999999 0.00000000099999999999 0.00000000099999999999 0.00000000099999999999 0.99999999299999997593 0.00000000099999999999 0.00000000099999999999 
0.00000000099999999999 0.00000000099999999999 0.00000000099999999999 0.00000000099999999999 0.00000000099999999999 0.97444205328727817594 0.02555794071272187232 0.00000000099999999999 
0.00000000099999999998 0.00000000099999999998 0.00000000099999999998 0.00000000099999999998 0.00000000099999999998 0.99999999299999997593 0.00000000099999999998 0.00000000099999999998 
0.00000000099999999999 0.00000000209126353366 0.00000000099999999999 0.00000000099999999999 0.00000000099999999999 0.99999999190873656296 0.00000000099999999999 0.00000000099999999999 
0.00000000099999999999 0.00000000099999999999 0.00000000099999999999 0.00000000099999999999 0.00000000099999999999 0.99999999299999997593 0.00000000099999999999 0.00000000099999999999 
0.00000000099999999999 0.04693252826029106761 0.09433389806567665792 0.00000000099999999999 0.00000000099999999999 0.85873356867403238812 0.00000000099999999999 0.00000000099999999999 
0.00000000099999999997 0.00000000099999999997 0.00000000099999999997 0.00000000099999999997 0.00000000099999999997 0.99999999300000008695 0.00000000099999999997 0.00000000099999999997 
0.07757410874918388433 0.04216393797889865513 0.00000000100000000000 0.03287806652655431150 0.06971441386585040811 0.68257256004464317289 0.00000000100000000000 0.09509691083486959684 
0.00000000099999999999 0.00000000099999999999 0.00000000099999999999 0.00000000099999999999 0.00000000099999999999 0.99999999299999997593 0.00000000099999999999 0.00000000099999999999 
0.00000000099999999995 0.99999999300000019797 0.00000000099999999995 0.00000000099999999995 0.00000000099999999995 0.00000000099999999995 0.00000000099999999995 0.00000000099999999995 
0.00000000099999999995 0.99999999300000019797 0.00000000099999999995 0.00000000099999999995 0.00000000099999999995 0.00000000099999999995 0.00000000099999999995 0.00000000099999999995 
0.00000000099999999994 0.99999999300000008695 0.00000000099999999994 0.00000000099999999994 0.00000000099999999994 0.00000000099999999994 0.00000000099999999994 0.00000000099999999994 
0.00000000099999999995 0.99999999300000008695 0.00000000099999999995 0.00000000099999999995 0.00000000099999999995 0.00000000099999999995 0.00000000099999999995 0.00000000099999999995 
0.00000000099999999994 0.99999999300000008695 0.00000000099999999994 0.00000000099999999994 0.00000000099999999994 0.00000000099999999994 0.00000000099999999994 0.00000000099999999994 
0.00000000099999999993 0.99999999300000019797 0.00000000099999999993 0.00000000099999999993 0.00000000099999999993 0.00000000099999999993 0.00000000099999999993 0.00000000099999999993 
0.00000000099999999994 0.99999999300000019797 0.00000000099999999994 0.00000000099999999994 0.00000000099999999994 0.00000000099999999994 0.00000000099999999994 0.00000000099999999994 
0.00000000099999999995 0.99999999300000019797 0.00000000099999999995 0.00000000099999999995 0.00000000099999999995 0.00000000099999999995 0.00000000099999999995 0.00000000099999999995 
0.00000000099999999993 0.99999999300000019797 0.00000000099999999993 0.00000000099999999993 0.00000000099999999993 0.00000000099999999993 0.00000000099999999993 0.00000000099999999993 
0.00000000099999999993 0.99999999300000008695 0.00000000099999999993 0.00000000099999999993 0.00000000099999999993 0.00000000099999999993 0.00000000099999999993 0.00000000099999999993 
0.00000000099999999994 0.99999999300000008695 0.00000000099999999994 0.00000000099999999994 0.00000000099999999994 0.00000000099999999994 0.00000000099999999994 0.00000000099999999994 
0.00000000099999999995 0.99999999300000019797 0.00000000099999999995 0.00000000099999999995 0.00000000099999999995 0.00000000099999999995 0.00000000099999999995 0.00000000099999999995 
0.00000000099999999999 0.37645752430230050578 0.00000000099999999999 0.00000000099999999999 0.62354246969769933084 0.00000000099999999999 0.00000000099999999999 0.00000000099999999999 
0.00000000099999999993 0.99999999300000019797 0.00000000099999999993 0.00000000099999999993 0.00000000099999999993 0.00000000099999999993 0.00000000099999999993 0.00000000099999999993 
0.00000000099999999994 0.99999999300000019797 0.00000000099999999994 0.00000000099999999994 0.00000000099999999994 0.00000000099999999994 0.00000000099999999994 0.00000000099999999994 
0.00000000099999999994 0.99999999300000008695 0.00000000099999999994 0.00000000099999999994 0.00000000099999999994 0.00000000099999999994 0.00000000099999999994 0.00000000099999999994 
0.00000000099999999996 0.99999999300000008695 0.00000000099999999996 0.00000000099999999996 0.00000000099999999996 0.00000000099999999996 0.00000000099999999996 0.00000000099999999996 
0.00000000099999999994 0.99999999300000008695 0.00000000099999999994 0.00000000099999999994 0.00000000099999999994 0.00000000099999999994 0.00000000099999999994 0.00000000099999999994 
0.00000000099999999993 0.99999999300000019797 0.00000000099999999993 0.00000000099999999993 0.00000000099999999993 0.00000000099999999993 0.00000000099999999993 0.00000000099999999993 
0.00000000099999999994 0.99999999300000008695 0.00000000099999999994 0.00000000099999999994 0.00000000099999999994 0.00000000099999999994 0.00000000099999999994 0.00000000099999999994 
0.00000000099999999999 0.54491197975936245257 0.00000000099999999999 0.00000000099999999999 0.45508801424063755059 0.00000000099999999999 0.00000000099999999999 0.00000000099999999999 
0.00000000099999999994 0.99999999300000019797 0.00000000099999999994 0.00000000099999999994 0.00000000099999999994 0.00000000099999999994 0.00000000099999999994 0.00000000099999999994 
0.00000000099999999999 0.59480773288398658405 0.00000000099999999999 0.00000000099999999999 0.40519226111601358564 0.00000000099999999999 0.00000000099999999999 0.00000000099999999999 
0.00000000099999999994 0.99999999300000008695 0.00000000099999999994 0.00000000099999999994 0.00000000099999999994 0.00000000099999999994 0.00000000099999999994 0.00000000099999999994 
0.00000000099999999995 0.99999999300000019797 0.00000000099999999995 0.00000000099999999995 0.00000000099999999995 0.00000000099999999995 0.00000000099999999995 0.00000000099999999995 
0.00000000099999999993 0.99999999300000019797 0.00000000099999999993 0.00000000099999999993 0.00000000099999999993 0.00000000099999999993 0.00000000099999999993 0.00000000099999999993 
0.00000000100000000000 0.00000000100000000000 0.00000061233447018798 0.25666545203598672975 0.00000000100000000000 0.02069856907979927135 0.68980000580361755524 0.03283535774612628133 
0.00000000099999999999 0.00000000099999999999 0.55733310610445185862 0.44266688789554808903 0.00000000099999999999 0.00000000099999999999 0.00000000099999999999 0.00000000099999999999 
0.00000000099999999999 0.00000000099999999999 0.57131242278588845185 0.42868686221281826487 0.00000000099999999999 0.00000000099999999999 0.00000071000129315204 0.00000000099999999999 
0.00000454410413259927 0.00000000100000000000 0.00000000100000000000 0.22180059400143170567 0.00000000100000000000 0.00000000100000000000 0.77819485689443557153 0.00000000100000000000 
0.00000000099999999997 0.00000000099999999997 0.99999999299999997593 0.00000000099999999997 0.00000000099999999997 0.00000000099999999997 0.00000000099999999997 0.00000000099999999997 
0.00000000099999999994 0.00000000099999999994 0.00000000099999999994 0.99999999299999997593 0.00000000099999999994 0.00000000099999999994 0.00000000099999999994 0.00000000099999999994 
0.00000000099999999999 0.00000000099999999999 0.45091495003863230062 0.54908504396136781356 0.00000000099999999999 0.00000000099999999999 0.00000000099999999999 0.00000000099999999999 
0.00000000099999999997 0.00000000099999999997 0.99999999299999997593 0.00000000099999999997 0.00000000099999999997 0.00000000099999999997 0.00000000099999999997 0.00000000099999999997 
0.00000000099999999998 0.00000000099999999998 0.51214840204961764591 0.48785159195038230173 0.00000000099999999998 0.00000000099999999998 0.00000000099999999998 0.00000000099999999998 
0.00000000099999999997 0.00000000099999999997 0.99999999300000008695 0.00000000099999999997 0.00000000099999999997 0.00000000099999999997 0.00000000099999999997 0.00000000099999999997 
0.00000000099999999999 0.00000000099999999999 0.48348589455359669564 0.49333398694095587089 0.00000000099999999999 0.00000000099999999999 0.02318011350544742222 0.00000000099999999999 
0.00000000099999999997 0.00000000099999999997 0.99999999299999997593 0.00000000099999999997 0.00000000099999999997 0.00000000099999999997 0.00000000099999999997 0.00000000099999999997 
0.04964627999524545698 0.00000000100000000000 0.20875865487816328003 0.22835344855722691793 0.00000000100000000000 0.01261838205964463215 0.45949904018274817519 0.04112419232697138438 
0.32891503284257661566 0.00000000100000000000 0.26302692329399268711 0.32245488940334732231 0.00123506322797967464 0.04768315950566494321 0.02723599263170266987 0.00944893809473623149 
0.00000000099999999999 0.00000000099999999999 0.64077803569808144957 0.34941670823712389637 0.00000000099999999999 0.00000000099999999999 0.00980525106479452485 0.00000000099999999999 
0.00000000099999999994 0.00000000099999999994 0.00000000099999999994 0.99999999300000008695 0.00000000099999999994 0.00000000099999999994 0.00000000099999999994 0.00000000099999999994 
0.00000000099999999995 0.00000000099999999995 0.00000000099999999995 0.99999999300000008695 0.00000000099999999995 0.00000000099999999995 0.00000000099999999995 0.00000000099999999995 
0.02493328492997206811 0.00000000100000000000 0.43702416843822849968 0.49292432014615300551 0.00000000100000000000 0.02063100805376837446 0.02448721543187793240 0.00000000100000000000 
0.00000000099999999995 0.00000000099999999995 0.00000000099999999995 0.00000000099999999995 0.00000000099999999995 0.00000000099999999995 0.99999999299999986491 0.00000000099999999995 
0.00000000099999999994 0.00000000099999999994 0.00000000099999999994 0.99999999299999997593 0.00000000099999999994 0.00000000099999999994 0.00000000099999999994 0.00000000099999999994 
0.00000000100000000000 0.01424583804475547388 0.00000000100000000000 0.23536195852414260044 0.00030091469238735248 0.00000000100000000000 0.70441389790187969311 0.04567738783683501086 
0.04952574250723328075 0.00674201443475224652 0.00000000100000000000 0.24429042942757087098 0.00000000100000000000 0.00113862087831178909 0.66588337296742194926 0.03241981778470987702 
0.00000000099999999994 0.00000000099999999994 0.00000000099999999994 0.99999999299999997593 0.00000000099999999994 0.00000000099999999994 0.00000000099999999994 0.00000000099999999994 
0.00000000099999999993 0.00000000099999999993 0.00000000099999999993 0.99999999300000008695 0.00000000099999999993 0.00000000099999999993 0.00000000099999999993 0.00000000099999999993 
0.04457207980904340228 0.00385751516932039814 0.01521854574500981772 0.22187618643342751912 0.00000000100000000000 0.02310595086916133675 0.69136884468859083341 0.00000087628544653807 
0.00000000099999999993 0.00000000099999999993 0.00000000099999999993 0.99999999300000008695 0.00000000099999999993 0.00000000099999999993 0.00000000099999999993 0.00000000099999999993 
0.00000000099999999999 0.00000000099999999999 0.40943115189667406151 0.59056884210332594165 0.00000000099999999999 0.00000000099999999999 0.00000000099999999999 0.00000000099999999999 
0.02442042972328899511 0.00000000100000000000 0.00000000100000000000 0.20884611348496101568 0.00000000100000000000 0.00000000100000000000 0.75712702063673464892 0.00960643215501532678 
0.00000000099999999999 0.00000000099999999999 0.49435734549042387176 0.50564264850957629793 0.00000000099999999999 0.00000000099999999999 0.00000000099999999999 0.00000000099999999999 
0.00000000099999999991 0.00000000099999999991 0.00000000099999999991 0.99999999300000008695 0.00000000099999999991 0.00000000099999999991 0.00000000099999999991 0.00000000099999999991 
0.00000000166641409669 0.00000000100000000000 0.00000000100000000000 0.26019326415659976837 0.03657507050543765126 0.00014163144394167043 0.70187929536581505907 0.00121073486179171306 
0.00960085400843084004 0.00000000099999999999 0.52676853624885811023 0.46363058952672797641 0.00000000099999999999 0.00000000099999999999 0.00000001621598294904 0.00000000099999999999 
0.00011549223762384565 0.00000000100000000000 0.00000145919020529895 0.25329753113292396982 0.00000000100000000000 0.00000000100000000000 0.74511884456555610434 0.00146666987369081271 
0.00000000100000000000 0.00000000100000000000 0.00000000100000000000 0.26129493281939630833 0.00000002128497750844 0.00000000100000000000 0.73808847250658138339 0.00061656938904482215 
0.00000000099999999999 0.00000000099999999999 0.00000000099999999999 0.24686011338967672746 0.00000000099999999999 0.00000000099999999999 0.72332195753852912556 0.02981792407179423635 
0.02263675473317173711 0.00000000100000000000 0.00000000100000000000 0.21744040528207769780 0.00000000100000000000 0.00000000100000000000 0.75989298308763741918 0.00002985289711320384 
0.00000000099999999998 0.00000000099999999998 0.39731778864854006006 0.60268220535145999861 0.00000000099999999998 0.00000000099999999998 0.00000000099999999998 0.00000000099999999998 
0.00000000099999999999 0.00000000099999999999 0.58646284614114774225 0.39994880164988844129 0.00000000099999999999 0.00000000099999999999 0.00000000099999999999 0.01358834720896387113 
0.00000000099999999996 0.00000000099999999996 0.99999999299999997593 0.00000000099999999996 0.00000000099999999996 0.00000000099999999996 0.00000000099999999996 0.00000000099999999996 
0.07406395539559772201 0.00796536164509875286 0.51327327980931791718 0.35998761528273448551 0.00000000100000000000 0.00000000100000000000 0.04470975140996702457 0.00000003445728418863 
0.00045272281941777297 0.00000000099999999999 0.53137952144691968925 0.39436793937370534513 0.00000000099999999999 0.00000000099999999999 0.07379981235995730637 0.00000000099999999999 
0.00000000100000000000 0.00000000100000000000 0.19932290655127979373 0.09331452252037769624 0.04953608128453126230 0.00026766059482517265 0.61790062976116777449 0.03965819728781817127 
0.00000000099999999997 0.00000000099999999997 0.99999999299999997593 0.00000000099999999997 0.00000000099999999997 0.00000000099999999997 0.00000000099999999997 0.00000000099999999997 
0.00000000099999999999 0.00000000099999999999 0.47758246167055612430 0.49582629564477231909 0.00000000099999999999 0.00000000099999999999 0.02659123768467156618 0.00000000099999999999 
0.00000000099999999996 0.00000000099999999996 0.99999999300000008695 0.00000000099999999996 0.00000000099999999996 0.00000000099999999996 0.00000000099999999996 0.00000000099999999996 
0.03867141150988872428 0.00000000099999999999 0.27552370038725759738 0.30358920329340616240 0.00000000099999999999 0.02521797738826182800 0.35699770442118561320 0.00000000099999999999 
0.00182184181729596879 0.00660904502954687799 0.27045972296850917527 0.20395994879318476989 0.02261943940375017725 0.00000006236388088260 0.49443138513024548208 0.00009855449358680780 
0.00000000099999999999 0.00000000099999999999 0.47897226364874734283 0.51894925569141459043 0.00000000099999999999 0.00000000099999999999 0.00207847565983812878 0.00000000099999999999 
0.00000000100000000000 0.00000000100000000000 0.53230153730645368704 0.46769845334233262069 0.00000000100000000000 0.00000000100000000000 0.00000000435121361802 0.00000000100000000000 
0.00000000099999999999 0.00000000099999999999 0.09929514867843904080 0.31566491047801675807 0.00000000099999999999 0.00000000099999999999 0.58503993584354407886 0.00000000099999999999 
0.01646272172490995458 0.00807891947038702832 0.15946807893555187130 0.10774029075452190574 0.02007043835976889817 0.01002122774437243929 0.65748074869616313087 0.02067757431432485499 
0.06488964969611579758 0.00000001694558707329 0.18454401614775889362 0.17617397410335652874 0.00005890673484446101 0.01280028696168751881 0.56151383437652313546 0.00001931503412666415 
0.00000000099999999999 0.00000000099999999999 0.51037496540885274321 0.48962502859114731546 0.00000000099999999999 0.00000000099999999999 0.00000000099999999999 0.00000000099999999999 
0.00000000099999999992 0.00000000099999999992 0.00000000099999999992 0.99999999299999997593 0.00000000099999999992 0.00000000099999999992 0.00000000099999999992 0.00000000099999999992 
0.09328336966274790309 0.00000000100000000000 0.51288447491248123633 0.32803119842600553246 0.00000000100000000000 0.00010995992535619391 0.06569099407340932284 0.00000000100000000000 
0.02291352527527518168 0.00000000100000000000 0.13556173594783321734 0.14743713990318577101 0.00000049355141222476 0.00000000100000000000 0.69408261242460933538 0.00000449089768429592 
0.00000044232338665996 0.01800621702161236612 0.00000000100000000000 0.30415700557316860397 0.00000000100000000000 0.00000000100000000000 0.67783633108183238836 0.00000000100000000000 
0.00000000100000000000 0.00000000100000000000 0.66056355373416053567 0.33150348562550502329 0.00000000100000000000 0.00000000100000000000 0.00793295564033457724 0.00000000100000000000 
0.00000000099999999999 0.00000000099999999999 0.60626368972080013631 0.39373630427919986685 0.00000000099999999999 0.00000000099999999999 0.00000000099999999999 0.00000000099999999999 
0.00000000099999999999 0.00000000099999999999 0.55262603696242451612 0.44737395703757548704 0.00000000099999999999 0.00000000099999999999 0.00000000099999999999 0.00000000099999999999 
0.00000000099999999996 0.00000000099999999996 0.99999999299999997593 0.00000000099999999996 0.00000000099999999996 0.00000000099999999996 0.00000000099999999996 0.00000000099999999996 
0.00000000099999999995 0.00000000099999999995 0.99999999299999997593 0.00000000099999999995 0.00000000099999999995 0.00000000099999999995 0.00000000099999999995 0.00000000099999999995 
0.04654271842548171612 0.00000000100000000000 0.49148338401175234447 0.43315798783966419361 0.00000000100000000000 0.00000000100000000000 0.02881590572310162995 0.00000000100000000000 
