0.35076869697705731488 0.03484152063350722667 0.00000096749801611029 0.00203834784395615825 0.03062870600811183272 0.00649913835092935221 0.04272136142503811518 0.53250126126338381827 
0.99999999300000008695 0.00000000099999999983 0.00000000099999999983 0.00000000099999999983 0.00000000099999999983 0.00000000099999999983 0.00000000099999999983 0.00000000099999999983 
0.00000000099999999999 0.00000000099999999999 0.00000000099999999999 0.00000000099999999999 0.00000000099999999999 0.00000000099999999999 0.00000000099999999999 0.99999999300000008695 
0.00000000099999999999 0.00000000099999999999 0.00000000099999999999 0.00000000099999999999 0.00000000099999999999 0.00000000099999999999 0.00000000099999999999 0.99999999300000008695 
0.42556392664066761133 0.02550634314297248184 0.05226683411663674700 0.00001478876462147735 0.00081179767069726949 0.00000000100000000000 0.00000000957420839855 0.49583629909019605320 
0.00000000099999999999 0.00000000099999999999 0.00000000099999999999 0.00000000099999999999 0.00000000099999999999 0.00000000099999999999 0.00000000099999999999 0.99999999299999997593 
0.30324091768097588551 0.00312778434052615392 0.00000000100000000000 0.05294814217467697093 0.00000000100000000000 0.00376475169204266080 0.13597459338916009775 0.50094380872261823345 
0.29124629635589782684 0.01584096251659651566 0.00000000100000000000 0.00000246247924147864 0.00000907817611779313 0.02787062183950719807 0.00000065422601197126 0.66502992340662714366 
0.35645462199646243961 0.04556046595734180443 0.00000000100000000000 0.05119001511367167467 0.00000000100000000000 0.01063632545110585782 0.00000000100000000000 0.53615856848141796309 
0.34226299470719045992 0.05691477285543238007 0.03797155846729202699 0.00000000100000000000 0.00485723540967121503 0.00000000100000000000 0.00222685602816377658 0.55576658053225014289 
0.33316857781938413741 0.02389762541485467018 0.01120276940657844410 0.09720039539128157158 0.02654980422922293901 0.02261160595930342479 0.00000000100000000000 0.48536922077937477704 
0.34364959765021907412 0.00744686795205825279 0.00000000100000000000 0.03543144536868473443 0.01578707510838566960 0.00000000100000000000 0.00000000100000000000 0.59768501092065218216 
0.33643448491277633261 0.00000000099999999999 0.00000000099999999999 0.01486543373590524554 0.00012172769999033160 0.06762570146112627245 0.00000000099999999999 0.58095264919020173089 
0.00000000099999999998 0.00000000099999999998 0.00000000099999999998 0.00000000099999999998 0.00000000099999999998 0.00000000099999999998 0.00000000099999999998 0.99999999300000008695 
0.18824190217450587070 0.00433959502094576066 0.00126768952552805208 0.00002269830569464197 0.04499753049280497130 0.00321953833124377815 0.03676935789634800528 0.72114168825292890297 
0.36277067796854750581 0.00000000100000000000 0.00000000100000000000 0.07728540381625714772 0.00000000100000000000 0.05543945783081643403 0.00000027666838224509 0.50450418071599656411 
0.34978478869510881699 0.04670394003680723022 0.00000087481233409507 0.02583284985194195943 0.00000030993235285144 0.00926366989727230722 0.00000000100000000000 0.56841356577418267193 
0.34107711636480414485 0.00000000100000000000 0.02354228281474306239 0.08720289344007177423 0.00710486081228851700 0.00000000100000000000 0.01639841268308729963 0.52467443188500506590 
0.36141949495374409151 0.00000000387149129648 0.02083770269917318077 0.02575864026063076628 0.07482767396454405306 0.00000000100000000000 0.00000000100000000000 0.51715648225041666031 
0.34306472900572537732 0.00806471777952237970 0.00000000100000000000 0.12558731572635484230 0.03538500314761792304 0.00823144280171239466 0.00000000100000000000 0.47966678953906716210 
0.30921626662781925843 0.00000000100000000000 0.00004051139576837649 0.00000000100000000000 0.04807789164883069510 0.04509465834609998475 0.00000002471978105556 0.59757064526170056151 
0.39193060776605403994 0.00013628916779120513 0.01264698107340095183 0.01932156334023478819 0.03995792718859287468 0.00000000100000000000 0.00000000100000000000 0.53600662946392607644 
0.32700055950185324960 0.01571098947075638685 0.00166642428768258620 0.04565400761252307038 0.02130443668838631968 0.01624476416202150220 0.00000236743920352559 0.57241645083757330958 
0.99999999300000019797 0.00000000099999999991 0.00000000099999999991 0.00000000099999999991 0.00000000099999999991 0.00000000099999999991 0.00000000099999999991 0.00000000099999999991 
0.32471540980241109242 0.00000000100000000000 0.00000030374458468197 0.07986586467401214640 0.00084450384798575098 0.03251760155119959306 0.02571613749159216977 0.53634017788821464201 
0.28362741512460959425 0.02884503642244396621 0.00000000100000000000 0.07026963286850657076 0.00000006958344384471 0.00000000100000000000 0.00000271720138341699 0.61725512679961258566 
0.38031521866560569212 0.00000001681116702456 0.00000000100000000000 0.06433434832120664415 0.01090797170760364476 0.00330440422343408454 0.05571627122187317038 0.48542176804910980303 
0.39290907250633927417 0.04216143882473707971 0.00000000100000000000 0.00000071050636266181 0.01971873367339667740 0.05852693153526306730 0.00000000100000000000 0.48668311095390121013 
0.34348453378407822756 0.00000000100000000000 0.00000000100000000000 0.00524920682761639921 0.05662583217786107403 0.04998933334424336683 0.00000000100000000000 0.54465109086620067114 
0.38479778747280757312 0.00146523038765551932 0.00000000100000000000 0.02536589344408095650 0.02915526188251828243 0.01985629915029051701 0.00000000100000000000 0.53935952566264699914 
0.29231262208730940388 0.00843278954302736396 0.00000000100000000000 0.02064914366251706379 0.01805313881269193788 0.07348538469614188107 0.00000000100000000000 0.58706691919831244242 
0.18578403835927734256 0.00000000099999999999 0.01208313684000155049 0.12314947646058944930 0.00000000099999999999 0.00000001216271307230 0.00993229637720369207 0.66905103780021479842 
0.33246211446439588588 0.01175144470310141021 0.01530890332621743719 0.10572828641158732443 0.01201801599474572151 0.04745180259314822624 0.00000000100000000000 0.47527943150680407314 
0.99999999300000008695 0.00000000099999999993 0.00000000099999999993 0.00000000099999999993 0.00000000099999999993 0.00000000099999999993 0.00000000099999999993 0.00000000099999999993 
0.99999999300000019797 0.00000000099999999997 0.00000000099999999997 0.00000000099999999997 0.00000000099999999997 0.00000000099999999997 0.00000000099999999997 0.00000000099999999997 
0.33729636673509161282 0.05089701733808552758 0.02734376361454596976 0.00000002175545445945 0.04378456604400040447 0.01993959821317393619 0.00117926433940467967 0.51955940196024341660 
0.99999999300000019797 0.00000000099999999984 0.00000000099999999984 0.00000000099999999984 0.00000000099999999984 0.00000000099999999984 0.00000000099999999984 0.00000000099999999984 
0.27992163799623631659 0.02031470046318478717 0.00508315386935504453 0.00000000100000000000 0.03378242615364836221 0.04616373887345111282 0.00000320327097591699 0.61473113837314852237 
0.00000000099999999998 0.01844238056143629803 0.00000000099999999998 0.00000000099999999998 0.00000000099999999998 0.00000000099999999998 0.00000000099999999998 0.98155761343856362533 
0.41407924628120706956 0.02063622728735454298 0.01414174766373730262 0.07157822066582954224 0.00000000100000000000 0.00230544435983831607 0.00000000100000000000 0.47725911174203317078 
0.41815666349599561746 0.00837049879156500504 0.00000000100000000000 0.00048738764135676066 0.03459823688700874866 0.00000000100000000000 0.00000000100000000000 0.53838721018407387220 
0.31269995281330453807 0.00000000100000000000 0.03723013161528898607 0.14135878250863662120 0.00000000100000000000 0.00000000100000000000 0.00446125540228241215 0.50424987466048720730 
0.28080744413110403368 0.04084936574409671339 0.00000000100000000000 0.00000000100000000000 0.01612931542359104242 0.00000000100000000000 0.00000000100000000000 0.66221387070120807383 
0.29379123594372580364 0.01830965778736383734 0.02333887812685936716 0.01594987601052810441 0.03411164447091106361 0.00000003290355502145 0.01672936540305820438 0.59776930935399863465 
0.36317494221970514356 0.00781099408072518687 0.00000000468686808183 0.04097617282984570425 0.00000130303955969608 0.00000000100000000000 0.03424189161806207721 0.55379469052523400130 
0.99999999300000008695 0.00000000099999999993 0.00000000099999999993 0.00000000099999999993 0.00000000099999999993 0.00000000099999999993 0.00000000099999999993 0.00000000099999999993 
0.31739322932786895315 0.00000000100000000000 0.00000000100000000000 0.06391727221615527144 0.03293365192698406024 0.00000000100000000000 0.04306657554780644187 0.54268926798118533039 
0.34589338045551493162 0.04026609258453103801 0.00017733227502544571 0.06578560085255465151 0.00000036798168539436 0.03725127796142346792 0.02105545636135443613 0.48957049152791054514 
0.31741263747654807625 0.00286601374294791949 0.00000000100000000000 0.02602789750443090452 0.04803445799409039596 0.00000064609495470361 0.10742668778199664092 0.49823165840503136348 
0.00000000099999999997 0.00000000099999999997 0.00000000099999999997 0.00000000099999999997 0.00000000099999999997 0.00000000099999999997 0.00000000099999999997 0.99999999300000008695 
0.37380266973001524677 0.00366918862910679908 0.00000000100000000000 0.07631991140044555588 0.00041967906169392368 0.07774699218088829133 0.00006535645108069811 0.46797620154676949911 
0.36659279281149748098 0.03889009573329875458 0.00000000100000000000 0.04140032762279411555 0.06793268918768413656 0.00000000100000000000 0.02908386586727492590 0.45610022677745060138 
0.30177139772614519631 0.04224774078913346581 0.02334910255039784194 0.00000000100000000000 0.00167802988213758817 0.00001344994667653859 0.00000002214204221345 0.63094025596346714480 
0.37755181120986602838 0.00430496910675278767 0.00000000100000000000 0.07211249900203185736 0.02025771711741800388 0.01119445593036697342 0.04252282840971740446 0.47205571822384695402 
0.14504281767281032578 0.00279755591748427320 0.00825429325783402085 0.00000017199778909701 0.00000008217603700530 0.04058686883005925561 0.07561022560040511764 0.72770798454758089946 
0.43677959134492788662 0.02703514961945884323 0.00000000100000000000 0.00000000100000000000 0.02792113570558591579 0.12503765791406940000 0.00000000100000000000 0.38322646241595792471 
0.99999999300000019797 0.00000000099999999991 0.00000000099999999991 0.00000000099999999991 0.00000000099999999991 0.00000000099999999991 0.00000000099999999991 0.00000000099999999991 
0.25982698936870263218 0.00000000100000000000 0.00000000100000000000 0.03317708259140401267 0.01378682269123753662 0.09128342115379997623 0.00029731154709146553 0.60162837064776431006 
0.35523118389134350492 0.00000000100000000000 0.00000004335053393122 0.07536113352614688676 0.00413916163099839647 0.03022575023066529157 0.00000000100000000000 0.53504272537031183354 
0.30038986207039847232 0.03976406539550546293 0.00000000100000000000 0.03847885763575079054 0.10395816830973382550 0.11016233493394542164 0.00000000100000000000 0.40724670965466597261 
0.35412479087147918921 0.00982437685743202567 0.00000000100000000000 0.10343997755629515123 0.02069452224435665982 0.04947727392103156568 0.03400749139964896750 0.42843156614975647090 
0.00000000099999999999 0.00000000099999999999 0.00000000099999999999 0.00000152518959066675 0.00000000186551564211 0.00000000099999999999 0.00000000099999999999 0.99999846794489377633 
0.31802141539950334881 0.04844624375133321087 0.00000568048184956378 0.03490419518800900317 0.00000000100000000000 0.00000000100000000000 0.07656822573155711020 0.52205423744774770434 
0.37944219351415819919 0.01742301092015501041 0.00000000100000000000 0.09814431444870076737 0.00662410839285540454 0.00000000100000000000 0.00000000100000000000 0.49836636972413067559 
0.20406485467031790226 0.00711938376549265013 0.00000000100000000000 0.05068021830949451245 0.01059299092884814254 0.05439565687187897930 0.04741757994103863727 0.62572931451292923555 
0.25939970055959477024 0.00256520761304586311 0.02889479007039626873 0.00000000100000000000 0.00872366925123640481 0.00000004125247436264 0.00000000100000000000 0.70041658925325223084 
0.00000000099999999999 0.00000000099999999999 0.00000000099999999999 0.00000000099999999999 0.00000000099999999999 0.00000000099999999999 0.00000000186532479823 0.99999999213467516412 
0.32724101006299016747 0.01627450186622075856 0.02182273645731148959 0.08432957331759446951 0.01615044756671689744 0.00000015881231702024 0.05657787099271321257 0.47760370092413589882 
0.35698089065576954493 0.00000926619423448153 0.00000000510172370448 0.03779755610970943203 0.04510773869695058891 0.00006088044567206633 0.05451195075366651460 0.50553171204227376201 
0.35310817876512656799 0.00781441504192951705 0.00000000100000000000 0.00000000262511641047 0.03215174932154271636 0.05493045502006261432 0.01428777696331410586 0.53770742126290793639 
0.25503241963640277401 0.00000000100000000000 0.00000214593184662123 0.21712294722386932255 0.00000000100000000000 0.05519410977803287238 0.02811888814465458852 0.44452948728519375843 
0.05301612541322269639 0.06573875152080456419 0.00000000100000000000 0.04709787863720142631 0.33268016816652412615 0.00000000100000000000 0.00000000100000000000 0.50146707326224715384 
0.00000000099999999998 0.00000000099999999998 0.00000000099999999998 0.00000000099999999998 0.00000000099999999998 0.00000000099999999998 0.00000000099999999998 0.99999999299999997593 
0.00000000099999999998 0.00000000099999999998 0.00000000099999999998 0.00000000099999999998 0.00000000099999999998 0.00000000099999999998 0.00000000099999999998 0.99999999299999997593 
0.32642217225171527017 0.02803472264137819858 0.04300798198239633857 0.00012944949868976739 0.06734326542112993585 0.00000029395793747896 0.00000000100000000000 0.53506211324675301277 
0.32955803672934019799 0.00988409277393838964 0.03980931050698528068 0.08754800253111781616 0.00000000100000000000 0.00000000219641718815 0.00000000100000000000 0.53320055326220106018 
0.30957406162099848634 0.02987793640195802666 0.00354652965177120567 0.00869795825579122890 0.04037902452989407254 0.00000000151712506067 0.05016730476804746180 0.55775718325441447920 
0.00000000099999999999 0.00000000099999999999 0.00000000099999999999 0.00000000099999999999 0.00000000099999999999 0.00000000099999999999 0.00081235429859753770 0.99918763970140245245 
0.00000000099999999999 0.00000000099999999999 0.00000000099999999999 0.00000000099999999999 0.00000000099999999999 0.00000000099999999999 0.00000000099999999999 0.99999999299999997593 
0.38491179400855274340 0.01376897492640141718 0.01635801832267877107 0.02461962316458187958 0.03215384494550733996 0.00000000450761323980 0.00000000100000000000 0.52818773912466443488 
0.99999999300000008695 0.00000000099999999993 0.00000000099999999993 0.00000000099999999993 0.00000000099999999993 0.00000000099999999993 0.00000000099999999993 0.00000000099999999993 
0.38421640433953002658 0.03218120649455575438 0.00009235694078768894 0.04717994235922607499 0.03586550936207636570 0.00000000100000000000 0.06366506560539342274 0.43679951389843052478 
0.24828500724517021947 0.00000000100000000000 0.00415134007301450926 0.02275191972777441951 0.03606272633433971891 0.00001000770227941510 0.06762809546445797126 0.62111090245296396439 
0.42290600597974137287 0.05660334758877227229 0.04622720234219903496 0.03225558594095513654 0.01453338873625509807 0.00000000100000000000 0.00000000100000000000 0.42747446741207723031 
0.29486915582646316958 0.00128674205231120811 0.00000000100000000000 0.08894749576500511623 0.03332799354253530161 0.00324295522706685236 0.09468325549677993058 0.48364240108983846955 
0.21392094237723199845 0.00086939998171868364 0.00222869027766891712 0.00000000100000000000 0.02949188776174300336 0.00000000100000000000 0.01129528028711119549 0.74219379731452628235 
0.00000000099999999999 0.00000000099999999999 0.00000000099999999999 0.00000000099999999999 0.00000000099999999999 0.00000000099999999999 0.00000000099999999999 0.99999999299999997593 
0.34445845401150471110 0.02150407093650989407 0.00752790732391987738 0.10739012329558275671 0.03245982445630220259 0.00000000100000000000 0.00845660651635630513 0.47820301245982410610 
0.23679692529807752632 0.00000008814863875703 0.01030202829185873116 0.04987593529184777830 0.00000005950031236477 0.00000000198327904241 0.03286775445028887466 0.67015720703569703343 
0.29956480997124163013 0.00000507638843562416 0.04396560402059553757 0.11335477905496088580 0.03896337651568319155 0.00000000100000000000 0.00088116307098129519 0.50326518997810187894 
0.17357279600021752186 0.00648488043676307205 0.00003010550895057275 0.05013508771823604188 0.00434060895137703719 0.02959615495390501699 0.02069328886422695454 0.71514707756632367452 
0.00000000099999999998 0.00000000099999999998 0.00000000099999999998 0.00000000099999999998 0.00000000099999999998 0.00000000099999999998 0.00000000099999999998 0.99999999300000008695 
0.27353486772621932177 0.01757054125233873179 0.00025198574918997154 0.04427005685011006081 0.05603811628837419845 0.00000000100000000000 0.07605441635588865157 0.53228001477787900697 
0.10235230977418757758 0.00000455298102613426 0.04338542074780418756 0.00000000100000000000 0.00041624967744944115 0.00000000100000000000 0.06369783844421020302 0.79014362637532231659 
0.41360841800912379052 0.04365560701906066876 0.00000000100000000000 0.01349326771261971820 0.00000006187578204026 0.03335400136653278447 0.00027506141689576265 0.49561358159998514239 
0.32746845419426112711 0.06284763268228275856 0.00000000100000000000 0.00000000100000000000 0.01114498116940933724 0.04768972376528410329 0.06327347923101508953 0.48757572695774742400 
0.19010700584314418893 0.03141583501886161672 0.00000129238553808753 0.71374404797690749191 0.04990722859753378426 0.00009615430608592373 0.00000000100000000000 0.01472843487192885582 
0.00000000099999999999 0.00000000099999999999 0.00000000099999999999 0.99999999300000008695 0.00000000099999999999 0.00000000099999999999 0.00000000099999999999 0.00000000099999999999 
0.17135114976658882835 0.00014457597922563163 0.00000000100000000000 0.73647502772266459914 0.08990302653433406010 0.00130463586549204431 0.00082158213169465730 0.00000000100000000000 
0.00000000099999999997 0.00000000099999999997 0.00000000099999999997 0.99999999299999997593 0.00000000099999999997 0.00000000099999999997 0.00000000099999999997 0.00000000099999999997 
0.08160223437363671450 0.07384731995630999801 0.00000000723674897856 0.66352060461978568107 0.06918652786445127212 0.03545318296456358848 0.00000003112253599891 0.07639009186196780987 
0.00000000099999999998 0.00000000099999999998 0.00000000099999999998 0.99999999299999997593 0.00000000099999999998 0.00000000099999999998 0.00000000099999999998 0.00000000099999999998 
0.00000000099999999999 0.00000000099999999999 0.00000000099999999999 0.99999999299999997593 0.00000000099999999999 0.00000000099999999999 0.00000000099999999999 0.00000000099999999999 
0.00000000099999999998 0.00000000099999999998 0.00000000099999999998 0.99999999300000008695 0.00000000099999999998 0.00000000099999999998 0.00000000099999999998 0.00000000099999999998 
0.00000000099999999999 0.00000000099999999999 0.00000000099999999999 0.99999999300000008695 0.00000000099999999999 0.00000000099999999999 0.00000000099999999999 0.00000000099999999999 
0.00000000099999999998 0.00000000099999999998 0.00000000099999999998 0.99999999299999997593 0.00000000099999999998 0.00000000099999999998 0.00000000099999999998 0.00000000099999999998 
0.11691788573654582351 0.02978574525724428726 0.00000000100000000000 0.78956402368972045114 0.06373207420231835618 0.00000026811417096204 0.00000000100000000000 0.00000000100000000000 
0.00000000099999999999 0.00000000177696114658 0.00000000099999999999 0.99999999222303881385 0.00000000099999999999 0.00000000099999999999 0.00000000099999999999 0.00000000099999999999 
0.00000000099999999998 0.00000000099999999998 0.00000000099999999998 0.99999999299999997593 0.00000000099999999998 0.00000000099999999998 0.00000000099999999998 0.00000000099999999998 
0.00000000099999999998 0.00000000099999999998 0.00000000099999999998 0.99999999299999997593 0.00000000099999999998 0.00000000099999999998 0.00000000099999999998 0.00000000099999999998 
0.00000000099999999998 0.00000000099999999998 0.00000000099999999998 0.99999999299999997593 0.00000000099999999998 0.00000000099999999998 0.00000000099999999998 0.00000000099999999998 
0.00000000099999999998 0.00000000099999999998 0.00000000099999999998 0.99999999299999997593 0.00000000099999999998 0.00000000099999999998 0.00000000099999999998 0.00000000099999999998 
0.10084036166535734202 0.02231176399287893714 0.00000100398056849234 0.77583520018797968998 0.07920094973772659475 0.00007077390518327771 0.02173994553030559815 0.00000000100000000000 
0.00000000099999999998 0.00000000099999999998 0.00000000099999999998 0.99999999299999997593 0.00000000099999999998 0.00000000099999999998 0.00000000099999999998 0.00000000099999999998 
0.00000000099999999998 0.00000132771537034873 0.00000000099999999998 0.99999866628462974472 0.00000000099999999998 0.00000000099999999998 0.00000000099999999998 0.00000000099999999998 
0.07537597151066842416 0.01089867950783380418 0.00147638314969981825 0.40278588113102303803 0.10988984449294925128 0.04206704936420800622 0.14334493565622799527 0.21416125518738968192 
0.00000000099999999999 0.00000000099999999999 0.00000000099999999999 0.99999999300000008695 0.00000000099999999999 0.00000000099999999999 0.00000000099999999999 0.00000000099999999999 
0.00000000099999999996 0.00000000099999999996 0.00000000099999999996 0.99999999299999997593 0.00000000099999999996 0.00000000099999999996 0.00000000099999999996 0.00000000099999999996 
0.00000000099999999999 0.00000000099999999999 0.00000000099999999999 0.99999999299999997593 0.00000000099999999999 0.00000000099999999999 0.00000000099999999999 0.00000000099999999999 
0.11956741475510812567 0.02579733020361122189 0.03339058633492780065 0.82122575781318296606 0.00000000100000000000 0.00001890789316982453 0.00000000100000000000 0.00000000100000000000 
0.00000000099999999998 0.00000000099999999998 0.00000000099999999998 0.99999999300000008695 0.00000000099999999998 0.00000000099999999998 0.00000000099999999998 0.00000000099999999998 
0.09459895533149081936 0.06096561423594081680 0.00000000100000000000 0.80042424831727365664 0.04401117811529468848 0.00000000100000000000 0.00000000100000000000 0.00000000100000000000 
0.00000000099999999998 0.00000000099999999998 0.00000000099999999998 0.99999999300000008695 0.00000000099999999998 0.00000000099999999998 0.00000000099999999998 0.00000000099999999998 
0.00000000099999999999 0.00000000099999999999 0.00000000099999999999 0.99999999299999997593 0.00000000099999999999 0.00000000099999999999 0.00000000099999999999 0.00000000099999999999 
0.00000000099999999997 0.00000000099999999997 0.00000000099999999997 0.99999999299999997593 0.00000000099999999997 0.00000000099999999997 0.00000000099999999997 0.00000000099999999997 
0.10437216705049968957 0.04024457490435850993 0.00000000100000000000 0.66613299937533720918 0.07280882057088816639 0.00797724331769182615 0.01773520862325468281 0.09072898515797005181 
0.00000000099999999999 0.00000000099999999999 0.00000000099999999999 0.99999999299999997593 0.00000000099999999999 0.00000000099999999999 0.00000000099999999999 0.00000000099999999999 
0.00000000099999999996 0.86232158678556114495 0.00000000099999999996 0.13767840721443896923 0.00000000099999999996 0.00000000099999999996 0.00000000099999999996 0.00000000099999999996 
0.00000000099999999995 0.99999999300000008695 0.00000000099999999995 0.00000000099999999995 0.00000000099999999995 0.00000000099999999995 0.00000000099999999995 0.00000000099999999995 
0.00000000099999999995 0.99999999300000019797 0.00000000099999999995 0.00000000099999999995 0.00000000099999999995 0.00000000099999999995 0.00000000099999999995 0.00000000099999999995 
0.00000000099999999995 0.99999999300000008695 0.00000000099999999995 0.00000000099999999995 0.00000000099999999995 0.00000000099999999995 0.00000000099999999995 0.00000000099999999995 
0.00000000099999999994 0.99999999300000019797 0.00000000099999999994 0.00000000099999999994 0.00000000099999999994 0.00000000099999999994 0.00000000099999999994 0.00000000099999999994 
0.00000000099999999993 0.99999999300000019797 0.00000000099999999993 0.00000000099999999993 0.00000000099999999993 0.00000000099999999993 0.00000000099999999993 0.00000000099999999993 
0.00000000099999999994 0.99999999300000008695 0.00000000099999999994 0.00000000099999999994 0.00000000099999999994 0.00000000099999999994 0.00000000099999999994 0.00000000099999999994 
0.00000000099999999995 0.99999999300000019797 0.00000000099999999995 0.00000000099999999995 0.00000000099999999995 0.00000000099999999995 0.00000000099999999995 0.00000000099999999995 
0.00000000099999999993 0.99999999300000008695 0.00000000099999999993 0.00000000099999999993 0.00000000099999999993 0.00000000099999999993 0.00000000099999999993 0.00000000099999999993 
0.00000000099999999993 0.99999999300000019797 0.00000000099999999993 0.00000000099999999993 0.00000000099999999993 0.00000000099999999993 0.00000000099999999993 0.00000000099999999993 
0.00000000099999999994 0.99999999300000019797 0.00000000099999999994 0.00000000099999999994 0.00000000099999999994 0.00000000099999999994 0.00000000099999999994 0.00000000099999999994 
0.00000000099999999995 0.99999999300000019797 0.00000000099999999995 0.00000000099999999995 0.00000000099999999995 0.00000000099999999995 0.00000000099999999995 0.00000000099999999995 
0.00000000099999999999 0.37856774792042113820 0.00000000099999999999 0.00000000099999999999 0.62143224607957869843 0.00000000099999999999 0.00000000099999999999 0.00000000099999999999 
0.00000000099999999993 0.99999999300000008695 0.00000000099999999993 0.00000000099999999993 0.00000000099999999993 0.00000000099999999993 0.00000000099999999993 0.00000000099999999993 
0.00000000099999999994 0.99999999300000019797 0.00000000099999999994 0.00000000099999999994 0.00000000099999999994 0.00000000099999999994 0.00000000099999999994 0.00000000099999999994 
0.00000000099999999994 0.99999999300000008695 0.00000000099999999994 0.00000000099999999994 0.00000000099999999994 0.00000000099999999994 0.00000000099999999994 0.00000000099999999994 
0.00000000099999999996 0.99999999300000019797 0.00000000099999999996 0.00000000099999999996 0.00000000099999999996 0.00000000099999999996 0.00000000099999999996 0.00000000099999999996 
0.00000000099999999994 0.99999999300000008695 0.00000000099999999994 0.00000000099999999994 0.00000000099999999994 0.00000000099999999994 0.00000000099999999994 0.00000000099999999994 
0.00000000099999999993 0.99999999300000008695 0.00000000099999999993 0.00000000099999999993 0.00000000099999999993 0.00000000099999999993 0.00000000099999999993 0.00000000099999999993 
0.00000000099999999994 0.99999999300000008695 0.00000000099999999994 0.00000000099999999994 0.00000000099999999994 0.00000000099999999994 0.00000000099999999994 0.00000000099999999994 
0.00000000099999999999 0.54748028815096350108 0.00000000099999999999 0.00000000099999999999 0.45251970584903655759 0.00000000099999999999 0.00000000099999999999 0.00000000099999999999 
0.00000000099999999994 0.99999999300000019797 0.00000000099999999994 0.00000000099999999994 0.00000000099999999994 0.00000000099999999994 0.00000000099999999994 0.00000000099999999994 
0.00000000099999999999 0.59700828470289202254 0.00000000099999999999 0.00000000099999999999 0.40299170929710820266 0.00000000099999999999 0.00000000099999999999 0.00000000099999999999 
0.00000000099999999994 0.99999999300000019797 0.00000000099999999994 0.00000000099999999994 0.00000000099999999994 0.00000000099999999994 0.00000000099999999994 0.00000000099999999994 
0.00000000099999999995 0.99999999300000008695 0.00000000099999999995 0.00000000099999999995 0.00000000099999999995 0.00000000099999999995 0.00000000099999999995 0.00000000099999999995 
0.00000000099999999993 0.99999999300000019797 0.00000000099999999993 0.00000000099999999993 0.00000000099999999993 0.00000000099999999993 0.00000000099999999993 0.00000000099999999993 
0.04071480311628760534 0.00000000100000000000 0.32809127153549805245 0.00604847710602492324 0.00000000100000000000 0.49566192221216448521 0.12948352303002483299 0.00000000100000000000 
0.00000000099999999999 0.00000000099999999999 0.00000000099999999999 0.00000000099999999999 0.00000000099999999999 0.00000000099999999999 0.99999999299999997593 0.00000000099999999999 
0.00000000099999999999 0.00000000099999999999 0.00000000099999999999 0.00000000099999999999 0.00000000099999999999 0.05526044047055641423 0.94473955352944349873 0.00000000099999999999 
0.00000000099999999998 0.00000000099999999998 0.00000000099999999998 0.00000000099999999998 0.00000000099999999998 0.99999999299999997593 0.00000000099999999998 0.00000000099999999998 
0.01412908105871702250 0.00000000099999999999 0.04044936934203510054 0.00000000099999999999 0.00000000099999999999 0.00000000099999999999 0.94542154459924798715 0.00000000099999999999 
0.00000068942724929018 0.00000000099999999999 0.00000000099999999999 0.00000000099999999999 0.00000000099999999999 0.08704387393917047133 0.91295543163358017225 0.00000000099999999999 
0.00000000099999999999 0.00000000099999999999 0.00000000099999999999 0.00000000099999999999 0.00000000099999999999 0.00001363555853431726 0.99998635844146555041 0.00000000099999999999 
0.00000000099999999999 0.00000000099999999999 0.07212936805892958270 0.00000000099999999999 0.00000000099999999999 0.00001095472622662568 0.86388419512834624392 0.06397547808649745038 
0.00000000099999999999 0.00000000099999999999 0.00000000099999999999 0.00000000099999999999 0.00000000099999999999 0.00000000099999999999 0.99999999299999997593 0.00000000099999999999 
0.00000000100000000000 0.00000000100000000000 0.00000000100000000000 0.00000000100000000000 0.00152005241938478431 0.00024953062204264046 0.99823041195857253882 0.00000000100000000000 
0.03006195035538667543 0.00000000099999999999 0.03740558787637311006 0.00000000099999999999 0.00000000099999999999 0.04028013276037469004 0.89225232500786544332 0.00000000099999999999 
0.00000000100000000000 0.00000000100000000000 0.00000000100000000000 0.00000000100000000000 0.00000000100000000000 0.04743565992553401556 0.95252064443241102332 0.00004369064205498476 
0.00281330223584074553 0.00000000100000000000 0.13851466803936754446 0.01784411547004846263 0.00000000100000000000 0.47433771854299711102 0.31031255459062495605 0.05617763912112102437 
0.00000000100000000000 0.00000000100000000000 0.00000000100000000000 0.03707327296283752932 0.00105313359697519382 0.09400201454355781860 0.53611240073350763247 0.33175917516312186661 
0.00000000099999999999 0.00000000099999999999 0.06248163265541609168 0.00000000099999999999 0.00000000099999999999 0.00000000099999999999 0.93751836134458388372 0.00000000099999999999 
0.00000000099999999999 0.00000000099999999999 0.07792795987252632006 0.00000000099999999999 0.00000000099999999999 0.00000000099999999999 0.92207203412747351656 0.00000000099999999999 
0.01381265242659261185 0.01122635152741317810 0.04972712954796486978 0.00000000100000000000 0.00000000100000000000 0.00000000100000000000 0.92523386249802930248 0.00000000100000000000 
0.00000000240197156546 0.00000000100000000000 0.00000054324993748040 0.03798145117499651668 0.00000000100000000000 0.10604688233846477907 0.84523826059831508317 0.01073285823631442773 
0.00000000099999999990 0.00000000099999999990 0.99999999300000008695 0.00000000099999999990 0.00000000099999999990 0.00000000099999999990 0.00000000099999999990 0.00000000099999999990 
0.00122894473575129478 0.00000000100000000000 0.00000000100000000000 0.00000000100000000000 0.00000000100000000000 0.15990996379926172843 0.83727681121269159625 0.00158427625229527790 
0.03802833003941191725 0.00091845625410479407 0.25331864763366057636 0.00000000100000000000 0.00000000100000000000 0.70720617353928494353 0.00052838953353751114 0.00000000100000000000 
0.00000000099999999998 0.00000000099999999998 0.00000000099999999998 0.00000000099999999998 0.00000000099999999998 0.99999999300000008695 0.00000000099999999998 0.00000000099999999998 
0.00000000100000000000 0.00000000100000000000 0.02217316595280601974 0.00000000100000000000 0.00000000100000000000 0.00256569980334393592 0.97526112924385011116 0.00000000100000000000 
0.00000000099999999999 0.00000000099999999999 0.00000000099999999999 0.00000000099999999999 0.00000000099999999999 0.08588385109440999088 0.91411614290558995677 0.00000000099999999999 
0.00000000100000000000 0.00975089417235560155 0.21327259739376425163 0.00136417615792912045 0.00000000100000000000 0.69867904340032216393 0.07682771607021948723 0.00010557080540939068 
0.00000000099999999999 0.00000000099999999999 0.00000000099999999999 0.00000000099999999999 0.00000000099999999999 0.08216974368847111687 0.91783025031152876139 0.00000000099999999999 
0.00000000099999999999 0.00000000099999999999 0.00000000099999999999 0.00000000099999999999 0.01379998995767047626 0.00000000099999999999 0.98620000404232943669 0.00000000099999999999 
0.00000000099999999999 0.00000000099999999999 0.25989237636309847623 0.00000000099999999999 0.00000000099999999999 0.72205145633029976793 0.01805366564926196363 0.00000249765733967289 
0.00000000099999999999 0.00000000099999999999 0.00000000099999999999 0.00000000099999999999 0.00000000099999999999 0.06079031358412600311 0.93920968041587393760 0.00000000099999999999 
0.00000000099999999998 0.00000000099999999998 0.04453780769744776491 0.00000000099999999998 0.00000000099999999998 0.00000000099999999998 0.95546218630255208559 0.00000000099999999998 
0.00000000099999999997 0.00000000099999999997 0.00000000099999999997 0.00000000099999999997 0.00000000099999999997 0.99999999299999997593 0.00000000099999999997 0.00000000099999999997 
0.00000000099999999999 0.00000000099999999999 0.00002070727013497277 0.00000000099999999999 0.00000000099999999999 0.04383121001939066508 0.91202957820592078786 0.04411850050455359828 
0.00000000127325368475 0.00000000099999999999 0.29988521806184453844 0.00000000099999999999 0.00000000099999999999 0.61982234488454035493 0.08029243178036121753 0.00000000099999999999 
0.00000000099999999998 0.00000000099999999998 0.00000000099999999998 0.00000000099999999998 0.00000000099999999998 0.99999999300000008695 0.00000000099999999998 0.00000000099999999998 
0.00000000099999999998 0.00000000099999999998 0.00000000099999999998 0.00000000099999999998 0.00000000099999999998 0.99999999300000008695 0.00000000099999999998 0.00000000099999999998 
0.00000000099999999998 0.00000000099999999998 0.00000000099999999998 0.00000000099999999998 0.00000000099999999998 0.99999999299999997593 0.00000000099999999998 0.00000000099999999998 
0.00000000099999999998 0.00000000099999999998 0.00000000099999999998 0.00000000099999999998 0.00000000099999999998 0.00000000099999999998 0.99999999299999986491 0.00000000099999999998 
0.02650065930833038486 0.00000000099999999999 0.00000000099999999999 0.00000000099999999999 0.00000000099999999999 0.00000000099999999999 0.97349933469166949340 0.00000000099999999999 
0.01232338714220814271 0.00000000099999999999 0.00000000099999999999 0.00000000099999999999 0.00000000099999999999 0.15487702107233794480 0.83279958678545373818 0.00000000099999999999 
0.00601702858522636021 0.01065191533674355456 0.00000000100000000000 0.00000000100000000000 0.00000000100000000000 0.11571856129134337754 0.81263923918506597577 0.05497325260162069099 
0.00000000099999999999 0.00000000099999999999 0.00000000099999999999 0.00000000099999999999 0.00000000099999999999 0.17094455388627677328 0.82901196525912090873 0.00004347585460242083 
0.00000000100000000000 0.00000000100000000000 0.21193455992576515357 0.01653080097284912939 0.04209045577236867480 0.56861436507726792478 0.16082981525174919191 0.00000000100000000000 
0.00000000100000000000 0.00000000100000000000 0.03993745046721389885 0.01568224423781157048 0.00480865496966809743 0.00000000100000000000 0.93957164632530631998 0.00000000100000000000 
0.00244676169257881156 0.00000000100000000000 0.08452839498917097405 0.00499445366635947480 0.00000000100000000000 0.00000089954787878183 0.90802948710401187871 0.00000000100000000000 
0.00000000099999999998 0.00000000099999999998 0.03465055420292771637 0.00000000099999999998 0.00000000099999999998 0.00000000099999999998 0.96534943979707221740 0.00000000099999999998 
0.00000000099999999999 0.00000000099999999999 0.22579341119724291587 0.04316464142637642387 0.00000000099999999999 0.22630293967363770968 0.49746638911947793638 0.00727261558326490476 
0.00000000100000000000 0.00385094860710761362 0.19631929424666527684 0.00831748584912703551 0.01264057501575272316 0.44131003494539833287 0.33755331940390365109 0.00000834093204529295 
0.00000000099999999999 0.00000000099999999999 0.00000002097927568531 0.00000000099999999999 0.00000000099999999999 0.11336453235319657318 0.88580281130658899968 0.00083263136093862070 
0.00000000100000000000 0.00015519497107040236 0.00000000100000000000 0.00000049181468561524 0.00000000100000000000 0.08472682007033704998 0.91511688335411378592 0.00000060678979305508 
0.00000000099999999999 0.00000000099999999999 0.26188066628294814908 0.00000000099999999999 0.00000000099999999999 0.47105860360279960819 0.26706072511425216209 0.00000000099999999999 
0.00000043973924372046 0.00784320931689737495 0.22364481232942801103 0.01815842295455170896 0.01275126123779334042 0.61460270554569662593 0.12260310504340313220 0.00039604383298603963 
0.00000000100000000000 0.00000000100000000000 0.23259433513935770521 0.01307316021438346271 0.00000057278407290404 0.48341220434608545009 0.23757640117168654648 0.03334332434441389381 
0.00000000099999999999 0.00000000099999999999 0.05524915262226132856 0.00000000099999999999 0.00000000099999999999 0.00000000099999999999 0.94475084137773879256 0.00000000099999999999 
0.00000000099999999999 0.00000000099999999999 0.06560142411738727197 0.00000000099999999999 0.00000000099999999999 0.00033353343704479543 0.93406503744556801383 0.00000000099999999999 
0.00000000100000000000 0.00000000100000000000 0.03627678417531983446 0.03920533270577947899 0.00000000100000000000 0.09649403500783675092 0.79219952040360763768 0.03582432470745625791 
0.00000002143780676332 0.00000000100000000000 0.24694015221038898011 0.00000000100000000000 0.00000000100000000000 0.62897902732064836506 0.12408079503115586328 0.00000000100000000000 
0.00000000100000000000 0.01320057868743500576 0.26930804923650930593 0.00000000100000000000 0.00000000100000000000 0.58342092824973068588 0.13407043982632479984 0.00000000100000000000 
0.00000000100000000000 0.00000000100000000000 0.00000000206002345884 0.02091422628094672873 0.00000000100000000000 0.06625775764313762695 0.91282801001589219947 0.00000000100000000000 
0.00000000099999999999 0.00000000099999999999 0.00000000099999999999 0.00000000099999999999 0.00000000099999999999 0.00000074883476077637 0.99999924516523919227 0.00000000099999999999 
0.00000000099999999999 0.00000000099999999999 0.00000000099999999999 0.00000000099999999999 0.00000000099999999999 0.00000000099999999999 0.99999999299999997593 0.00000000099999999999 
0.00000000099999999999 0.00000000099999999999 0.00000000099999999999 0.00000000099999999999 0.00000000099999999999 0.00000000099999999999 0.99999999299999986491 0.00000000099999999999 
0.00000000099999999999 0.00000000099999999999 0.00000000099999999999 0.00000000099999999999 0.00000000099999999999 0.11295140237186715448 0.88704859162813265439 0.00000000099999999999 
0.00000000100000000000 0.00000000100000000000 0.00000000283726781889 0.00288349918492205150 0.00000000100000000000 0.10557198004172813066 0.85243898891266578488 0.03910552602341618722 
