0.44889769440850463278 0.00000511093985247389 0.07350549119296881373 0.00000000100000000000 0.05282151514066418113 0.39966090597749664992 0.00000149643595224233 0.02510778490456103476 
0.00000000099999999989 0.00000000099999999989 0.00000000099999999989 0.00000000099999999989 0.00000000099999999989 0.99999999300000008695 0.00000000099999999989 0.00000000099999999989 
0.99999999300000008695 0.00000000099999999998 0.00000000099999999998 0.00000000099999999998 0.00000000099999999998 0.00000000099999999998 0.00000000099999999998 0.00000000099999999998 
0.99999999300000008695 0.00000000099999999998 0.00000000099999999998 0.00000000099999999998 0.00000000099999999998 0.00000000099999999998 0.00000000099999999998 0.00000000099999999998 
0.33438609495123156057 0.04030491345513436546 0.03201340533573235336 0.00000000100000000000 0.02888681459387394679 0.53622149660109375002 0.00000000393739426858 0.02818727012553973177 
0.70075749972697098933 0.00000000100000000000 0.00000000100000000000 0.06386607961045827342 0.00000000670870052531 0.22475297845208683234 0.01062343250178360808 0.00000000100000000000 
0.36895888255815340040 0.00000000100000000000 0.00000186717453551909 0.00000242774266634024 0.15956757077109998133 0.40299370998682193523 0.00000000100000000000 0.06847553976672285381 
0.58211766101178474830 0.00000000100000000000 0.01045610832842215968 0.00000000100000000000 0.00697555329827078720 0.36033219160718782392 0.00978586328628954123 0.03033262046804494766 
0.44671951119352526494 0.00000000100000000000 0.03827087482604819846 0.00000000100000000000 0.00000012716885978313 0.41415043472469131869 0.00386239432549598640 0.09699665576137940504 
0.39411152827212259098 0.00643736601169828983 0.07562315661941904077 0.08125867171781839260 0.00000000100000000000 0.44256927437894166832 0.00000000100000000000 0.00000000100000000000 
0.30769569002198082774 0.01680498689882299265 0.04918008384842428166 0.00018727558192051005 0.00000000100000000000 0.48670407552975536447 0.02654853217158295586 0.11287935494751299981 
0.47424520934227143432 0.00000000100000000000 0.01890606711689117592 0.00000615286801430389 0.00000000100000000000 0.44712353509996838330 0.00000000100000000000 0.05971903257285468558 
0.47731929056753125140 0.00000000100000000000 0.00000000100000000000 0.00000000100000000000 0.00000000100000000000 0.43688562572402800388 0.04971256646914164884 0.03608251323929887594 
0.99999999300000019797 0.00000000099999999998 0.00000000099999999998 0.00000000099999999998 0.00000000099999999998 0.00000000099999999998 0.00000000099999999998 0.00000000099999999998 
0.61794548918230440826 0.00011804189435323572 0.05282644424427672403 0.00000000100000000000 0.05673884037849079992 0.26763204131645290662 0.00000000100000000000 0.00473914098412194125 
0.41063714684318081138 0.00000000100000000000 0.00000000100000000000 0.00000000100000000000 0.00077294188465139931 0.42951486148760509298 0.05444424375922429782 0.10463080302533825372 
0.42228801276692606859 0.00000000100000000000 0.04170743931472951221 0.00000000100000000000 0.00000000100000000000 0.47253043999297195121 0.01400117898325355797 0.04947292594211872424 
0.40366486482264102298 0.00000000100000000000 0.01849373518297956626 0.08187034267507090068 0.00000000100000000000 0.41670219709064260094 0.00000000100000000000 0.07926885722866591766 
0.41124775616310532689 0.01729136216386978689 0.07324940702232664302 0.00000000562180175093 0.00000000100000000000 0.44110897347788491363 0.00000000100000000000 0.05710249355101154611 
0.35872415544677210830 0.00000000100000000000 0.04032633373370888424 0.00000000100000000000 0.00000000100000000000 0.45647841443955700091 0.00615153832614165254 0.13831955505382032001 
0.45275598011321577241 0.03312702284814682263 0.04016038985019235869 0.03119176217035610210 0.00000003809975067891 0.44276239302264946973 0.00000038705376104101 0.00000202684192775246 
0.00000000099999999997 0.00000000099999999997 0.00000000099999999997 0.00000000099999999997 0.00000000099999999997 0.99999999300000008695 0.00000000099999999997 0.00000000099999999997 
0.44740925233562112151 0.00000000100000000000 0.03600700761128215049 0.00000000100000000000 0.02043250884680225879 0.41241996608605963059 0.01307738461166275089 0.07065387850857195173 
0.00000000099999999995 0.00000000099999999995 0.00000000099999999995 0.00000000099999999995 0.00000000099999999995 0.99999999300000008695 0.00000000099999999995 0.00000000099999999995 
0.42040295859109666488 0.00000000100000000000 0.00361551206182958830 0.08838390348555980047 0.00000000100000000000 0.39928879821513385551 0.00259547564293120901 0.08571335000344879052 
0.50895141991400494330 0.00000000100000000000 0.02984595689956319117 0.00000000100000000000 0.00371091575966812958 0.37076940784924472538 0.00000000100000000000 0.08672229657751895360 
0.34414759560063484800 0.00000000100000000000 0.00225983115903523150 0.00000001534591547259 0.07400964416146189884 0.47952518759147222394 0.00000015705567838183 0.10005756808580194839 
0.37824421062802970894 0.00000000100000000000 0.07446649645560995956 0.00000000100000000000 0.00002519072144919918 0.49397925090395461423 0.04481662385913726121 0.00846822543181926894 
0.00000000099999999998 0.00000000099999999998 0.00000000099999999998 0.00000000099999999998 0.00000000099999999998 0.99999999300000008695 0.00000000099999999998 0.00000000099999999998 
0.39401712235334968026 0.00000000100000000000 0.02650463309936268788 0.00000006541193186559 0.00000000100000000000 0.50317750555507190224 0.02401463696112119198 0.05228603461916273704 
0.48734024693859301358 0.00000000100000000000 0.01992688220169051491 0.00000000100000000000 0.00000000100000000000 0.38318509610458534320 0.05962104548428075884 0.04992672627085036063 
0.49453630036481005527 0.00000000099999999999 0.00000000099999999999 0.13770767726956223420 0.00000000099999999999 0.28948589303058475108 0.00000000099999999999 0.07827012533504307257 
0.34405104906603600767 0.00159625076793703212 0.02385975371598936592 0.00000000100000000000 0.00000000100000000000 0.44320693858090237649 0.06747482105596988577 0.11981118481316525848 
0.00000000099999999997 0.00000000099999999997 0.00000000099999999997 0.00000000099999999997 0.00000000099999999997 0.99999999300000008695 0.00000000099999999997 0.00000000099999999997 
0.67445948462961669012 0.00621454869371103075 0.03777298043239332714 0.00000000100000000000 0.00200741942763347321 0.26396682102501795031 0.00000023283167539773 0.01557851195995214877 
0.39120087239804079982 0.00601495887736803667 0.10304443886826693266 0.01341969474870495331 0.00048080181772623058 0.43791940915911808929 0.04576387831210278201 0.00215594581867231596 
0.00000000099999999989 0.00000000099999999989 0.00000000099999999989 0.00000000099999999989 0.00000000099999999989 0.99999999300000008695 0.00000000099999999989 0.00000000099999999989 
0.52115723323716489634 0.02739673435495295489 0.06451158986989209698 0.00000000100000000000 0.01047235023875020196 0.37400005836889255173 0.00246183044298999660 0.00000020248735752148 
0.00000000099999999995 0.00000000099999999995 0.00000000099999999995 0.00000000099999999995 0.00000000099999999995 0.99999999300000008695 0.00000000099999999995 0.00000000099999999995 
0.00000000099999999997 0.00000000099999999997 0.00000000099999999997 0.00000000099999999997 0.00000000099999999997 0.99999999300000008695 0.00000000099999999997 0.00000000099999999997 
0.38924406365470515246 0.00265079386885255872 0.04014943295163998088 0.00000000100000000000 0.00000000100000000000 0.53508723818254622095 0.00000000100000000000 0.03286846834225595065 
0.36601992903517982514 0.00001360075984786056 0.00161104283306187407 0.13829655322269560069 0.00000000100000000000 0.37551425985394470963 0.00000000100000000000 0.11854461229527014920 
0.57437195520509121138 0.00000000100000000000 0.06857934602584084272 0.00000000100000000000 0.00067047382179458452 0.35637822094727339417 0.00000000100000000000 0.00000000100000000000 
0.51105346610528534779 0.02183513828825022970 0.04889198196096621041 0.00000000100000000000 0.01328905008263580809 0.36663831409460839739 0.00000000100000000000 0.03829204746825409095 
0.43386008379566570747 0.00000000100000000000 0.01557245827511422216 0.00001662530864121960 0.05253400908434314315 0.43495007941656577133 0.00000000100000000000 0.06306674211967004673 
0.00000000099999999996 0.00000000099999999996 0.00000000099999999996 0.00000000099999999996 0.00000000099999999996 0.99999999300000008695 0.00000000099999999996 0.00000000099999999996 
0.41542930615779088965 0.00000000100000000000 0.02480134106718709375 0.10202068094125800457 0.00000000100000000000 0.38441059261151994120 0.00000000100000000000 0.07333807622224393363 
0.37285118136148981405 0.00000000100000000000 0.04440940415890240467 0.00000000100000000000 0.03522546071851306859 0.42508426640987273526 0.03713514841747652534 0.08529453693374548784 
0.39017456281258444672 0.00000000100000000000 0.05061427736556425167 0.00000000100000000000 0.11146164063114440135 0.40269683566754493897 0.00000000100000000000 0.04505268052316191429 
0.99999999300000008695 0.00000000099999999998 0.00000000099999999998 0.00000000099999999998 0.00000000099999999998 0.00000000099999999998 0.00000000099999999998 0.00000000099999999998 
0.36154154306064451019 0.01144890497743493440 0.00675984220817341542 0.00000000100000000000 0.02740387400917930483 0.45782770754129170632 0.03217128229429256497 0.10284684490898354792 
0.35658030295905351892 0.00000000100000000000 0.11446906784646526667 0.00057249275076499907 0.03100524039420781211 0.44026224218056531079 0.00000000100000000000 0.05711065186894325602 
0.54865235220599162247 0.01770307519321622294 0.05937451267154768286 0.00000000100000000000 0.00141579880588623146 0.37269943758709944692 0.00015482153625869519 0.00000000100000000000 
0.30755126237575974857 0.00000000100000000000 0.03349839006244324097 0.02063273486773219492 0.05040023501042714682 0.50296923640529145327 0.00272634544978047006 0.08222179482856582788 
0.99999999300000008695 0.00000000099999999999 0.00000000099999999999 0.00000000099999999999 0.00000000099999999999 0.00000000099999999999 0.00000000099999999999 0.00000000099999999999 
0.00000000099999999997 0.00000000099999999997 0.00000000099999999997 0.00000000099999999997 0.00000000099999999997 0.99999999300000008695 0.00000000099999999997 0.00000000099999999997 
0.00000000099999999997 0.00000000099999999997 0.30885543787130076421 0.00000000099999999997 0.00000000099999999997 0.69114455612869929446 0.00000000099999999997 0.00000000099999999997 
0.50855195378394368877 0.00000000100000000000 0.01218430901899508235 0.05162266123465528156 0.00000000100000000000 0.33617621426892596581 0.05372593483217602550 0.03773892486130386165 
0.43790695117608763320 0.00450001281120388733 0.02143682595204226410 0.05947447715738975182 0.00000000100000000000 0.40454042916230797955 0.00000000100000000000 0.07214130174096843040 
0.35061975553859547894 0.00000000100000000000 0.14860034794843909878 0.00000000100000000000 0.00000000100000000000 0.34810915473434250744 0.09969944485403199608 0.05297129392459078157 
0.27250220574174038868 0.00000000100000000000 0.03327470872298667059 0.05033703151957400618 0.01518449528927046273 0.47866390176274564716 0.03983434215813461132 0.11020331380554820866 
0.38141583110281024327 0.00000000100000000000 0.00000000100000000000 0.02607666920396039395 0.00007653821848753489 0.53814215614022287149 0.05424210748780902008 0.00004669584670985301 
0.34693044852307541870 0.00000000100000000000 0.05321797618186763223 0.11555886450150483491 0.00000662315670547594 0.45968688093733611755 0.00000000100000000000 0.02459920469951046990 
0.39096262258762437547 0.00000000100000000000 0.02983319996801643559 0.00000000100000000000 0.00000030406289065724 0.46058528479133625799 0.00000000100000000000 0.11861858559013216396 
0.58200446879357370378 0.00000000100000000000 0.01290941559263842665 0.00000000100000000000 0.06689331713944095259 0.24264093202275061056 0.02079589828130838300 0.07475596617028799906 
0.59837377368038613401 0.01883706770561685909 0.01362664391854288837 0.00000000100000000000 0.00000000100000000000 0.36915631713681479331 0.00000619455863948287 0.00000000100000000000 
0.79803592758552743813 0.00000000099999999999 0.00001576653983342778 0.20194830087463916390 0.00000000099999999999 0.00000000099999999999 0.00000000099999999999 0.00000000099999999999 
0.35189567833939877639 0.01615197869612640738 0.03329798521484818308 0.08196685166633761732 0.00001012092087073476 0.42518815144767058145 0.00000001514688926905 0.09148921856785843798 
0.37537244103320965838 0.00000001545727290358 0.04727207228664083438 0.00116652622336661858 0.06320738932983319125 0.46463531532520968570 0.00000022277081334642 0.04834601757365386554 
0.43918143623149802357 0.00000000100000000000 0.05571625047784248275 0.00000000100000000000 0.04221072996920418458 0.43687779523428282857 0.02600509479957929804 0.00000869128759318969 
0.24179962979822255953 0.00000000100000000000 0.00000000100000000000 0.21801039698005156287 0.00000000100000000000 0.37971252050729065175 0.00000000100000000000 0.16047744871443503367 
0.48876198838339635078 0.00000000100000000000 0.38665641937529782179 0.00000000100000000000 0.00000000100000000000 0.05882978924942099813 0.00000000100000000000 0.06575179899188486610 
0.99999999300000019797 0.00000000099999999998 0.00000000099999999998 0.00000000099999999998 0.00000000099999999998 0.00000000099999999998 0.00000000099999999998 0.00000000099999999998 
0.99999999300000019797 0.00000000099999999998 0.00000000099999999998 0.00000000099999999998 0.00000000099999999998 0.00000000099999999998 0.00000000099999999998 0.00000000099999999998 
0.43891482595783121168 0.04344733713931358404 0.09905680044431851294 0.00000117034470300660 0.00000000100000000000 0.39818857289510650732 0.00000000100000000000 0.02039129121872710823 
0.41594808341217920367 0.02681073168977033544 0.00000000100000000000 0.02908725415985182958 0.00000000100000000000 0.41974482447082717140 0.00000000100000000000 0.10840910326737143721 
0.44436982211915304619 0.00000004717485129129 0.08735408853603011947 0.09968194424796290865 0.00000000100000000000 0.36859332518071680207 0.00000000100000000000 0.00000077074128571218 
0.99999999300000008695 0.00000000099999999998 0.00000000099999999998 0.00000000099999999998 0.00000000099999999998 0.00000000099999999998 0.00000000099999999998 0.00000000099999999998 
0.00000000099999999996 0.00000000099999999996 0.00000000099999999996 0.00000000099999999996 0.00000000099999999996 0.99999999299999997593 0.00000000099999999996 0.00000000099999999996 
0.41423931365756622158 0.01934536585493058444 0.05024944145540633650 0.00000000100000000000 0.00000000995171606574 0.46161996746546463122 0.00000008841766101508 0.05454581219725509328 
0.00000000099999999998 0.00000000099999999998 0.29666060795659210392 0.00000000099999999998 0.00000000099999999998 0.57346537017383192314 0.00000000099999999998 0.12987401686957586455 
0.00000000099999999999 0.00000000099999999999 0.00000006593569191070 0.20800838479499147993 0.00000000099999999999 0.79199154426931661632 0.00000000099999999999 0.00000000099999999999 
0.54362104363882557401 0.00000000100000000000 0.04789818661425155472 0.09569787068169940958 0.00000001425446967421 0.30458465059847128487 0.00000009667829772347 0.00819813653398487711 
0.31339499181615521062 0.04619078377855932727 0.08602325885465389455 0.00000000100000000000 0.00000000100000000000 0.49448264289902588153 0.00000000100000000000 0.05990831965160567374 
0.37347705523025109819 0.00000286479934284011 0.05043390085346099311 0.09861579435463282972 0.02500684794078038634 0.37668154928963587524 0.00000000100000000000 0.07578198653189592571 
0.54908775887155714113 0.00000000100000000000 0.03382586216016553876 0.11459830745464208435 0.00000000100000000000 0.30248806751363516154 0.00000000100000000000 0.00000000100000000000 
0.99999999300000008695 0.00000000099999999998 0.00000000099999999998 0.00000000099999999998 0.00000000099999999998 0.00000000099999999998 0.00000000099999999998 0.00000000099999999998 
0.35944161834652621490 0.00002684290997575922 0.06281957749533735591 0.00000249958227370984 0.02886754604981553451 0.43072433567836587720 0.00000000100000000000 0.11811757893770548355 
0.56337514352087791902 0.00000000100000000000 0.01414946219153653990 0.09676696872151362150 0.00000000100000000000 0.30238182204805436060 0.00000000100000000000 0.02332660051801752413 
0.39466578376360234026 0.03625869344493344582 0.04188743579810398632 0.03155161799657484750 0.00000000100000000000 0.37108433462538270575 0.00000000100000000000 0.12455213237140272398 
0.60104794891450297190 0.00446437859707952793 0.00828326147369253321 0.06794053409023739776 0.00000000102746082217 0.26400952668938210133 0.00000059077005324432 0.05425375843759145528 
0.99999999300000019797 0.00000000099999999998 0.00000000099999999998 0.00000000099999999998 0.00000000099999999998 0.00000000099999999998 0.00000000099999999998 0.00000000099999999998 
0.45239227072972493238 0.00001428272653787475 0.07223563053954543123 0.03577985509067364150 0.04281330518084110193 0.33586614888566634907 0.00000000100000000000 0.06089850584701080038 
0.99999999300000008695 0.00000000099999999998 0.00000000099999999998 0.00000000099999999998 0.00000000099999999998 0.00000000099999999998 0.00000000099999999998 0.00000000099999999998 
0.38922806503106188725 0.00000074680270624144 0.04606883777207716052 0.00202526317253808649 0.01269482642451065860 0.47992680030298268123 0.01835986763371117228 0.05169559286041219837 
0.36470299452751187008 0.00000000100000000000 0.08732942889591532865 0.00000000100000000000 0.08818833838216527665 0.43566639294041137331 0.02411284225399605921 0.00000000100000000000 
0.00000000100000000000 0.00000000100000000000 0.07260512923735927548 0.00001748430957639104 0.00000000100000000000 0.20466906052255884330 0.00000347764516290683 0.72270484528534273405 
0.00000000099999999999 0.00000000099999999999 0.00000000099999999999 0.00000000099999999999 0.00000000099999999999 0.00000000099999999999 0.00000000099999999999 0.99999999300000008695 
0.00000000100000000000 0.00000000100000000000 0.10155108724561898170 0.00000000100000000000 0.01352101440045223694 0.17507659459838720295 0.00026842382529339482 0.70958287693024812981 
0.00000000099999999997 0.00000000099999999997 0.00000000099999999997 0.00000000099999999997 0.00000000099999999997 0.00000000099999999997 0.00000000099999999997 0.99999999300000008695 
0.01802830814483655231 0.00000000100000000000 0.13291964453485927145 0.00000000100000000000 0.00327666402024885759 0.11509716277237859450 0.04526101177385085522 0.68541720675382589167 
0.00000000099999999998 0.00000000099999999998 0.00000000099999999998 0.00000000099999999998 0.00000000099999999998 0.00000000099999999998 0.00000000099999999998 0.99999999299999997593 
0.00000000099999999999 0.00000000099999999999 0.00000000099999999999 0.00000000099999999999 0.00000000099999999999 0.00000000099999999999 0.00000000099999999999 0.99999999300000008695 
0.00000000099999999998 0.00000000099999999998 0.00000000099999999998 0.00000000099999999998 0.00000000099999999998 0.00000000099999999998 0.00000000099999999998 0.99999999300000008695 
0.00000000099999999999 0.00000000099999999999 0.00000000099999999999 0.00000000099999999999 0.00000000099999999999 0.00000000099999999999 0.00000000099999999999 0.99999999300000008695 
0.00000000099999999998 0.00000000099999999998 0.00000000099999999998 0.00000000099999999998 0.00000000099999999998 0.00000000099999999998 0.00000000099999999998 0.99999999300000008695 
0.00000000100000000000 0.00000000100000000000 0.11817282443388811564 0.03863232688028946094 0.00000000100000000000 0.09797859464614769309 0.00000000100000000000 0.74521625003967473244 
0.00000000099999999998 0.00000000099999999998 0.00000000099999999998 0.00000000099999999998 0.00000000099999999998 0.00000000099999999998 0.00000000099999999998 0.99999999299999997593 
0.00000000099999999998 0.00000000099999999998 0.00000000099999999998 0.00000000099999999998 0.00000000099999999998 0.00000000099999999998 0.00000000099999999998 0.99999999299999997593 
0.00000000099999999998 0.00000000099999999998 0.00000000099999999998 0.00000000099999999998 0.00000000099999999998 0.00000000099999999998 0.00000000099999999998 0.99999999300000008695 
0.00000000099999999998 0.00000000099999999998 0.00000000099999999998 0.00000000099999999998 0.00000000099999999998 0.00000000099999999998 0.00000000099999999998 0.99999999299999997593 
0.00000000099999999998 0.00000000099999999998 0.00000000099999999998 0.00000000099999999998 0.00000000099999999998 0.00000000099999999998 0.00000000099999999998 0.99999999299999997593 
0.00000000100000000000 0.00000000100000000000 0.10681517301140062981 0.05821381556462497386 0.00000000100000000000 0.08446075779528863792 0.00000000100000000000 0.75051024962868584378 
0.00000000099999999998 0.00000000099999999998 0.00000000099999999998 0.00000000099999999998 0.00000000099999999998 0.00000000099999999998 0.00000000099999999998 0.99999999300000008695 
0.00000000099999999998 0.00000000099999999998 0.00000000099999999998 0.00000000099999999998 0.00000000099999999998 0.00000000099999999998 0.00000000099999999998 0.99999999299999997593 
0.18004698986677741823 0.00000000100000000000 0.11659639025923954070 0.19071290165818846618 0.00000000100000000000 0.09018020087345175739 0.03447008780846252257 0.38799342753388021965 
0.00000000099999999999 0.00000000099999999999 0.00000000099999999999 0.07519420261376692782 0.00000000099999999999 0.00000000099999999999 0.00000000099999999999 0.92480579138623308921 
0.00000000099999999996 0.00000000099999999996 0.00000000099999999996 0.00000000099999999996 0.00000000099999999996 0.00000000099999999996 0.00000000099999999996 0.99999999299999997593 
0.00000000099999999998 0.00000000099999999998 0.00000000099999999998 0.00000000099999999998 0.00000000099999999998 0.00000000099999999998 0.00000000099999999998 0.99999999299999997593 
0.00000000099999999999 0.01780790860104349005 0.00000000099999999999 0.00000000099999999999 0.00000000099999999999 0.00000000099999999999 0.00000000099999999999 0.98219208539895652699 
0.00000000099999999998 0.00000000099999999998 0.00000000099999999998 0.00000000099999999998 0.00000000099999999998 0.00000000099999999998 0.00000000099999999998 0.99999999300000008695 
0.00000000100000000000 0.00000000100000000000 0.10836975281032591722 0.00000000114090646062 0.00000000125546793381 0.09531921637868345787 0.00000000100000000000 0.79631102541461618038 
0.00000000099999999998 0.00000000099999999998 0.00000000099999999998 0.00000000099999999998 0.00000000099999999998 0.00000000099999999998 0.00000000099999999998 0.99999999300000008695 
0.00000000099999999999 0.00000000099999999999 0.00000000099999999999 0.00000000099999999999 0.00060539897576291539 0.00000000099999999999 0.00000000099999999999 0.99939459502423699799 
0.00000000099999999997 0.00000000099999999997 0.00000000099999999997 0.00000000099999999997 0.00000000099999999997 0.00000000099999999997 0.00000000099999999997 0.99999999300000008695 
0.07961324709516373610 0.00000000100000000000 0.10779903747161737049 0.03871919996156807098 0.00000000100000000000 0.09716283746198291216 0.00000000100000000000 0.67670567500966782859 
0.00000000099999999998 0.00000000099999999998 0.00000000099999999998 0.00000000099999999998 0.00000000099999999998 0.00000000099999999998 0.00000000099999999998 0.99999999299999997593 
0.00000000099999999997 0.00000000099999999997 0.83835119016389214597 0.05203208152503429468 0.00000000099999999997 0.00000000099999999997 0.00000000099999999997 0.10961672331107348566 
0.00000000099999999998 0.00000000099999999998 0.99999999300000008695 0.00000000099999999998 0.00000000099999999998 0.00000000099999999998 0.00000000099999999998 0.00000000099999999998 
0.00000000099999999998 0.00000000099999999998 0.99999999300000008695 0.00000000099999999998 0.00000000099999999998 0.00000000099999999998 0.00000000099999999998 0.00000000099999999998 
0.00000000099999999999 0.00000000099999999999 0.99999999299999997593 0.00000000099999999999 0.00000000099999999999 0.00000000099999999999 0.00000000099999999999 0.00000000099999999999 
0.00000000099999999998 0.00000000099999999998 0.99999999300000008695 0.00000000099999999998 0.00000000099999999998 0.00000000099999999998 0.00000000099999999998 0.00000000099999999998 
0.00000000099999999998 0.00000000099999999998 0.99999999299999997593 0.00000000099999999998 0.00000000099999999998 0.00000000099999999998 0.00000000099999999998 0.00000000099999999998 
0.00000000099999999998 0.00000000099999999998 0.99999999299999997593 0.00000000099999999998 0.00000000099999999998 0.00000000099999999998 0.00000000099999999998 0.00000000099999999998 
0.00000000099999999999 0.00000000099999999999 0.99999992445067820146 0.00000000099999999999 0.00000000099999999999 0.00000000099999999999 0.00000000099999999999 0.00000006954932191612 
0.00000000099999999998 0.00000000099999999998 0.99999999299999997593 0.00000000099999999998 0.00000000099999999998 0.00000000099999999998 0.00000000099999999998 0.00000000099999999998 
0.00000000099999999997 0.00000000099999999997 0.99999999299999997593 0.00000000099999999997 0.00000000099999999997 0.00000000099999999997 0.00000000099999999997 0.00000000099999999997 
0.00000000099999999997 0.00000000099999999997 0.99999999299999997593 0.00000000099999999997 0.00000000099999999997 0.00000000099999999997 0.00000000099999999997 0.00000000099999999997 
0.00000000099999999998 0.00000000099999999998 0.99999999300000008695 0.00000000099999999998 0.00000000099999999998 0.00000000099999999998 0.00000000099999999998 0.00000000099999999998 
0.00000000099999999999 0.00000000099999999999 0.99999999300000008695 0.00000000099999999999 0.00000000099999999999 0.00000000099999999999 0.00000000099999999999 0.00000000099999999999 
0.00000000099999999998 0.00000000099999999998 0.99999999299999997593 0.00000000099999999998 0.00000000099999999998 0.00000000099999999998 0.00000000099999999998 0.00000000099999999998 
0.00000000099999999998 0.00000000099999999998 0.99999999299999997593 0.00000000099999999998 0.00000000099999999998 0.00000000099999999998 0.00000000099999999998 0.00000000099999999998 
0.00000000099999999998 0.00000000099999999998 0.99999999300000008695 0.00000000099999999998 0.00000000099999999998 0.00000000099999999998 0.00000000099999999998 0.00000000099999999998 
0.00000000099999999999 0.02699002948048207298 0.96291194796922963128 0.00000000099999999999 0.01009801755028844929 0.00000000099999999999 0.00000000099999999999 0.00000000099999999999 
0.00000000099999999998 0.00000000099999999998 0.99999999299999997593 0.00000000099999999998 0.00000000099999999998 0.00000000099999999998 0.00000000099999999998 0.00000000099999999998 
0.00000000099999999997 0.00000000099999999997 0.99999999300000008695 0.00000000099999999997 0.00000000099999999997 0.00000000099999999997 0.00000000099999999997 0.00000000099999999997 
0.00000000099999999998 0.00000000099999999998 0.99999993224559324823 0.00000000099999999998 0.00000000099999999998 0.00000000099999999998 0.00000000099999999998 0.00000006175440686884 
0.00000000099999999999 0.00000000099999999999 0.99997642885555304559 0.00002356514444689685 0.00000000099999999999 0.00000000099999999999 0.00000000099999999999 0.00000000099999999999 
0.00000000099999999998 0.00000000099999999998 0.99999999300000008695 0.00000000099999999998 0.00000000099999999998 0.00000000099999999998 0.00000000099999999998 0.00000000099999999998 
0.00000000099999999999 0.00000000099999999999 0.99999999299999997593 0.00000000099999999999 0.00000000099999999999 0.00000000099999999999 0.00000000099999999999 0.00000000099999999999 
0.00000000099999999998 0.00000000099999999998 0.99999999300000008695 0.00000000099999999998 0.00000000099999999998 0.00000000099999999998 0.00000000099999999998 0.00000000099999999998 
0.00000000099999999999 0.00000000099999999999 0.98236551218522161211 0.00000000099999999999 0.00000000099999999999 0.00000000099999999999 0.00000000099999999999 0.01763448181477842575 
0.00000000099999999997 0.00000000099999999997 0.99999999300000008695 0.00000000099999999997 0.00000000099999999997 0.00000000099999999997 0.00000000099999999997 0.00000000099999999997 
0.00000000100000000000 0.28574568034045877418 0.00000000100000000000 0.00000000100000000000 0.13945980335464541744 0.02767674480581566732 0.53171663011278247346 0.01540113838629766918 
0.00000000099999999999 0.00000000099999999999 0.00000000099999999999 0.17978333633909276967 0.82021665766090723348 0.00000000099999999999 0.00000000099999999999 0.00000000099999999999 
0.00000000099999999999 0.00002667131104098288 0.00000000099999999999 0.24980904318546079401 0.75014914595435222555 0.00000000099999999999 0.00001513554914600179 0.00000000099999999999 
0.00000000100000000000 0.30963179608747243288 0.00000000100000000000 0.00000000488314444587 0.05508469279119138778 0.00000000100000000000 0.63528350223819163300 0.00000000100000000000 
0.00000000099999999999 0.00000534800599365584 0.00000000099999999999 0.29261815775801214290 0.70737648923599416584 0.00000000099999999999 0.00000000099999999999 0.00000000099999999999 
0.00000000100000000000 0.00000000100000000000 0.00000000100000000000 0.13516756234113516677 0.82360671899573445476 0.00001751528199873873 0.04120819938113150921 0.00000000100000000000 
0.00000000099999999999 0.00000000099999999999 0.00000000099999999999 0.00000000099999999999 0.99999999300000008695 0.00000000099999999999 0.00000000099999999999 0.00000000099999999999 
0.04199580234121583905 0.04862824268024950464 0.00000000100000000000 0.14183785157927100706 0.76544534550084830649 0.00000000100000000000 0.00209275489841531008 0.00000000100000000000 
0.00000000099999999999 0.00000000099999999999 0.00000000099999999999 0.13471835014753855142 0.86528164385246142398 0.00000000099999999999 0.00000000099999999999 0.00000000099999999999 
0.00000000099999999999 0.00000000099999999999 0.00000000099999999999 0.00000000099999999999 0.99999999299999997593 0.00000000099999999999 0.00000000099999999999 0.00000000099999999999 
0.00000000099999999999 0.01943308403068208859 0.00000000099999999999 0.00000000099999999999 0.98056690996931794579 0.00000000099999999999 0.00000000099999999999 0.00000000099999999999 
0.00000000099999999999 0.00000000099999999999 0.00000000099999999999 0.00000000099999999999 0.99999999300000008695 0.00000000099999999999 0.00000000099999999999 0.00000000099999999999 
0.05697426552960738882 0.08124717436107262158 0.00000000100000000000 0.09304295927474490191 0.23805137983351759567 0.00019871130394021367 0.52631555440715893646 0.00416995428995821545 
0.33550255035230364120 0.00000001680168561633 0.00000000100000000000 0.00022948364301039539 0.54857512497780580585 0.00000000100000000000 0.06729476944117829262 0.04839805278401641819 
0.00000000099999999999 0.05209537697400941358 0.00000000099999999999 0.11095445557469750530 0.83695016245129316701 0.00000000099999999999 0.00000000099999999999 0.00000000099999999999 
0.00000000099999999999 0.06520955978884322712 0.00000000099999999999 0.18578123078033195736 0.74900920443082474875 0.00000000099999999999 0.00000000099999999999 0.00000000099999999999 
0.00000000099999999999 0.00000000099999999999 0.00000000099999999999 0.00000000099999999999 0.99999999299999997593 0.00000000099999999999 0.00000000099999999999 0.00000000099999999999 
0.00431208908821558747 0.00000000100000000000 0.00000000100000000000 0.00000000324070185102 0.86741102651832369119 0.00000000100000000000 0.08481806849534666293 0.04345880965741225066 
0.00000000099999999991 0.99999999300000008695 0.00000000099999999991 0.00000000099999999991 0.00000000099999999991 0.00000000099999999991 0.00000000099999999991 0.00000000099999999991 
0.00000000099999999999 0.00000000099999999999 0.00000000099999999999 0.00000000099999999999 0.88255819333086182876 0.00000000099999999999 0.11744180066913827154 0.00000000099999999999 
0.00000000099999999998 0.00000000099999999998 0.00000000099999999998 0.00000000099999999998 0.00000000099999999998 0.00000000099999999998 0.99999999299999986491 0.00000000099999999998 
0.03670473609835581824 0.19312652648559247570 0.00000000100000000000 0.00000000100000000000 0.09283150593537820017 0.02605348917236700174 0.64963400156177852907 0.00164973874652785233 
0.00000000099999999999 0.00000000099999999999 0.00000000099999999999 0.00000000099999999999 0.99999999299999997593 0.00000000099999999999 0.00000000099999999999 0.00000000099999999999 
0.00000000099999999998 0.00000000099999999998 0.00000000099999999998 0.00000000099999999998 0.99999999299999997593 0.00000000099999999998 0.00000000099999999998 0.00000000099999999998 
0.00605707767573055323 0.21826377883746994613 0.00000000100000000000 0.01470059483413030908 0.08814337627389950969 0.00000000100000000000 0.64983060572322792758 0.02300456465554184815 
0.00000000099999999998 0.00000000099999999998 0.00000000099999999998 0.00000000099999999998 0.99999999299999997593 0.00000000099999999998 0.00000000099999999998 0.00000000099999999998 
0.00000000099999999999 0.00000000099999999999 0.00000000099999999999 0.00000000099999999999 0.99999999299999997593 0.00000000099999999999 0.00000000099999999999 0.00000000099999999999 
0.02909461070230875621 0.24576173100838699659 0.00000000099999999999 0.00000000099999999999 0.05198568042742483797 0.00000000099999999999 0.67315797386187936624 0.00000000099999999999 
0.00000000099999999998 0.00000000099999999998 0.00000000099999999998 0.00000000099999999998 0.99999999299999997593 0.00000000099999999998 0.00000000099999999998 0.00000000099999999998 
0.00000000099999999998 0.00000000099999999998 0.00000000099999999998 0.00000000099999999998 0.99999999300000008695 0.00000000099999999998 0.00000000099999999998 0.00000000099999999998 
0.00000000099999999998 0.00000000099999999998 0.00000000099999999998 0.00000000099999999998 0.00000000099999999998 0.00000000099999999998 0.99999999299999986491 0.00000000099999999998 
0.04206542578212863620 0.00000379592475207817 0.00000000099999999999 0.10222614478241318081 0.83466002816095574701 0.00000000099999999999 0.02104460234975030763 0.00000000099999999999 
0.00000000099999999999 0.24506582298725126945 0.00000000099999999999 0.00000000099999999999 0.09730857402779458099 0.00000000099999999999 0.65762559798495401342 0.00000000099999999999 
0.00000000099999999999 0.15859493734859017589 0.00000000099999999999 0.00000000099999999999 0.00000002020620359814 0.00000000099999999999 0.84140503744520622753 0.00000000099999999999 
0.00998658384065648913 0.25771844649570330166 0.00000000100000000000 0.00000000100000000000 0.08421012718863447877 0.00000000940579248947 0.64808483006921324687 0.00000000100000000000 
0.00001485894935799907 0.22593882462190179039 0.00000000100000000000 0.00000000100000000000 0.00000000170631774157 0.00000000100000000000 0.77404631072242235934 0.00000000100000000000 
0.00000000099999999998 0.00000000099999999998 0.00000000099999999998 0.00000000099999999998 0.99999999300000008695 0.00000000099999999998 0.00000000099999999998 0.00000000099999999998 
0.00000000099999999999 0.00000000099999999999 0.00000000099999999999 0.00000000099999999999 0.99999999300000008695 0.00000000099999999999 0.00000000099999999999 0.00000000099999999999 
0.00000000099999999999 0.00000000099999999999 0.00000000099999999999 0.05627343365011511916 0.79848252673599406926 0.00003383138605576066 0.14521020422783495474 0.00000000099999999999 
0.04408064271542370960 0.00000000100000000000 0.00000000100000000000 0.18727289854607007125 0.66478091947924311533 0.00000000140114720309 0.10386553485811593489 0.00000000100000000000 
0.00000000099999999999 0.00000000099999999999 0.00000000099999999999 0.00000000099999999999 0.86517984317797047567 0.00000000099999999999 0.13482015082202947198 0.00000000099999999999 
0.00000000100000000000 0.19929506471815874868 0.00711206457035237251 0.03568462048288791044 0.13771774520851348678 0.03249825882751859740 0.55316228098185837858 0.03452996421071060501 
0.00000000100000000000 0.00002016928572093730 0.00000000100000000000 0.17750253107780156192 0.82247728485304694157 0.00000000100000000000 0.00000001078343062318 0.00000000100000000000 
0.00000000100000000000 0.06477556656883726172 0.00000000100000000000 0.15889668001455875546 0.77632770225005220954 0.00000000100000000000 0.00000004716655167934 0.00000000100000000000 
0.00000000099999999998 0.00000000099999999998 0.00000000099999999998 0.00000000099999999998 0.99999999299999997593 0.00000000099999999998 0.00000000099999999998 0.00000000099999999998 
0.02648244144368093467 0.17480917892952232973 0.00000000100000000000 0.11875636958240547159 0.41210599508797940427 0.00000000100000000000 0.26005471457118933820 0.00779129838522245235 
0.00000000185770288232 0.16514830450831702313 0.01197041528832418732 0.08445949992823263697 0.28630790913688530797 0.00000000100000000000 0.45211386728053809536 0.00000000100000000000 
0.00000000099999999999 0.02836043623736400968 0.00000000099999999999 0.00000000099999999999 0.97163955776263599695 0.00000000099999999999 0.00000000099999999999 0.00000000099999999999 
0.00000000099999999993 0.00000000099999999993 0.00000000099999999993 0.99999999300000008695 0.00000000099999999993 0.00000000099999999993 0.00000000099999999993 0.00000000099999999993 
0.00000000099999999999 0.23071035092454511561 0.00000000099999999999 0.11083965824330779815 0.17885856253400489457 0.00000000099999999999 0.47959142429814211050 0.00000000099999999999 
0.00000000100000000000 0.13257085959041781109 0.00021364459634491337 0.14179442966836769413 0.00000026564826078098 0.00000000376502379301 0.72540309102869349189 0.00001770470289142929 
0.00834912747359504645 0.17199094772241130258 0.00000000100000000000 0.13679005161019514025 0.13503745588851392978 0.00000000783474384984 0.54783179024193850992 0.00000061822860220447 
0.00000000099999999999 0.00017339436767146923 0.00000000099999999999 0.16216266329217579600 0.83766393734015287542 0.00000000099999999999 0.00000000099999999999 0.00000000099999999999 
0.00000000099999999999 0.04017252181369147107 0.00000000099999999999 0.00000000099999999999 0.95982747218630848351 0.00000000099999999999 0.00000000099999999999 0.00000000099999999999 
0.00000000099999999994 0.00000000099999999994 0.00000000099999999994 0.99999999300000008695 0.00000000099999999994 0.00000000099999999994 0.00000000099999999994 0.00000000099999999994 
0.00000000099999999999 0.27144851123749369481 0.00000000099999999999 0.16961111954304411431 0.00000000245489386060 0.00000000099999999999 0.55894036276456815493 0.00000000099999999999 
0.00000000100000000000 0.23217292838310160663 0.00225748926172855474 0.02182847058479326849 0.13380345850547942232 0.00000000100000000000 0.60993765026489699110 0.00000000100000000000 
0.00000000099999999999 0.00000016583530378916 0.00000000099999999999 0.25600445591116960387 0.74109841922437991180 0.00000000099999999999 0.00289695502914670468 0.00000000099999999999 
0.00000000099999999999 0.00000000099999999999 0.00000000099999999999 0.19173805535434360059 0.80826193864565643032 0.00000000099999999999 0.00000000099999999999 0.00000000099999999999 
0.00000000099999999999 0.00000000099999999999 0.00000000099999999999 0.00000000099999999999 0.99999999299999997593 0.00000000099999999999 0.00000000099999999999 0.00000000099999999999 
0.00000000099999999999 0.00000000099999999999 0.00000000099999999999 0.23227749169310282773 0.76772250230689720318 0.00000000099999999999 0.00000000099999999999 0.00000000099999999999 
0.00000000099999999999 0.00000400928850696572 0.00000000099999999999 0.00000000099999999999 0.99999598471149309109 0.00000000099999999999 0.00000000099999999999 0.00000000099999999999 
0.04412023199040259608 0.00002889276681644736 0.00000000100000000000 0.10230928373495373762 0.77727903492285876919 0.00000000100000000000 0.07621828154954814194 0.00004427303542039681 
