0.05240856516073930799 0.14369994079685399768 0.01970643739312344378 0.00001153816801926599 0.70026236627193128026 0.03256450866911876629 0.05109236678610922650 0.00025427675410467183 
0.00000000175383393686 0.00000000099999999998 0.00000000099999999998 0.00000000099999999998 0.99999999224616609173 0.00000000099999999998 0.00000000099999999998 0.00000000099999999998 
0.00000000099999999999 0.00000000099999999999 0.00000000099999999999 0.09323174537760416103 0.79076393182365845025 0.00000000099999999999 0.00000000099999999999 0.11600431779873748850 
0.00009130084633886760 0.15231929670810370747 0.01817616105609703991 0.09922329946572321091 0.70530323892279334075 0.01110185508616837353 0.00000000100000000000 0.01378484691477554341 
0.02616206715776515923 0.00000000100000000000 0.05456292188290663703 0.00000000100000000000 0.71302741004366598787 0.01655121556661388882 0.08508370530272754695 0.10461267804632078116 
0.00000000100000000000 0.00000447697445621214 0.00000000288237913372 0.05494437549200795884 0.76780047990487654275 0.00000000100000000000 0.00000000100000000000 0.17725066174628026361 
0.00000000100000000000 0.10506968524840443191 0.00000001685674131302 0.00000366700673730814 0.63800315916390948345 0.01192316033821422087 0.09401201355714523811 0.15098829682884815084 
0.00067320176016720805 0.13767706189699635555 0.00000000100000000000 0.04166886857125125937 0.77602115888797673637 0.02800368443556937662 0.01595602244803913036 0.00000000100000000000 
0.00000865513587065534 0.00000210321625384552 0.00000000100000000000 0.03177958917893461410 0.70153829813019330519 0.05367037788508856322 0.12120631707159364165 0.09179465838206546380 
0.03507183766458725482 0.14493433425196403097 0.03020245752442443643 0.00000000100000000000 0.72093448177965169243 0.06885688079804620776 0.00000000598132630471 0.00000000100000000000 
0.04410818275923907711 0.01049415531744554882 0.02348097344835900491 0.06683346224705055683 0.68400859749689713052 0.02009766268419870341 0.14756553157119264852 0.00341143447561726831 
0.02833476082070342239 0.00000000100000000000 0.00779096938684060471 0.00000000100000000000 0.79648957880199700021 0.00523459081473347677 0.08060834708399641779 0.08154175109172920322 
0.00739802801005552246 0.00000000100000000000 0.00000000100000000000 0.11044174404310744264 0.76608007888220375214 0.00000000100000000000 0.06483117848873837241 0.05124896757589501861 
0.00000000100000000000 0.26253110511336374966 0.00978345818979501312 0.00000000100000000000 0.72471510137198780210 0.00000000100000000000 0.00000000100000000000 0.00297033132485358684 
0.05193858378423365368 0.09621482127107791604 0.01593089566649995639 0.01623034860343337826 0.72799926801665781895 0.00339714912807441123 0.01115232741366504673 0.07713660611635793363 
0.00000000301604796222 0.00000133925012735112 0.00000000100000000000 0.07934588375310946962 0.69362714505165035117 0.00000000100000000000 0.14656192631553832673 0.08046370061352645098 
0.00000006485198385943 0.00000000100000000000 0.00704605458233033364 0.03665480833662009691 0.76223715905680333726 0.04788299646202620607 0.08729019176867175434 0.05888872394156448309 
0.02797229723054146799 0.12983197737001453409 0.02733866580685491085 0.00000000100000000000 0.68525873443205764790 0.00000000100000000000 0.12816207265975498863 0.00143625050077649365 
0.08865141743762579296 0.04417284211993439957 0.03975295668800016974 0.00016159390764267160 0.71588554057410891396 0.00000000100000000000 0.08767219153086458494 0.02370345674182339560 
0.05109243337492230808 0.00000000100000000000 0.00972981916279383810 0.00421287931414865077 0.69471416804314001237 0.00933403708525353849 0.16524644676604094418 0.06567021525370064783 
0.08347276357795847812 0.03692611475593412379 0.05511897016173964575 0.00000379019121201532 0.74387198479700733511 0.00000000100000000000 0.00146348951606043083 0.07914288600008798080 
0.06376461522353857325 0.00000000100000000000 0.04331747395337801065 0.01352443032315964189 0.78450204096887954375 0.00000000100000000000 0.07455092882514059716 0.02034050870590364476 
0.03526818326512561746 0.00000000100000000000 0.01500969135458439345 0.00000079017149745458 0.70729929184558093525 0.01521108685744840087 0.09092178961217629862 0.13628916589358691658 
0.00000000100000000000 0.00000000100000000000 0.00435317090937100120 0.00000000100000000000 0.79822728814069043857 0.00000000100000000000 0.10485495881295731069 0.09256457813698119874 
0.01773026376561818301 0.06756573906281730657 0.02330698833987472282 0.00772948476411364910 0.68142532933639343717 0.00000000100000000000 0.12498606715629885511 0.07725612657488399593 
0.00004561578308552815 0.00000021754118991951 0.00000000141165579300 0.00088216534440787339 0.73876596338624378468 0.02860666773645555855 0.11280648859275847762 0.11889288020420311909 
0.01627746679011880804 0.00001554409086396467 0.00902822897232309976 0.00000000298316013456 0.67681124210018661636 0.00000017566339114853 0.13665649029452028862 0.16121084910543589941 
0.04447410809964784384 0.00000001877777156467 0.00000000100000000000 0.08186241632420564185 0.72264622010726264900 0.04017444548360242507 0.04837525673623212230 0.06246753347127774469 
0.07213194302180035711 0.06022456377752546247 0.00000000546114731712 0.08404652852742795777 0.72519389468965012036 0.00000000100000000000 0.05840306252244871488 0.00000000100000000000 
0.04647609966481733995 0.00000000100000000000 0.00005712652449999202 0.03139257868593021972 0.75297532843496928212 0.00000448237822690008 0.08468927681448126799 0.08440510649707509694 
0.03127789537622488458 0.00000129226346982706 0.00000165723312451126 0.10696494859900851360 0.71381908774879976320 0.00060033312593358982 0.07222349753160563213 0.07511128812183331949 
0.00000000099999999999 0.19422348318255533428 0.00996672025995436368 0.00000000099999999999 0.67213718418990353598 0.00000000099999999999 0.12367260836758681153 0.00000000099999999999 
0.02069664560908360262 0.03408329840252869586 0.02782837998827118395 0.07914747031750028750 0.66507494961093949204 0.01302523272334258839 0.15930599823736815712 0.00083802511096592520 
0.00000000100000000000 0.08612707533612505573 0.00000000100000000000 0.00000047988071292288 0.85002563527877506022 0.00529132174993807505 0.05855548475444868201 0.00000000100000000000 
0.00001997115981922275 0.15803107411745190292 0.01270472002166810402 0.03263794012564388836 0.73033038833573060700 0.04227954389603860025 0.02397663922145376256 0.00001972312219374129 
0.06752157494472037225 0.00047184842517805365 0.01281577047748668624 0.05645674118336767994 0.69267928003289547245 0.05575157272371258216 0.02065616512595668669 0.09364704708668249167 
0.00000000099999999997 0.00000000099999999997 0.00000000099999999997 0.00000000099999999997 0.99999999300000008695 0.00000000099999999997 0.00000000099999999997 0.00000000099999999997 
0.05940600006028290414 0.00000000100000000000 0.02893491657540353534 0.02607401097633335954 0.73575912631010731424 0.02414638707304024925 0.00217880340730286027 0.12350075459752984930 
0.00000000100000000000 0.09009730043033113700 0.00000000100000000000 0.00000000100000000000 0.88681725921710985450 0.02308543396480277482 0.00000000238775620052 0.00000000100000000000 
0.00002856451325230500 0.00000000100000000000 0.03894842900939278485 0.00074946961702273922 0.72950662554063094856 0.02694554052836560173 0.14890378455440581029 0.05491758523692984867 
0.04189696360936542158 0.03687289946697314830 0.03754377308082315623 0.00000000100000000000 0.78942242080202651433 0.00800481661781021238 0.08058302306475409460 0.00567610235824747046 
0.00000000100000000000 0.05511727377704903758 0.04156473037453088659 0.00000000100000000000 0.66131634418918849860 0.00000018965956215570 0.18667657570751033935 0.05532488429215900311 
0.03789605337870694673 0.00000000100000000000 0.00000079692048402563 0.00000000100000000000 0.77414025809394582112 0.04753383800279129684 0.00000000100000000000 0.14042905060407190332 
0.05375767073674522778 0.00000000100000000000 0.02330388983629659572 0.00000006651329550878 0.71132198058815354624 0.02140970556261747107 0.03366336634035052566 0.15654331942254101628 
0.01741566142579156762 0.00000000100000000000 0.00000000100000000000 0.00000000100000000000 0.71156119509490201036 0.01450712617795824576 0.07652892059509909528 0.17998709370624915715 
0.01933209679364440714 0.00000000100000000000 0.00000000100000000000 0.00000000100000000000 0.73431116476958890882 0.00047345325265609161 0.13969137932845643313 0.10619190285565427434 
0.06011573827067998727 0.17673098963474814793 0.00000000100000000000 0.00000000100000000000 0.67243609850230301461 0.00000000100000000000 0.09071716912321704795 0.00000000146905166010 
0.00826148036457432372 0.00000005749076087069 0.00207769838566605573 0.04702423795561108677 0.66074846656175478810 0.04135545464907454394 0.12330582944443917170 0.11722677514811918886 
0.06591302554537031844 0.00529923309396523531 0.00000000100000000000 0.00185302755058435755 0.65239127098717419884 0.00065447948648348535 0.07004593224530647477 0.20384303009111603977 
0.00000000099999999999 0.26620460583658289710 0.00121286913229118071 0.01447613630913177282 0.70782086790271736554 0.00000000099999999999 0.00000000099999999999 0.01028551781927684872 
0.01923378248010695901 0.03894019871780757258 0.01671844321772443520 0.05095130335250704079 0.67625112030375489347 0.00284438583914140789 0.13553831971845167748 0.05952244637050601445 
0.09299885814679868801 0.00001050426341259842 0.00000000100000000000 0.00000000100000000000 0.65733036197527960898 0.04153647324992854745 0.07914369582973757034 0.12898010453484301530 
0.02531786803874103847 0.11326246746194175430 0.02462610144112543920 0.02301909563249347757 0.76297266497767479709 0.05053744404876267526 0.00000032805576359876 0.00026403034349720399 
0.04520425079366881260 0.01662714865915859014 0.00000000100000000000 0.02248805779472250535 0.66436374043503532150 0.00771419684901595258 0.12551648226316430845 0.11808612220523460878 
0.00000476322906464341 0.22824768192472721928 0.00010853617059017115 0.06299149629444505960 0.70842380330612941819 0.00004523992899399488 0.00010093277091377229 0.00007754637513574124 
0.06402169469569941873 0.00000000100000000000 0.01108373416130144923 0.11533398386986914996 0.66478203541464908621 0.02626400585775558530 0.05785628525417401552 0.06065825974655131292 
0.30152916441484978183 0.00000000099999999999 0.00000000099999999999 0.00000000099999999999 0.53111337483163933992 0.07114362803105933608 0.09621382872245139162 0.00000000099999999999 
0.02774265927492017975 0.05370076645152409289 0.00000000100000000000 0.11165611016990448223 0.69203650330007127067 0.00000000100000000000 0.05010077181964509713 0.06476318698393487838 
0.03471340358849574897 0.11035519382854334924 0.01651089917101201260 0.02540843992967138643 0.70406207686787480871 0.00000034780304903423 0.10894963781135366676 0.00000000100000000000 
0.11625931876146698707 0.00000000100000000000 0.00000000100000000000 0.15790312443665077691 0.59744110869436195532 0.03694865354408804342 0.07842640393578584335 0.01302138862764640366 
0.04690514951633668883 0.00000000100000000000 0.00011414849582305437 0.03660307959104483477 0.61981692608019955948 0.00664114424763191484 0.14878571993565922749 0.14113383113330477125 
0.00000000789365357608 0.00000000100000000000 0.00000000100000000000 0.05879053825007358319 0.76615213761450751129 0.00000000100000000000 0.05490674239662583084 0.12015057084513944274 
0.00780490680888269641 0.21233740939529027747 0.00000000100000000000 0.00000000100000000000 0.65333987239426782878 0.05519335230923516633 0.07132445609232394845 0.00000000100000000000 
0.02797176315382876588 0.00000000100000000000 0.00000000100000000000 0.00000000100000000000 0.70605969821267333675 0.02045241435776650601 0.13505323147003678308 0.11046288980569468618 
0.00948702030838862419 0.00000000100000000000 0.00000000100000000000 0.06560027047540203937 0.66959772018076768596 0.00415649241346009203 0.07353100528616615672 0.17762748933581537503 
0.02570804458214712498 0.00000030485126810493 0.03142760572504693650 0.01366019109531589615 0.80738505298054863424 0.00425270265376607136 0.00011422155208889540 0.11745187655981842445 
0.01344040373673237136 0.34348243006398482269 0.00000000210597122007 0.00000000100000000000 0.64307683505776258581 0.00000000100000000000 0.00000032603554901598 0.00000000100000000000 
0.03469796410306236201 0.06052472452209890774 0.02308256630184235894 0.01028051106539056188 0.63410085062208332296 0.01710307689103723536 0.13014598833890950180 0.09006431815557572329 
0.06300530752027216908 0.09972231452690923093 0.00009809696851733270 0.01385813151314961578 0.68237839389079890662 0.00000514779793590625 0.08932720305919465698 0.05160540472322210082 
0.05636726391631922961 0.11262445057109343738 0.00000000100000000000 0.07217092443792659517 0.72222510611647305900 0.00897381502228574227 0.02757620322165126384 0.00006223571425054390 
0.00000000100000000000 0.16774017872566526766 0.00000000100000000000 0.04512551861985059781 0.54621513917865038845 0.00000000100000000000 0.24091915947583389390 0.00000000100000000000 
0.32410939650876374740 0.03115954093260859745 0.00004963711733436232 0.00000000100000000000 0.46389447022930480058 0.05923042711040483327 0.06850587518294476430 0.05305065191863871793 
0.00000000100000000000 0.13712432693237228132 0.03860243548067494868 0.04209784792892452138 0.70593354762257365387 0.00000000100000000000 0.00000000100000000000 0.07624183903545468655 
0.00000000100000000000 0.26825843315452391202 0.00262365784539475913 0.02927537769895849351 0.69984252730112272989 0.00000000100000000000 0.00000000100000000000 0.00000000100000000000 
0.07908519104416020240 0.07671334874368539170 0.06525619655281211795 0.00000000100000000000 0.69433110982594514748 0.03023790652328763734 0.05437624531010955276 0.00000000100000000000 
0.00000000100000000000 0.11316597860086817506 0.04632887444301322238 0.00000000203780699631 0.69077076340999399306 0.02128845571508736212 0.12844592379323030440 0.00000000100000000000 
0.05474915123976673709 0.19657184454833354081 0.00823071767326075295 0.00000000100000000000 0.66359946296410210476 0.03756992284546293442 0.03927889872907388419 0.00000000100000000000 
0.00000000100000000000 0.23625156023268470418 0.00409074785273862498 0.03614780976338743956 0.66787444613956459261 0.00000000100000000000 0.00000000100000000000 0.05563543301162465760 
0.00000000100000000000 0.10874211309953205062 0.02220342141664286353 0.00000000100000000000 0.86905446048382506419 0.00000000100000000000 0.00000000100000000000 0.00000000100000000000 
0.05294877552552173378 0.00000000100000000000 0.03322244190545961540 0.00000000100000000000 0.73942178294049154541 0.01484278857106785358 0.07433746269089326619 0.08522674636656611680 
0.31093992583196133905 0.00000000099999999999 0.00000000099999999999 0.00000000099999999999 0.40761452859934121928 0.01749194701318648390 0.26395359455551070660 0.00000000099999999999 
0.05712909948862368581 0.18701973474171154632 0.00000000100000000000 0.00000000100000000000 0.62604778271582661731 0.03773267278825400556 0.09207070726558415352 0.00000000100000000000 
0.05765892787263447727 0.20415860675101135668 0.01101112414752572662 0.00241139508725278853 0.69714487244531109233 0.00001789201173256333 0.02759505209464497427 0.00000212958988707494 
0.03931781908264350006 0.00000000100000000000 0.06204540555121935280 0.00000000100000000000 0.67736409412259879215 0.05110562339073281696 0.11226077891142260956 0.05790627694138291565 
0.05244326173300434268 0.13490266074491127912 0.01144897935277964553 0.00000000607931449539 0.59806105710936152686 0.00265007263673153236 0.12894509027430126058 0.07154887206959589796 
0.03876333946943772563 0.23365268731492522258 0.00014450141517552770 0.00000054168133330258 0.71592015487594296008 0.01151845113152490108 0.00000032311166029097 0.00000000100000000000 
0.00324026807734816838 0.28067897386935891646 0.00188046684925372042 0.00000000134645172484 0.71390128771217664649 0.00000000100000000000 0.00000001163878781824 0.00029898950662302174 
0.06089542097880127486 0.00000000100000000000 0.00581701370174915466 0.00000000100000000000 0.64455226887490513210 0.01720323689997297484 0.14675298457539134867 0.12477907296918021307 
0.00209853217890064404 0.18893641042872191815 0.01045553062708283638 0.00272241415187034382 0.72981252483988445778 0.00979491117226144112 0.05530347539750175845 0.00087620120377673231 
0.05552082560906871495 0.10401694679170926661 0.05337449267962491445 0.00000000100000000000 0.63642681208831519690 0.00000011668739724831 0.15066080414388471898 0.00000000100000000000 
0.01710905324329402288 0.00101637697088473203 0.03235657715708559201 0.02405398065470236435 0.69950793904429731107 0.00276081808783584098 0.06740598195911781665 0.15578927288278240915 
0.00000000100000000000 0.18583956056061853856 0.00000000785839281383 0.05700351026695819195 0.72750839351382556863 0.00256986190240330627 0.00000000100000000000 0.02707866389780159283 
0.06893298085259262631 0.00000000100000000000 0.00718057676295818723 0.00000000100000000000 0.63797870513657850555 0.01580347411180889686 0.07396887748952554742 0.19613538364653632096 
0.00000000100000000000 0.00000001766178782278 0.05019826875695079099 0.00000000100000000000 0.73251868564217548219 0.00000000100000000000 0.00000000100000000000 0.21728302393908585644 
0.00854754996969970225 0.10437116181740666021 0.00000617602114990778 0.04531275469702645414 0.70133958785787842150 0.04670352869887384878 0.09371917060286577561 0.00000007033509907006 
0.04184084288628122511 0.00000000100000000000 0.00000000100000000000 0.03560305496353145804 0.67312758401052552593 0.06913110109482578647 0.00002524213885395224 0.18027217290598213095 
0.07205808418343906396 0.00000000100000000000 0.00000004810053281288 0.00000001102679565400 0.16412561439378009487 0.03696204734673809444 0.69053491047059667451 0.03631928347811751168 
0.00000000099999999999 0.00000000099999999999 0.00000000099999999999 0.00000000099999999999 0.00000000099999999999 0.00000000099999999999 0.99999999299999986491 0.00000000099999999999 
0.11948891375394574133 0.00001670455635619764 0.00000000100000000000 0.03375367623667255290 0.09617258557401968389 0.02090223260904734356 0.70607257847012772078 0.02359330779983076151 
0.00000000099999999998 0.00000000099999999998 0.00000000099999999998 0.00000000099999999998 0.00000000099999999998 0.00000000099999999998 0.99999999299999986491 0.00000000099999999998 
0.06586460581267825076 0.00000000100000000000 0.00000057696772780237 0.00008633386026402447 0.09107365527116151327 0.06485982868993529771 0.70928288139639972254 0.06883211700183351767 
0.00000000099999999999 0.00000000099999999999 0.00000000099999999999 0.00000000099999999999 0.00000000099999999999 0.00000000099999999999 0.99999999299999986491 0.00000000099999999999 
0.00000000099999999999 0.00000000099999999999 0.00000000099999999999 0.00000000099999999999 0.00000000099999999999 0.00000000099999999999 0.99999999299999997593 0.00000000099999999999 
0.00000000099999999998 0.00000000099999999998 0.00000000099999999998 0.00000000099999999998 0.00000000099999999998 0.00000000099999999998 0.99999999299999997593 0.00000000099999999998 
0.00000000099999999999 0.00000000099999999999 0.00000000099999999999 0.00000000099999999999 0.00000000099999999999 0.00000000099999999999 0.99999999299999997593 0.00000000099999999999 
0.00000000099999999999 0.00000000099999999999 0.00000000099999999999 0.00000000099999999999 0.00000000099999999999 0.00000003160542837594 0.99999996239457167313 0.00000000099999999999 
0.00000000099999999999 0.00000000099999999999 0.00000000099999999999 0.00000000099999999999 0.00000000099999999999 0.00000000099999999999 0.99999999299999997593 0.00000000099999999999 
0.00000000099999999999 0.00000000099999999999 0.00000000099999999999 0.00000000099999999999 0.00000000099999999999 0.00044553961614164541 0.99955445438385837065 0.00000000099999999999 
0.00000000099999999998 0.00000000099999999998 0.00000000099999999998 0.00000000099999999998 0.00000000099999999998 0.00000000099999999998 0.99999999299999997593 0.00000000099999999998 
0.00004033156925442698 0.00000000099999999998 0.00000000099999999998 0.00000000099999999998 0.00000000099999999998 0.00000000099999999998 0.99995966243074563273 0.00000000099999999998 
0.00000000099999999998 0.00000000099999999998 0.00000000099999999998 0.00000000099999999998 0.00000000099999999998 0.00000000099999999998 0.99999999299999986491 0.00000000099999999998 
0.00000000099999999998 0.00000000099999999998 0.00000000099999999998 0.00000000099999999998 0.00000000099999999998 0.00000000099999999998 0.99999999299999986491 0.00000000099999999998 
0.00000000099999999999 0.00000000099999999999 0.00000000099999999999 0.00000000099999999999 0.00000000099999999999 0.00000000099999999999 0.99999999299999986491 0.00000000099999999999 
0.09053332451155279847 0.00000000099999999999 0.00000000099999999999 0.00000000099999999999 0.00000000099999999999 0.00000000099999999999 0.90946666948844723244 0.00000000099999999999 
0.00000000099999999999 0.00000000099999999999 0.00000000099999999999 0.00000000099999999999 0.00000000099999999999 0.03032473905275168830 0.96967525494724826629 0.00000000099999999999 
0.11230077773775479222 0.21060968153067133324 0.00000000100000000000 0.04540227708158163511 0.20411625285891626946 0.01275994718569274308 0.41481106160538311345 0.00000000100000000000 
0.00000000099999999999 0.00000000099999999999 0.00000000099999999999 0.00000000099999999999 0.00000000099999999999 0.00000000099999999999 0.99999999299999997593 0.00000000099999999999 
0.00000000099999999997 0.00000000099999999997 0.00000000099999999997 0.00000000099999999997 0.00000000099999999997 0.00000000099999999997 0.99999999299999986491 0.00000000099999999997 
0.00000000099999999999 0.00000000099999999999 0.00000000099999999999 0.00000000099999999999 0.00000000099999999999 0.00000000099999999999 0.99999999299999986491 0.00000000099999999999 
0.00000000099999999999 0.00000000099999999999 0.02235052511836187195 0.00000000099999999999 0.00000000099999999999 0.00000000099999999999 0.97764946888163817285 0.00000000099999999999 
0.00000000099999999998 0.00000000099999999998 0.00000000099999999998 0.00000000099999999998 0.00000000099999999998 0.00000000099999999998 0.99999999299999986491 0.00000000099999999998 
0.00000000099999999999 0.00000000099999999999 0.00000000099999999999 0.00000000099999999999 0.00000000099999999999 0.00000000099999999999 0.99999999299999997593 0.00000000099999999999 
0.00000000099999999999 0.00000000099999999999 0.00000000099999999999 0.00000000099999999999 0.00000000099999999999 0.00000000099999999999 0.99999999299999997593 0.00000000099999999999 
0.00000000099999999999 0.10956660936689202601 0.00000000099999999999 0.00000000099999999999 0.00000000099999999999 0.06181698779610866196 0.82861639783699925221 0.00000000099999999999 
0.00000000099999999997 0.00000000099999999997 0.00000000099999999997 0.00000000099999999997 0.00000000099999999997 0.00000000099999999997 0.99999999299999997593 0.00000000099999999997 
0.07022430020918339622 0.00000085644269324014 0.00000000100000000000 0.00072281814678812361 0.13593114119548529994 0.03974714904708032126 0.70192590476308391878 0.05144782919568566953 
0.00000000099999999999 0.00000000099999999999 0.00000000099999999999 0.00000000099999999999 0.00000000099999999999 0.00000000099999999999 0.99999999299999997593 0.00000000099999999999 
0.00000000099999999995 0.00000000099999999995 0.00000000099999999995 0.00000000099999999995 0.00000000099999999995 0.99999999299999997593 0.00000000099999999995 0.00000000099999999995 
0.00000000099999999995 0.00000000099999999995 0.00000000099999999995 0.00000000099999999995 0.00000000099999999995 0.99999999300000008695 0.00000000099999999995 0.00000000099999999995 
0.00000000099999999994 0.00000000099999999994 0.00000000099999999994 0.00000000099999999994 0.00000000099999999994 0.99999999300000008695 0.00000000099999999994 0.00000000099999999994 
0.00000000099999999995 0.00000000099999999995 0.00000000099999999995 0.00000000099999999995 0.00000000099999999995 0.99999999299999997593 0.00000000099999999995 0.00000000099999999995 
0.00000000099999999994 0.00000000099999999994 0.00000000099999999994 0.00000000099999999994 0.00000000099999999994 0.99999999300000008695 0.00000000099999999994 0.00000000099999999994 
0.00000000099999999993 0.00000000099999999993 0.00000000099999999993 0.00000000099999999993 0.00000000099999999993 0.99999999299999997593 0.00000000099999999993 0.00000000099999999993 
0.00000000099999999994 0.00000000099999999994 0.00000000099999999994 0.00000000099999999994 0.00000000099999999994 0.99999999300000008695 0.00000000099999999994 0.00000000099999999994 
0.00000000099999999995 0.00000000099999999995 0.00000000099999999995 0.00000000099999999995 0.00000000099999999995 0.99999999300000008695 0.00000000099999999995 0.00000000099999999995 
0.00000000099999999993 0.00000000099999999993 0.00000000099999999993 0.00000000099999999993 0.00000000099999999993 0.99999999299999997593 0.00000000099999999993 0.00000000099999999993 
0.00000000099999999993 0.00000000099999999993 0.00000000099999999993 0.00000000099999999993 0.00000000099999999993 0.99999999300000008695 0.00000000099999999993 0.00000000099999999993 
0.00000000099999999994 0.00000000099999999994 0.00000000099999999994 0.00000000099999999994 0.00000000099999999994 0.99999999299999997593 0.00000000099999999994 0.00000000099999999994 
0.00000000099999999995 0.00000000099999999995 0.00000000099999999995 0.00000000099999999995 0.00000000099999999995 0.99999999299999997593 0.00000000099999999995 0.00000000099999999995 
0.62361338471312388609 0.00000000099999999999 0.00000000099999999999 0.00000000099999999999 0.00000000099999999999 0.37638660928687617258 0.00000000099999999999 0.00000000099999999999 
0.00000000099999999993 0.00000000099999999993 0.00000000099999999993 0.00000000099999999993 0.00000000099999999993 0.99999999300000008695 0.00000000099999999993 0.00000000099999999993 
0.00000000099999999994 0.00000000099999999994 0.00000000099999999994 0.00000000099999999994 0.00000000099999999994 0.99999999300000008695 0.00000000099999999994 0.00000000099999999994 
0.00000000099999999994 0.00000000099999999994 0.00000000099999999994 0.00000000099999999994 0.00000000099999999994 0.99999999299999997593 0.00000000099999999994 0.00000000099999999994 
0.00000000099999999996 0.00000000099999999996 0.00000000099999999996 0.00000000099999999996 0.00000000099999999996 0.99999999299999997593 0.00000000099999999996 0.00000000099999999996 
0.00000000099999999994 0.00000000099999999994 0.00000000099999999994 0.00000000099999999994 0.00000000099999999994 0.99999999299999997593 0.00000000099999999994 0.00000000099999999994 
0.00000000099999999993 0.00000000099999999993 0.00000000099999999993 0.00000000099999999993 0.00000000099999999993 0.99999999300000008695 0.00000000099999999993 0.00000000099999999993 
0.00000000099999999994 0.00000000099999999994 0.00000000099999999994 0.00000000099999999994 0.00000000099999999994 0.99999999299999997593 0.00000000099999999994 0.00000000099999999994 
0.45476945453615280623 0.00000000099999999999 0.00000000099999999999 0.00000000099999999999 0.00000000099999999999 0.54523053946384703039 0.00000000099999999999 0.00000000099999999999 
0.00000000099999999994 0.00000000099999999994 0.00000000099999999994 0.00000000099999999994 0.00000000099999999994 0.99999999300000008695 0.00000000099999999994 0.00000000099999999994 
0.40547927929408439374 0.00000000099999999999 0.00000000099999999999 0.00000000099999999999 0.00000000099999999999 0.59452071470591560942 0.00000000099999999999 0.00000000099999999999 
0.00000000099999999994 0.00000000099999999994 0.00000000099999999994 0.00000000099999999994 0.00000000099999999994 0.99999999300000008695 0.00000000099999999994 0.00000000099999999994 
0.00000000099999999995 0.00000000099999999995 0.00000000099999999995 0.00000000099999999995 0.00000000099999999995 0.99999999300000008695 0.00000000099999999995 0.00000000099999999995 
0.00000000099999999992 0.00000000099999999992 0.00000000099999999992 0.00000000099999999992 0.00000000099999999992 0.99999999299999997593 0.00000000099999999992 0.00000000099999999992 
0.00000000100000000000 0.03671191600366167929 0.29957042238886777419 0.51554086576909952111 0.00000031991842924355 0.00000000100000000000 0.02852281401234056657 0.11965365990760126746 
0.00000000099999999999 0.48718682937326784899 0.00000000099999999999 0.00000000099999999999 0.00000000099999999999 0.00000000099999999999 0.00000000099999999999 0.51281316462673198764 
0.00000000099999999999 0.46000541644278186704 0.00000000099999999999 0.00276604674001537524 0.00000000099999999999 0.00000000099999999999 0.00000000099999999999 0.53722853181720242599 
0.00000000099999999999 0.06469144784361284539 0.30283321273864205470 0.63247522046044268862 0.00000000099999999999 0.00000000099999999999 0.00000000099999999999 0.00000011495730252865 
0.00000000099999999999 0.68386056994855892732 0.00000000099999999999 0.00000000099999999999 0.00000000099999999999 0.00000000099999999999 0.00000000099999999999 0.31613942405144135339 
0.00000000099999999995 0.00000000099999999995 0.00000000099999999995 0.00000000099999999995 0.00000000099999999995 0.00000000099999999995 0.00000000099999999995 0.99999999300000008695 
0.00000000099999999995 0.00000000099999999995 0.00000000099999999995 0.00000000099999999995 0.00000000099999999995 0.00000000099999999995 0.00000000099999999995 0.99999999300000008695 
0.00000000100000000000 0.57214434143666048627 0.04544205967990867095 0.00000002968833175047 0.00000157658736987370 0.00000000100000000000 0.00000000100000000000 0.38241198960772926352 
0.00000000099999999999 0.42725948704823679680 0.00000000099999999999 0.00000000099999999999 0.00000000099999999999 0.00000000099999999999 0.00000000099999999999 0.57274050695176303982 
0.00000000099999999997 0.99999999300000008695 0.00000000099999999997 0.00000000099999999997 0.00000000099999999997 0.00000000099999999997 0.00000000099999999997 0.00000000099999999997 
0.00000000100000000000 0.44632214838024647507 0.04509102844999194476 0.00000020653263851788 0.00000000100000000000 0.00000000100000000000 0.00000000100000000000 0.50858661263712312550 
0.00000000099999999995 0.00000000099999999995 0.00000000099999999995 0.00000000099999999995 0.00000000099999999995 0.00000000099999999995 0.00000000099999999995 0.99999999299999997593 
0.00000000100000000000 0.18011501915679473118 0.12775013966175102764 0.46684551267864499158 0.04521876216208373794 0.00000000100000000000 0.00730946813332363204 0.17276109620740190409 
0.00246387216991124283 0.36425928100532017906 0.00000000100000000000 0.09678970238484731203 0.24501066004975008417 0.00000000100000000000 0.02833534794825766714 0.26314113444191367108 
0.00000000099999999999 0.42693850823794304850 0.04563018340695396829 0.00000000099999999999 0.00000000099999999999 0.00000000099999999999 0.00000000099999999999 0.52743130335510279849 
0.00000000099999999995 0.00000000099999999995 0.00000000099999999995 0.00000000099999999995 0.00000000099999999995 0.00000000099999999995 0.00000000099999999995 0.99999999299999997593 
0.00000000100000000000 0.43320545146410288639 0.02637482785767582272 0.00000000100000000000 0.00000000100000000000 0.00541819859576673623 0.00000000100000000000 0.53500151808245433038 
0.00000000100000000000 0.42299644235375943868 0.00000000100000000000 0.09316949202081308001 0.00000000533160514642 0.00000000100000000000 0.02817126208108771887 0.45566279521273461706 
0.00000000099999999990 0.00000000099999999990 0.99999999299999997593 0.00000000099999999990 0.00000000099999999990 0.00000000099999999990 0.00000000099999999990 0.00000000099999999990 
0.00000000099999999995 0.00000000099999999995 0.00000000099999999995 0.00000000099999999995 0.00000000099999999995 0.00000000099999999995 0.00000000099999999995 0.99999999299999997593 
0.00000005818075847603 0.00000000100000000000 0.23807275258653459726 0.66585517257589466045 0.00399908498518505243 0.00584311709832601323 0.00000000100000000000 0.08622981257330120108 
0.00000000100000000000 0.00000000100000000000 0.23760232997684294087 0.58556179196020607947 0.03577488325165254640 0.00483485556092129887 0.00005543167262059029 0.13617070557775656781 
0.00000000099999999995 0.00000000099999999995 0.00000000099999999995 0.00000000099999999995 0.00000000099999999995 0.00000000099999999995 0.00000000099999999995 0.99999999300000008695 
0.00000000099999999998 0.29188212866653406863 0.00000000099999999998 0.00000000889513885213 0.00000000099999999998 0.00000000099999999998 0.00000000099999999998 0.70811785743832678097 
0.00000000100000000000 0.00608809506055941509 0.23492388632732547071 0.64607500182574606473 0.00001732746884810220 0.00560271633615648697 0.00523337655602352722 0.10205959542534087658 
0.00000000099999999994 0.00000000099999999994 0.00000000099999999994 0.00000000099999999994 0.00000000099999999994 0.00000000099999999994 0.00000000099999999994 0.99999999299999997593 
0.00000000099999999994 0.00000000099999999994 0.00000000099999999994 0.00000000099999999994 0.00000000099999999994 0.00000000099999999994 0.00000000099999999994 0.99999999299999997593 
0.00000000099999999999 0.00000000099999999999 0.27323421555632276814 0.64101257011342727132 0.00000000099999999999 0.00000000099999999999 0.00000000099999999999 0.08575320933025019909 
0.00000000099999999994 0.00000000099999999994 0.00000000099999999994 0.00000000099999999994 0.00000000099999999994 0.00000000099999999994 0.00000000099999999994 0.99999999300000008695 
0.00000000099999999993 0.00000000099999999993 0.00000000099999999993 0.00000000099999999993 0.00000000099999999993 0.00000000099999999993 0.00000000099999999993 0.99999999299999997593 
0.00000000099999999997 0.00000000099999999997 0.00000000099999999997 0.99999999300000008695 0.00000000099999999997 0.00000000099999999997 0.00000000099999999997 0.00000000099999999997 
0.00000000099999999999 0.46310142644456731009 0.01265842370008729220 0.00000000099999999999 0.00000000099999999999 0.00000000099999999999 0.00000000099999999999 0.52424014485534531360 
0.00000000099999999999 0.00000000099999999999 0.30058485141958579678 0.56858771056104873143 0.00000000099999999999 0.00000000099999999999 0.00000000099999999999 0.13082743301936558544 
0.00000000099999999997 0.00000000099999999997 0.00000000099999999997 0.99999999300000008695 0.00000000099999999997 0.00000000099999999997 0.00000000099999999997 0.00000000099999999997 
0.00000000099999999999 0.00000000099999999999 0.29680191169641745308 0.56220752550514241364 0.00011061610532804580 0.00000000099999999999 0.00000000099999999999 0.14087994269311215900 
0.00000000099999999999 0.00000000099999999999 0.24860145691163826331 0.72388110447151399196 0.00000000099999999999 0.00000000099999999999 0.00000000099999999999 0.02751743361684784797 
0.00000000099999999995 0.00000000099999999995 0.00000000099999999995 0.00000000099999999995 0.00000000099999999995 0.00000000099999999995 0.00000000099999999995 0.99999999299999997593 
0.00000001679603335843 0.56850092858723377809 0.00000000099999999999 0.00000000099999999999 0.00000279347592260077 0.00000000099999999999 0.00000000099999999999 0.43149625714081041306 
0.00000000099999999996 0.99999999300000008695 0.00000000099999999996 0.00000000099999999996 0.00000000099999999996 0.00000000099999999996 0.00000000099999999996 0.00000000099999999996 
0.00000000099999999997 0.99999999300000008695 0.00000000099999999997 0.00000000099999999997 0.00000000099999999997 0.00000000099999999997 0.00000000099999999997 0.00000000099999999997 
0.00000000099999999999 0.41202482306258175759 0.00000000099999999999 0.14669592464821717970 0.00000000099999999999 0.00000000099999999999 0.00000000099999999999 0.44127924728920103759 
0.04320622531864904553 0.13883870814431473195 0.22315830568680319890 0.52763965875794216487 0.00000000100000000000 0.00000000100000000000 0.00920334572647910597 0.05795375436581173129 
0.00000000099999999997 0.99999999300000019797 0.00000000099999999997 0.00000000099999999997 0.00000000099999999997 0.00000000099999999997 0.00000000099999999997 0.00000000099999999997 
0.00000000099999999996 0.99999999300000019797 0.00000000099999999996 0.00000000099999999996 0.00000000099999999996 0.00000000099999999996 0.00000000099999999996 0.00000000099999999996 
0.00000000099999999996 0.99999999300000019797 0.00000000099999999996 0.00000000099999999996 0.00000000099999999996 0.00000000099999999996 0.00000000099999999996 0.00000000099999999996 
0.00000000100000000000 0.30205076628503102487 0.19013513569243267742 0.24142564265361984854 0.00000000100000000000 0.00000000100000000000 0.02280525086716032532 0.24358320150175621910 
0.01069032382871010212 0.23962034082114816447 0.19206420718984343332 0.40992406096333405818 0.00000000100000000000 0.00487446936022045783 0.00000000100000000000 0.14282659583674395254 
0.00000000099999999999 0.39189217011680932412 0.03652248715026285009 0.00000098991930047871 0.00000001202640808487 0.00000000099999999999 0.00000000099999999999 0.57158433778721928764 
0.00000000099999999996 0.99999999300000008695 0.00000000099999999996 0.00000000099999999996 0.00000000099999999996 0.00000000099999999996 0.00000000099999999996 0.00000000099999999996 
0.00000000099999999999 0.15117365939697549604 0.26243324102575299461 0.43788194508982947184 0.00000000099999999999 0.00000000099999999999 0.00000000099999999999 0.14851115048744223390 
0.00615082614310378476 0.15238029962644381032 0.19328794005046992521 0.63697270596666033526 0.00000000209185216214 0.01004338563261076775 0.00116483948885926772 0.00000000100000000000 
0.00000000100000000000 0.27315111048365842139 0.19788115446456275293 0.52807292475915479368 0.00000061920558315054 0.00000000100000000000 0.00088857364798000519 0.00000561543906085591 
0.00000000099999999995 0.00000000099999999995 0.00000000099999999995 0.00000000099999999995 0.00000000099999999995 0.00000000099999999995 0.00000000099999999995 0.99999999299999997593 
0.00000000099999999999 0.31664349286316351151 0.00000000099999999999 0.07898433595443420108 0.00000000099999999999 0.00000000099999999999 0.00000000099999999999 0.60437216618240208188 
0.00000000100000000000 0.61195927324439913786 0.00000073987808008822 0.12306393054699152345 0.00000000100000000000 0.00000000100000000000 0.00000000100000000000 0.26497605233052934359 
0.00000000099999999999 0.14775602107047536293 0.24654918841232814630 0.60569469725803426474 0.00000000099999999999 0.00000000099999999999 0.00000000099999999999 0.00000008925916223659 
0.00000000100000000000 0.16339021103659576162 0.24365946455831916095 0.59261226320826787539 0.00000000100000000000 0.00033804950445002487 0.00000000100000000000 0.00000000869236721823 
0.00000000099999999997 0.99999999300000019797 0.00000000099999999997 0.00000000099999999997 0.00000000099999999997 0.00000000099999999997 0.00000000099999999997 0.00000000099999999997 
0.00000000099999999999 0.45573136520590568077 0.00000000099999999999 0.00000000099999999999 0.00000000099999999999 0.00000000099999999999 0.00000000099999999999 0.54426862879409410034 
0.00000000099999999996 0.99999999300000008695 0.00000000099999999996 0.00000000099999999996 0.00000000099999999996 0.00000000099999999996 0.00000000099999999996 0.00000000099999999996 
0.00000000099999999999 0.62923558115021571702 0.00000000099999999999 0.00000000099999999999 0.00000000099999999999 0.00000000099999999999 0.00000000099999999999 0.37076441284978461921 
0.00000000099999999999 0.42647159380313504062 0.03565320095742339351 0.00000021845094321157 0.00000000099999999999 0.00000000099999999999 0.00000000099999999999 0.53787498278849832367 
0.00000000100000000000 0.47848740733409089732 0.00000298795876997006 0.07291410062083154842 0.00027922808811252012 0.00000000100000000000 0.00005457073421042780 0.44826170326398467880 
