0.33314365964500081141 0.03197112271658644062 0.55783834916861774200 0.00000000100000000000 0.01971627276149843719 0.00000100039754924385 0.03691306944584581140 0.02041652486490150645 
0.00000000099999999977 0.00000000099999999977 0.00000000099999999977 0.00000000099999999977 0.99999999299999997593 0.00000000099999999977 0.00000000099999999977 0.00000000099999999977 
0.99999999300000019797 0.00000000099999999998 0.00000000099999999998 0.00000000099999999998 0.00000000099999999998 0.00000000099999999998 0.00000000099999999998 0.00000000099999999998 
0.99999999300000019797 0.00000000099999999998 0.00000000099999999998 0.00000000099999999998 0.00000000099999999998 0.00000000099999999998 0.00000000099999999998 0.00000000099999999998 
0.00000000099999999999 0.00000000099999999999 0.99999999299999997593 0.00000000099999999999 0.00000000099999999999 0.00000000099999999999 0.00000000099999999999 0.00000000099999999999 
0.61001132513845657268 0.00000000100000000000 0.35940977058673723166 0.00001108161419104639 0.01937613352450077292 0.00000000100000000000 0.00000000100000000000 0.01119168613611430663 
0.25698131938679152908 0.00223857320155639158 0.56554649118696564969 0.00000000100000000000 0.00000000100000000000 0.03059547827397510536 0.00000000100000000000 0.14463813495071145554 
0.46484261290184480941 0.01565602591708871796 0.48541905764038006943 0.00000006076707011446 0.03116189104652130129 0.00000002456935221694 0.00292032615774276893 0.00000000100000000000 
0.35672204243646832289 0.05307643858581386626 0.54597684741582230838 0.00000000100000000000 0.00000000100000000000 0.04422111964976727094 0.00000354891212826017 0.00000000100000000000 
0.30479309935462517434 0.05492062118401003223 0.58929086997807533788 0.00020209233768047659 0.04681378678399326226 0.00000000100000000000 0.00397952693496722402 0.00000000242664846761 
0.00000000099999999998 0.00000000099999999998 0.99999999299999997593 0.00000000099999999998 0.00000000099999999998 0.00000000099999999998 0.00000000099999999998 0.00000000099999999998 
0.36228736230747943248 0.00605608129189235365 0.58850652803498659793 0.00000000100000000000 0.00000000100000000000 0.01626278206664072065 0.02688724329900103044 0.00000000100000000000 
0.39864587309354404532 0.00000000100000000000 0.59997740162789381380 0.00000000100000000000 0.00000017782064448784 0.00000000276635100748 0.00137654169156658417 0.00000000100000000000 
0.99999999300000008695 0.00000000099999999998 0.00000000099999999998 0.00000000099999999998 0.00000000099999999998 0.00000000099999999998 0.00000000099999999998 0.00000000099999999998 
0.51381553200014551397 0.00088214519318816358 0.39200578635232863345 0.00000000100000000000 0.04857656070436019297 0.00000000100000000000 0.04387348002604612995 0.00084649372393142362 
0.00000000099999999999 0.00000000099999999999 0.99999999299999997593 0.00000000099999999999 0.00000000099999999999 0.00000000099999999999 0.00000000099999999999 0.00000000099999999999 
0.30795615072480980734 0.04843492144091211815 0.64278476447390942017 0.00000001143480034116 0.00000000100000000000 0.00082412701075230358 0.00000002291481604180 0.00000000100000000000 
0.33731426163965094744 0.00000000100000000000 0.54409910872230060619 0.00000000100000000000 0.00000631051358417304 0.08012418526455876433 0.01502004293305728676 0.02343608892684827943 
0.32507848684857809651 0.00000000100000000000 0.57990068620475443417 0.00038000515271420710 0.00000000100000000000 0.00538292550119302826 0.08925789329276005712 0.00000000100000000000 
0.25141810321587743093 0.00750313194445535476 0.58978418330614923448 0.00000000415090908385 0.01205533037220164923 0.09222725537139532526 0.04701199063901208286 0.00000000100000000000 
0.34205795911597824954 0.00000000100000000000 0.58550948623492216072 0.02420984882259832535 0.00000000100000000000 0.00000000100000000000 0.04136053791085502612 0.00686216491564644194 
0.00000000099999999998 0.00000000099999999998 0.99999999299999997593 0.00000000099999999998 0.00000000099999999998 0.00000000099999999998 0.00000000099999999998 0.00000000099999999998 
0.37489302478147346065 0.01054930057583564930 0.54410662309831914207 0.00011332863402912720 0.00001218671491473294 0.03787283799044768168 0.03177052076478151937 0.00068217744019859129 
0.27221838830726285963 0.00000000099999999999 0.64513819560098106809 0.00000000099999999999 0.05829808502819412014 0.02434532706356173568 0.00000000099999999999 0.00000000099999999999 
0.36789230484367002605 0.00000000100000000000 0.51738799468992247022 0.00210565462324566492 0.03461375717640849392 0.07141288595145114937 0.00555368084662168342 0.00103372086868047382 
0.38359819605136102894 0.03420321625858172704 0.51454720405063958388 0.00000000100000000000 0.01495123080582719775 0.05269966339661348587 0.00000048743697697579 0.00000000100000000000 
0.00000000099999999998 0.00000000099999999998 0.99999998803732170760 0.00000000099999999998 0.00000000099999999998 0.00000000099999999998 0.00000000099999999998 0.00000000596267833577 
0.00000000099999999999 0.00000000099999999999 0.99999999299999997593 0.00000000099999999999 0.00000000099999999999 0.00000000099999999999 0.00000000099999999999 0.00000000099999999999 
0.31390220772848204112 0.00000000100000000000 0.60439470504092374092 0.01896072215121788820 0.00000000276166731464 0.00174286641158182703 0.06099934782083479834 0.00000014708529211011 
0.00000000099999999998 0.00000000099999999998 0.99999999299999997593 0.00000000099999999998 0.00000000099999999998 0.00000000099999999998 0.00000000099999999998 0.00000000099999999998 
0.39374411731193864616 0.00031168846819274511 0.54794305170067381106 0.02838079749223463080 0.00034580495403419980 0.00059565662877705762 0.02867888244414893220 0.00000000100000000000 
0.45170798112794241508 0.00000000099999999999 0.42834425586091362526 0.00000000099999999999 0.00000000099999999999 0.10584947756600313062 0.00000000099999999999 0.01409828144514074441 
0.20555755481104431848 0.00709442685360118803 0.63938925426047543699 0.04996294399974958444 0.00000000100000000000 0.08465871203261647604 0.01333710604251310376 0.00000000100000000000 
0.00000000099999999998 0.00000000099999999998 0.66414480132904463172 0.00000000099999999998 0.33585519267095526041 0.00000000099999999998 0.00000000099999999998 0.00000000099999999998 
0.62378441655345051586 0.03718268819707787332 0.31191616435400421059 0.00000000100000000000 0.01607284034098648354 0.00168768234383641380 0.00935620621064461866 0.00000000100000000000 
0.26324007990575770677 0.04301788997966467937 0.55583319721423485316 0.01822845459556701395 0.07110512882289379832 0.00000000269369151077 0.04857524578819039790 0.00000000100000000000 
0.00000000099999999977 0.00000000099999999977 0.00000000099999999977 0.00000000099999999977 0.99999999300000008695 0.00000000099999999977 0.00000000099999999977 0.00000000099999999977 
0.42469869330923037953 0.01647146745624731429 0.49345766476470986905 0.02356852048336945810 0.00579254319952544807 0.00000000100000000000 0.03597632205187015902 0.00003478773504747010 
0.00000000099999999995 0.00000000099999999995 0.99999999300000008695 0.00000000099999999995 0.00000000099999999995 0.00000000099999999995 0.00000000099999999995 0.00000000099999999995 
0.00000000099999999998 0.00000000099999999998 0.99999999299999997593 0.00000000099999999998 0.00000000099999999998 0.00000000099999999998 0.00000000099999999998 0.00000000099999999998 
0.00000000099999999998 0.00000000099999999998 0.99999999299999997593 0.00000000099999999998 0.00000000099999999998 0.00000000099999999998 0.00000000099999999998 0.00000000099999999998 
0.36842240019071992307 0.00000000100000000000 0.43502204744270100978 0.00129448498853478749 0.05037313200251657824 0.14488793237552782811 0.00000000100000000000 0.00000000100000000000 
0.44030562355218022530 0.03635135891089782967 0.50532196822226782551 0.00000000100000000000 0.00000000100000000000 0.00000000100000000000 0.01802104531465432979 0.00000000100000000000 
0.42893772953894132582 0.01720915856868369259 0.49576836573894017546 0.00633578415249425736 0.00354793808450823596 0.00054243953775963622 0.04188349366284763176 0.00577509071582493413 
0.32142382302197558541 0.01048722177982368622 0.59199477293459012994 0.00000000100000000000 0.04552198861909120819 0.03020821484634477611 0.00036299809795395409 0.00000097970022063148 
0.23547077862159596084 0.00000030185129684366 0.64123964712220249407 0.00000000100000000000 0.05008591451401031569 0.05564069851961198077 0.01756265737128244117 0.00000000100000000000 
0.36416615257919454640 0.00000000100000000000 0.49554159748516740658 0.00000000100000000000 0.04399253382903271781 0.05661036325258701069 0.03965688272556852634 0.00003246812844985343 
0.26453508340624926065 0.04240141460194300771 0.57233819731960666743 0.01200011050070236979 0.05842021086293176790 0.04552984047473612045 0.00477377649974046730 0.00000136633409037289 
0.26330828604279182814 0.00028809427875867963 0.53877184731562943742 0.00000000100000000000 0.05312503056228439630 0.01102667582885143854 0.05824533491798832008 0.07523473005369597788 
0.72205253870696062268 0.00000000099999999999 0.18721347087431378098 0.00000000099999999999 0.00000000099999999999 0.00000000099999999999 0.00000000099999999999 0.09073398541872580714 
0.26754742831814976034 0.00497619633054078529 0.57589803143015294573 0.02489942592764131726 0.03681733787004341091 0.08110049845731799600 0.00426481268447643190 0.00449626898167747487 
0.22676212632255790536 0.04190888703004107263 0.60690001057575015952 0.00000000100000000000 0.03635565431524688529 0.00002599889786538361 0.08676332829115296352 0.00128399356738555996 
0.40123813975277183852 0.03793980574824751956 0.49987280352842450304 0.00000039100850556695 0.05350318031010237174 0.00000000100000000000 0.00744567765194805407 0.00000000100000000000 
0.00000000099999999999 0.00000000099999999999 0.88545961880229717700 0.00000000099999999999 0.11454037519770271514 0.00000000099999999999 0.00000000099999999999 0.00000000099999999999 
0.99999999300000019797 0.00000000099999999999 0.00000000099999999999 0.00000000099999999999 0.00000000099999999999 0.00000000099999999999 0.00000000099999999999 0.00000000099999999999 
0.00000000099999999999 0.00949944274949576263 0.86098805556637092451 0.01754437199974867231 0.11195217581563203513 0.00000000099999999999 0.00001595086875267915 0.00000000099999999999 
0.00000000099999999998 0.04597748177397241454 0.68328723385350620401 0.00000000099999999998 0.00000000099999999998 0.00000000099999999998 0.27073527937252139797 0.00000000099999999998 
0.44276008693814455919 0.00000000100000000000 0.46123638635948327469 0.03291262900201534503 0.01866466966801734462 0.01493393740775321443 0.02391525404713535155 0.00557703557745081995 
0.37284599558801095887 0.00000000100000000000 0.49901862110014733043 0.00003031815333550697 0.04041823997960733439 0.06213388753508879148 0.02555293564380992088 0.00000000100000000000 
0.26508169243467599729 0.03821719927950389950 0.46831854856072613336 0.05444835717381411866 0.02295441828756918795 0.04016380923410196174 0.11081597402960866039 0.00000000100000000000 
0.00000000099999999998 0.00000000099999999998 0.99999999299999997593 0.00000000099999999998 0.00000000099999999998 0.00000000099999999998 0.00000000099999999998 0.00000000099999999998 
0.00000000099999999998 0.00000000099999999998 0.99999999299999997593 0.00000000099999999998 0.00000000099999999998 0.00000000099999999998 0.00000000099999999998 0.00000000099999999998 
0.24662743911904369543 0.04991080335554620023 0.59625859573079820208 0.00000000100000000000 0.00000000100000000000 0.01846444732858383911 0.00000000100000000000 0.08873871146602821391 
0.23097993850030354435 0.01965326996547048927 0.63018317490899444788 0.00000000100000000000 0.03394754368280022278 0.06021949665851283884 0.02501657428391853080 0.00000000100000000000 
0.51499948129541728292 0.00809188015049754419 0.37569978011153504216 0.00000006430984419155 0.00000000100000000000 0.03021609965245519377 0.01569028535774107461 0.05530240812250954846 
0.52986512954800091268 0.00481162807523324333 0.40583585760154039512 0.00010275032426633712 0.04485420444018754088 0.00000000100000000000 0.01453042801077161945 0.00000000100000000000 
0.99999999300000019797 0.00000000099999999998 0.00000000099999999998 0.00000000099999999998 0.00000000099999999998 0.00000000099999999998 0.00000000099999999998 0.00000000099999999998 
0.27468033852312195853 0.02021752158254351214 0.54098225783166564717 0.00340397948691416145 0.00000000100000000000 0.06673992554300477165 0.02130687207685821177 0.07266910395589178118 
0.25982886779299446678 0.00000000444982379031 0.57949324189608331093 0.00000000100000000000 0.09004541641213720249 0.01392711385861848325 0.05670501792606703895 0.00000033666427560920 
0.30018112291521553692 0.00000759263194786865 0.60635927931068045460 0.00953481925017154834 0.02989863473154281623 0.00000000100000000000 0.04096466732078955786 0.01305388283965226021 
0.28534040913895458713 0.00000000100000000000 0.43451900685040256711 0.02295599864130927828 0.02838945179211442571 0.21190534458523541117 0.00000000100000000000 0.01688978699198374553 
0.48272151140934721480 0.06479828041068301514 0.05583445065613865804 0.00000000100000000000 0.00000000100000000000 0.05119020348879265575 0.34545555103503855499 0.00000000100000000000 
0.99999999300000008695 0.00000000099999999998 0.00000000099999999998 0.00000000099999999998 0.00000000099999999998 0.00000000099999999998 0.00000000099999999998 0.00000000099999999998 
0.66016411506160621592 0.00000000100000000000 0.27309245598027964697 0.02158660072734094187 0.00000000100000000000 0.00000000100000000000 0.00000000100000000000 0.04515682423077332919 
0.33070426125322976985 0.02428822688344210376 0.54871264487720328162 0.02675518899752720933 0.00095222352733552570 0.00000080453048041627 0.06858664893078157687 0.00000000100000000000 
0.28685133593656481077 0.00990597208984885479 0.56722966704152222306 0.01319580536612820036 0.04595504195465342084 0.07686217561128236286 0.00000000100000000000 0.00000000100000000000 
0.36824064037481851752 0.02873250774502305802 0.52026461260433032319 0.00000000100000000000 0.00624542245414323391 0.00025955928482739916 0.04388153438546477797 0.03237572215139281062 
0.63622322069757086815 0.00000000100000000000 0.23529685641509703875 0.00000226414508790964 0.00000000100000000000 0.00000000100000000000 0.00000000100000000000 0.12847765474224412396 
0.00000000099999999997 0.00000000099999999997 0.99999999299999997593 0.00000000099999999997 0.00000000099999999997 0.00000000099999999997 0.00000000099999999997 0.00000000099999999997 
0.30447602209650931337 0.01397224765066405923 0.58442072078572482319 0.00000024132371302489 0.04171623496546855714 0.00713912059349941161 0.04827541158442080066 0.00000000100000000000 
0.00000000099999999998 0.00012300732767623639 0.58776488540546445449 0.00000000099999999998 0.00000000099999999998 0.10751037880429355209 0.30460172446256583711 0.00000000099999999998 
0.00000000099999999999 0.00000000099999999999 0.99999999299999997593 0.00000000099999999999 0.00000000099999999999 0.00000000099999999999 0.00000000099999999999 0.00000000099999999999 
0.48634570821642353344 0.00000000100000000000 0.41783341574736615476 0.00000000100000000000 0.00000000100000000000 0.00000925277549470737 0.04783287917920836518 0.04797874108150719519 
0.00000000099999999999 0.00000000099999999999 0.99999999300000008695 0.00000000099999999999 0.00000000099999999999 0.00000000099999999999 0.00000000099999999999 0.00000000099999999999 
0.34110184878911836703 0.00015447057107076316 0.43934827688167155113 0.00000000100000000000 0.00078877334298060224 0.07618131274203969461 0.05180752067691173773 0.09061779599620727044 
0.52949022018687297297 0.00005795898990977672 0.43155895050699077942 0.00000000100000000000 0.00000000100000000000 0.00000000100000000000 0.02724514488687185612 0.01164772242935467259 
0.99999999300000008695 0.00000000099999999998 0.00000000099999999998 0.00000000099999999998 0.00000000099999999998 0.00000000099999999998 0.00000000099999999998 0.00000000099999999998 
0.18911220356406316379 0.02716006334371038472 0.62206260168855631587 0.00000000100000000000 0.05439260834676312023 0.05726520619406708090 0.05000731486284002575 0.00000000100000000000 
0.51427036957422700425 0.00014176286490335104 0.42006199863622867285 0.00000000100000000000 0.02870929068463352538 0.03662948850306575743 0.00007581756424901905 0.00011127117269271035 
0.32927891240334783429 0.00000011293670101536 0.49396761327188892787 0.02284763639148593151 0.00004442043134086018 0.10428641606366609307 0.04572016857896717135 0.00385471992260208625 
0.52783967589082458893 0.00501276608467446545 0.40799898399115214209 0.00722915899277196215 0.00000000100000000000 0.02977500357188012439 0.00320715603444291560 0.01893725443425390773 
0.77717101687101819429 0.00000000099999999999 0.22205197287432201780 0.00000000099999999999 0.00000000099999999999 0.00000000099999999999 0.00000000099999999999 0.00077700525465993094 
0.35476490264558874221 0.02298702376576207754 0.45944130244483738501 0.00000000100000000000 0.07678419459581409257 0.01838172455257031448 0.06195089581198796880 0.00568995518343948931 
0.99999999300000019797 0.00000000099999999998 0.00000000099999999998 0.00000000099999999998 0.00000000099999999998 0.00000000099999999998 0.00000000099999999998 0.00000000099999999998 
0.24071088568287793419 0.04018751220332899415 0.66082577194234981555 0.00084463453178840295 0.02370686331748746156 0.01172383239103011454 0.01104509432635865721 0.01095540560477856890 
0.29491149870155486390 0.05589869874443095799 0.54458352428112699606 0.00025775220648692373 0.00001463470376974344 0.00000000100000000000 0.01780287441563798909 0.08653101594699252885 
0.00000000100000000000 0.02938420435052265661 0.22489644661828406269 0.00000000100000000000 0.00000043667664851017 0.67992764913459624587 0.06579125521081968797 0.00000000600912895571 
0.00000000099999999999 0.00000000099999999999 0.00000000099999999999 0.00000000099999999999 0.00000000099999999999 0.99999999299999997593 0.00000000099999999999 0.00000000099999999999 
0.00000000100000000000 0.01751943418603940997 0.14536406536460233507 0.00000146854277417672 0.03785063629175629274 0.68441733673588200926 0.11484629487291106442 0.00000076300603485590 
0.00000000099999999998 0.00000000099999999998 0.00000000099999999998 0.00000000099999999998 0.00000000099999999998 0.99999999299999997593 0.00000000099999999998 0.00000000099999999998 
0.00000000495365707734 0.06725225448748486934 0.17017941778159528798 0.02120527537930855938 0.00000000100000000000 0.67585621423221620141 0.06474273526799147194 0.00076409689774659768 
0.00000000099999999998 0.00000000099999999998 0.00000000099999999998 0.00000000099999999998 0.00000000099999999998 0.99999999299999997593 0.00000000099999999998 0.00000000099999999998 
0.00000000099999999999 0.00000000099999999999 0.00000000099999999999 0.00000000099999999999 0.00000000099999999999 0.99999999299999997593 0.00000000099999999999 0.00000000099999999999 
0.00000000099999999998 0.00000000099999999998 0.00000000099999999998 0.00000000099999999998 0.00000000099999999998 0.99999999299999997593 0.00000000099999999998 0.00000000099999999998 
0.00000000099999999999 0.00000000099999999999 0.00000000099999999999 0.00000000099999999999 0.00000000099999999999 0.99999999299999997593 0.00000000099999999999 0.00000000099999999999 
0.00000000099999999998 0.00000000099999999998 0.00000000099999999998 0.00000000099999999998 0.00000000099999999998 0.99999999299999997593 0.00000000099999999998 0.00000000099999999998 
0.00000000100000000000 0.03770389311602238835 0.12503554915614234488 0.00000000100000000000 0.00318374575677224511 0.75412848057501402632 0.07994832839604902597 0.00000000100000000000 
0.00000000099999999999 0.00002313709659281926 0.00000000099999999999 0.00000000099999999999 0.00000000099999999999 0.99997685690340720743 0.00000000099999999999 0.00000000099999999999 
0.00000000099999999998 0.00000000099999999998 0.00000000099999999998 0.00000000099999999998 0.00000000099999999998 0.99999999299999997593 0.00000000099999999998 0.00000000099999999998 
0.00000000099999999998 0.00000000099999999998 0.00000000099999999998 0.00000000099999999998 0.00000000099999999998 0.99999996512601685428 0.00000002887398314852 0.00000000099999999998 
0.00000000099999999998 0.00000000099999999998 0.00000000099999999998 0.00000000099999999998 0.00000000099999999998 0.99999999299999997593 0.00000000099999999998 0.00000000099999999998 
0.00000000099999999998 0.00000000099999999998 0.00000000099999999998 0.00000000099999999998 0.00000000099999999998 0.99999999300000008695 0.00000000099999999998 0.00000000099999999998 
0.00000000099999999999 0.00000000099999999999 0.00000000099999999999 0.00000000099999999999 0.00000000099999999999 0.99999999299999997593 0.00000000099999999999 0.00000000099999999999 
0.00000000099999999999 0.00000000099999999999 0.00000000099999999999 0.00000000099999999999 0.00000000099999999999 0.88409718653691349299 0.11590280746308638526 0.00000000099999999999 
0.00000000099999999998 0.00276054966371442256 0.00000000099999999998 0.00000000099999999998 0.00000000099999999998 0.99723944433628564088 0.00000000099999999998 0.00000000099999999998 
0.23166013172551522259 0.00667170859482180568 0.06062912932244783615 0.01487463371854887834 0.00000000100000000000 0.41961670969642778095 0.11677199166937796138 0.14977569427286041570 
0.00000000099999999999 0.00000000099999999999 0.00000000099999999999 0.00000000099999999999 0.06333302247396142837 0.85699846666578793908 0.07966850586025056580 0.00000000099999999999 
0.00000000099999999997 0.00000000099999999997 0.00000000099999999997 0.00000000099999999997 0.00000000099999999997 0.99999999299999997593 0.00000000099999999997 0.00000000099999999997 
0.00000000099999999999 0.00000000099999999999 0.00000000099999999999 0.00000000099999999999 0.00000000099999999999 0.99999999299999997593 0.00000000099999999999 0.00000000099999999999 
0.00000000099999999999 0.00000000099999999999 0.00000000099999999999 0.01725246423042883781 0.00000000099999999999 0.98274752976957124861 0.00000000099999999999 0.00000000099999999999 
0.00000000099999999998 0.00000000099999999998 0.00000000099999999998 0.00000000099999999998 0.00000000099999999998 0.99999999300000008695 0.00000000099999999998 0.00000000099999999998 
0.00000000099999999999 0.00000000099999999999 0.00000000099999999999 0.00000000099999999999 0.00000000099999999999 0.99999999299999997593 0.00000000099999999999 0.00000000099999999999 
0.00000000099999999998 0.00000000099999999998 0.00000000099999999998 0.00000000099999999998 0.00000000099999999998 0.99999999300000008695 0.00000000099999999998 0.00000000099999999998 
0.00000000099999999999 0.00000000099999999999 0.00000000099999999999 0.00000000099999999999 0.00000000099999999999 0.99999262010746681195 0.00000000099999999999 0.00000737389253331741 
0.00000000099999999997 0.00000000099999999997 0.00000000099999999997 0.00000000099999999997 0.00000000099999999997 0.99999999300000008695 0.00000000099999999997 0.00000000099999999997 
0.03617689352294396754 0.03826659357618137497 0.15529860651330065768 0.00000000100000000000 0.00000000100000000000 0.67432979502981060804 0.07199265903500524921 0.02393545032275806728 
0.00000000099999999999 0.00000000099999999999 0.00000000099999999999 0.00000000099999999999 0.00000000099999999999 0.99999999300000008695 0.00000000099999999999 0.00000000099999999999 
0.00000000099999999996 0.86209005905510815992 0.00000000099999999996 0.00000000099999999996 0.00000000099999999996 0.13790993494489200977 0.00000000099999999996 0.00000000099999999996 
0.00000000099999999995 0.99999999300000008695 0.00000000099999999995 0.00000000099999999995 0.00000000099999999995 0.00000000099999999995 0.00000000099999999995 0.00000000099999999995 
0.00000000099999999994 0.99999999300000019797 0.00000000099999999994 0.00000000099999999994 0.00000000099999999994 0.00000000099999999994 0.00000000099999999994 0.00000000099999999994 
0.00000000099999999995 0.99999999300000019797 0.00000000099999999995 0.00000000099999999995 0.00000000099999999995 0.00000000099999999995 0.00000000099999999995 0.00000000099999999995 
0.00000000099999999994 0.99999999300000019797 0.00000000099999999994 0.00000000099999999994 0.00000000099999999994 0.00000000099999999994 0.00000000099999999994 0.00000000099999999994 
0.00000000099999999993 0.99999999300000008695 0.00000000099999999993 0.00000000099999999993 0.00000000099999999993 0.00000000099999999993 0.00000000099999999993 0.00000000099999999993 
0.00000000099999999994 0.99999999300000019797 0.00000000099999999994 0.00000000099999999994 0.00000000099999999994 0.00000000099999999994 0.00000000099999999994 0.00000000099999999994 
0.00000000099999999995 0.99999999300000008695 0.00000000099999999995 0.00000000099999999995 0.00000000099999999995 0.00000000099999999995 0.00000000099999999995 0.00000000099999999995 
0.00000000099999999993 0.99999999300000019797 0.00000000099999999993 0.00000000099999999993 0.00000000099999999993 0.00000000099999999993 0.00000000099999999993 0.00000000099999999993 
0.00000000099999999993 0.99999999300000008695 0.00000000099999999993 0.00000000099999999993 0.00000000099999999993 0.00000000099999999993 0.00000000099999999993 0.00000000099999999993 
0.00000000099999999994 0.99999999300000008695 0.00000000099999999994 0.00000000099999999994 0.00000000099999999994 0.00000000099999999994 0.00000000099999999994 0.00000000099999999994 
0.00000000099999999995 0.99999999300000019797 0.00000000099999999995 0.00000000099999999995 0.00000000099999999995 0.00000000099999999995 0.00000000099999999995 0.00000000099999999995 
0.00000000099999999999 0.37869792047756900555 0.00000000099999999999 0.00000000099999999999 0.00000000099999999999 0.00000000099999999999 0.62130207352243083108 0.00000000099999999999 
0.00000000099999999993 0.99999999300000008695 0.00000000099999999993 0.00000000099999999993 0.00000000099999999993 0.00000000099999999993 0.00000000099999999993 0.00000000099999999993 
0.00000000099999999994 0.99999999300000008695 0.00000000099999999994 0.00000000099999999994 0.00000000099999999994 0.00000000099999999994 0.00000000099999999994 0.00000000099999999994 
0.00000000099999999994 0.99999999300000019797 0.00000000099999999994 0.00000000099999999994 0.00000000099999999994 0.00000000099999999994 0.00000000099999999994 0.00000000099999999994 
0.00000000099999999996 0.99999999300000008695 0.00000000099999999996 0.00000000099999999996 0.00000000099999999996 0.00000000099999999996 0.00000000099999999996 0.00000000099999999996 
0.00000000099999999994 0.99999999300000008695 0.00000000099999999994 0.00000000099999999994 0.00000000099999999994 0.00000000099999999994 0.00000000099999999994 0.00000000099999999994 
0.00000000099999999993 0.99999999300000008695 0.00000000099999999993 0.00000000099999999993 0.00000000099999999993 0.00000000099999999993 0.00000000099999999993 0.00000000099999999993 
0.00000000099999999994 0.99999999300000019797 0.00000000099999999994 0.00000000099999999994 0.00000000099999999994 0.00000000099999999994 0.00000000099999999994 0.00000000099999999994 
0.00000000099999999999 0.54589274353967631725 0.00000000099999999999 0.00000000099999999999 0.00000000099999999999 0.00000000099999999999 0.45410725046032368590 0.00000000099999999999 
0.00000000099999999994 0.99999999300000008695 0.00000000099999999994 0.00000000099999999994 0.00000000099999999994 0.00000000099999999994 0.00000000099999999994 0.00000000099999999994 
0.00000000099999999999 0.59598818944787979035 0.00000000099999999999 0.00000000099999999999 0.00000000099999999999 0.00000000099999999999 0.40401180455212037934 0.00000000099999999999 
0.00000000099999999994 0.99999999300000008695 0.00000000099999999994 0.00000000099999999994 0.00000000099999999994 0.00000000099999999994 0.00000000099999999994 0.00000000099999999994 
0.00000000099999999995 0.99999999300000008695 0.00000000099999999995 0.00000000099999999995 0.00000000099999999995 0.00000000099999999995 0.00000000099999999995 0.00000000099999999995 
0.00000000099999999993 0.99999999300000019797 0.00000000099999999993 0.00000000099999999993 0.00000000099999999993 0.00000000099999999993 0.00000000099999999993 0.00000000099999999993 
0.00000000100000000000 0.00000000100000000000 0.06299903220220325062 0.71577088620589834900 0.00000000100000000000 0.01265150754017563793 0.00000000100000000000 0.20857857005172283915 
0.00000000099999999999 0.00000000099999999999 0.00000000099999999999 0.00000000099999999999 0.06233722362880898815 0.00000000099999999999 0.00000000099999999999 0.93766277037119094562 
0.00000000099999999999 0.00000000099999999999 0.00000000099999999999 0.00000004792560922312 0.00000000099999999999 0.00000000099999999999 0.00000000099999999999 0.99999994607439079974 
0.03493337288085526099 0.00000000100000000000 0.00000004720316274565 0.81394347328150029597 0.03154657303834981080 0.00000000100000000000 0.00004020508293387967 0.11953632651319801017 
0.00000000099999999990 0.00000000099999999990 0.00000000099999999990 0.00000000099999999990 0.99999999299999997593 0.00000000099999999990 0.00000000099999999990 0.00000000099999999990 
0.00000000099999999999 0.00000000099999999999 0.00000304770424634030 0.00043818576641391243 0.00000000642884700310 0.00000000099999999999 0.00000000099999999999 0.99955875610049260693 
0.00000000099999999999 0.00000000099999999999 0.00000000099999999999 0.00000000099999999999 0.06742058680086629452 0.00000000099999999999 0.00000000099999999999 0.93257940719913379191 
0.07567986394713503706 0.00000000099999999999 0.00000000099999999999 0.04255808673984674134 0.00000000099999999999 0.00000000099999999999 0.00000000099999999999 0.88176204431301818953 
0.00000000099999999999 0.00000000099999999999 0.00000000099999999999 0.00000000099999999999 0.00000000099999999999 0.00000000099999999999 0.00000000099999999999 0.99999999299999997593 
0.00000000099999999999 0.00000000099999999999 0.00000000099999999999 0.00000000099999999999 0.00000000099999999999 0.00000000099999999999 0.00000000099999999999 0.99999999300000008695 
0.00000000099999999988 0.00000000099999999988 0.00000000099999999988 0.00000000099999999988 0.99999999299999997593 0.00000000099999999988 0.00000000099999999988 0.00000000099999999988 
0.00000000099999999999 0.00000000099999999999 0.00000000099999999999 0.00000325513418296506 0.12209800168353650285 0.00000000099999999999 0.00000000099999999999 0.87789873818228059132 
0.08817044327318677988 0.00000000100000000000 0.00422592961054140195 0.48387478822340768136 0.06520027925810538416 0.02011456468080943111 0.00000000100000000000 0.33841399295394936075 
0.32918332496088570371 0.00000000100000000000 0.00729864265931161674 0.03950601882777080021 0.03332395055382721127 0.04725444689458771497 0.00131485807499662167 0.54211875702862022397 
0.00000000099999999989 0.00000000099999999989 0.00000000099999999989 0.00000000099999999989 0.99999999299999997593 0.00000000099999999989 0.00000000099999999989 0.00000000099999999989 
0.00000000099999999999 0.00000000099999999999 0.00000000099999999999 0.03496941366359763298 0.00000006037689489971 0.00000000099999999999 0.00000000099999999999 0.96503052095950736522 
0.00000000100000000000 0.00618007882801664080 0.00000000539207950175 0.02244330333763843235 0.10558215472664302104 0.00000000100000000000 0.00000000100000000000 0.86579445471562244130 
0.03742201779509333331 0.00000000100000000000 0.00000000100000000000 0.04763089632661867551 0.06577102989065911065 0.02950638317747894535 0.00000000100000000000 0.81966966981014988125 
0.00000000099999999995 0.00000000099999999995 0.00000000099999999995 0.99999999299999997593 0.00000000099999999995 0.00000000099999999995 0.00000000099999999995 0.00000000099999999995 
0.00000000751846679901 0.00000000100000000000 0.01629941152571542581 0.07639879141853610223 0.07023286297567506165 0.00000000100000000000 0.00000000100000000000 0.83706892356160644830 
0.00000000100000000000 0.01235474256641960929 0.07604962795369560324 0.77422117801978529439 0.05098518295766920477 0.00000000100000000000 0.00000000321180934096 0.08638926329062085463 
0.11424779412034365145 0.00871318775583645143 0.00000000100000000000 0.72003923868600150371 0.08915812747906097513 0.00001899994944937458 0.00000000100000000000 0.06782265000930802479 
0.00000000099999999999 0.00000000099999999999 0.00000000099999999999 0.00117888909182852809 0.08420995253555317583 0.00000000099999999999 0.00000000099999999999 0.91461115337261833513 
0.00000000099999999999 0.00000000099999999999 0.00000000099999999999 0.00000329886744336864 0.00000000099999999999 0.00000000099999999999 0.00000000099999999999 0.99999669513255651232 
0.04785001387028749859 0.00705665577569118251 0.01533416866870587411 0.72442295938250289566 0.03068010491417265742 0.01823107155384069353 0.00000000100000000000 0.15642502483479917008 
0.00000000099999999999 0.00000000099999999999 0.00000000099999999999 0.00383833303571376244 0.07536918907869351314 0.00000000099999999999 0.00000000099999999999 0.92079247288559273876 
0.00000000099999999999 0.00000000099999999999 0.00000000099999999999 0.00000000099999999999 0.12209652133002597829 0.00000000099999999999 0.00000480289366169351 0.87789867077631233983 
0.08357737510254439894 0.00000000100000000000 0.00023402852615723416 0.78773298941890690372 0.00000000100000000000 0.00000000100000000000 0.00000000100000000000 0.12845560295239169535 
0.00000000099999999999 0.00000000099999999999 0.00000000099999999999 0.00000000099999999999 0.00000000099999999999 0.00000000099999999999 0.00000000099999999999 0.99999999300000008695 
0.00000000099999999998 0.00000000099999999998 0.00000000099999999998 0.00000000636941139247 0.00000000099999999998 0.00000000099999999998 0.00000000099999999998 0.99999998763058850493 
0.02965654099757511833 0.00000000100000000000 0.00065777741064600853 0.74539492250697969578 0.04563204115888278012 0.01719137626182501780 0.02979060709004822949 0.13167673357404316437 
0.00000000354207811496 0.00000000099999999999 0.00000000099999999999 0.00000000099999999999 0.00000000099999999999 0.00000000099999999999 0.00000000099999999999 0.99999999045792198338 
0.00189485770894192232 0.00000000100000000000 0.03509105314546064752 0.76510952327875714207 0.00000000100000000000 0.00000000100000000000 0.00000000100000000000 0.19790456186684030060 
0.00000000100000000000 0.00000000100000000000 0.04281460997559356774 0.81399226775974176107 0.07168903497336444330 0.00000000100000000000 0.00000000100000000000 0.07150408329130027163 
0.01011735512182356661 0.00000000100000000000 0.05788941495369463730 0.76766170923404986048 0.00001803912389974493 0.00000000100000000000 0.00000000100000000000 0.16431347856653216732 
0.05942479270158550902 0.00000026632398439375 0.02634350754213297258 0.81939401440651049580 0.00000016086326171493 0.00000000100000000000 0.00000000100000000000 0.09483725616252511315 
0.00000000099999999998 0.00000000099999999998 0.00000000099999999998 0.00000000099999999998 0.00000000099999999998 0.00000000099999999998 0.00000000099999999998 0.99999999300000008695 
0.00000000099999999999 0.00000000099999999999 0.00000191103894895847 0.00000000099999999999 0.10711743601560068384 0.00000000099999999999 0.00000000099999999999 0.89288064794545030090 
0.00000000099999999999 0.00000000099999999999 0.05181971405329303948 0.07777411607922404824 0.00002411379984361339 0.00000000099999999999 0.00000000099999999999 0.87038205206763930022 
0.10026984840757890982 0.00530142864959079040 0.00000000100000000000 0.05359923263910004732 0.00000000100000000000 0.00000000100000000000 0.00000000100000000000 0.84082948630373011145 
0.00431406198621266807 0.00000000099999999999 0.00000000099999999999 0.09248278812812552041 0.09910452843942682555 0.00000000099999999999 0.00000000099999999999 0.80409861744623500890 
0.00000000100000000000 0.00000000100000000000 0.06202746840881360330 0.63361680980796830642 0.01404675122403245546 0.00725763285823175560 0.04348710427988260879 0.23956423142107124979 
0.00000000100000000000 0.00000000100000000000 0.00000000100000000000 0.00000000100000000000 0.07181605350116966602 0.00095384842161834417 0.00001918519013276223 0.92721090888707924371 
0.00000000099999999999 0.00000000099999999999 0.00000000099999999999 0.04631761484108962851 0.00000000099999999999 0.00000000099999999999 0.00000000099999999999 0.95368237915891029832 
0.00000000099999999998 0.00000000099999999998 0.00000000099999999998 0.00000000099999999998 0.00000068369755294971 0.00000000099999999998 0.00000000099999999998 0.99999931030244704200 
0.05841223894100194824 0.00000000099999999999 0.00000000099999999999 0.38252575155251039574 0.00000026155008323912 0.03428659165091772765 0.00000000099999999999 0.52477515330548663020 
0.00000001770104875531 0.00306558970099089518 0.01097018035444429288 0.52066657464920151899 0.06177758655515639546 0.00750516383238994736 0.02064133759608276913 0.37537354961068525316 
0.00000000099999999986 0.00000000099999999986 0.00000000099999999986 0.00000000099999999986 0.99999999299999997593 0.00000000099999999986 0.00000000099999999986 0.00000000099999999986 
0.00000000100000000000 0.00000000100000000000 0.00000064443200815329 0.01693011081485964672 0.07772402687828207368 0.00000000100000000000 0.00000000100000000000 0.90534521387485011878 
0.00000000100000000000 0.00000000100000000000 0.00014414168234741663 0.62314232046777073837 0.01674578683272173740 0.00000000100000000000 0.00000000100000000000 0.35996774701716027778 
0.04345036740442817513 0.00520583949339799377 0.00000000342180415960 0.68443201396540431780 0.11225362141012133754 0.01848301137637355790 0.01513358565479203457 0.12104155727367833795 
0.04544730745876830735 0.00000090633194201227 0.03115531733420032895 0.58855256581772208424 0.00000985474890737162 0.01487216619801271476 0.00000218822391508581 0.31995969388653222598 
0.00000000099999999999 0.00000000099999999999 0.00000000099999999999 0.00000000099999999999 0.00000000099999999999 0.00000000099999999999 0.00000000099999999999 0.99999999300000008695 
0.00000000099999999985 0.00000000099999999985 0.00000000099999999985 0.00000000099999999985 0.99999999300000008695 0.00000000099999999985 0.00000000099999999985 0.00000000099999999985 
0.08746713543253537004 0.00000000099999999999 0.00000000099999999999 0.08233893365077947502 0.05647674972966691687 0.02191250643629481451 0.00000000099999999999 0.75180467175072351882 
0.03367148158127796637 0.00000000100000000000 0.00000000100000000000 0.72762003365361804796 0.07646293513128907260 0.00000000100000000000 0.00000000100000000000 0.16224554563381501926 
0.00344570099601718485 0.02726597180798130335 0.00098937796259354204 0.71431479764794536536 0.00000000100000000000 0.00000000100000000000 0.00000000100000000000 0.25398414858546275452 
0.00000000100000000000 0.00000000100000000000 0.00000000100000000000 0.02721094407273369140 0.04966738691867234740 0.01654702958286573614 0.00000000100000000000 0.90657463542572824799 
0.00000000099999999999 0.00000000099999999999 0.00000000099999999999 0.00000000099999999999 0.00000000099999999999 0.00000000099999999999 0.00000000099999999999 0.99999999299999997593 
0.00000000099999999999 0.00000000099999999999 0.00000000099999999999 0.00000000099999999999 0.00000000099999999999 0.00000000099999999999 0.00000000099999999999 0.99999999299999997593 
0.00000000099999999999 0.00000000099999999999 0.00000000099999999999 0.00000000099999999999 0.12062407168080284403 0.00000000099999999999 0.00000000099999999999 0.87937592231919725627 
0.00000000099999999999 0.00000000099999999999 0.00000000099999999999 0.00839842371141423343 0.00000000099999999999 0.00000000099999999999 0.00000000099999999999 0.99160157028858586514 
0.05456434453863786421 0.00000000100000000000 0.00107148025183247358 0.04439884415984676064 0.00000000100000000000 0.00000000171532015982 0.00000000100000000000 0.89996532633436276960 
