0.04631822353416271271 0.00000000100000000000 0.00028061205197702697 0.05494501011836355753 0.12635002976060880076 0.05063918119491382652 0.69282133946355861642 0.02864560287641545674 
0.00000000099999999997 0.00000000099999999997 0.00000000099999999997 0.00000000099999999997 0.00000000099999999997 0.00000000099999999997 0.99999999299999997593 0.00000000099999999997 
0.16505280408899961064 0.00000000100000000000 0.03789564933325455243 0.00000000100000000000 0.00670828285715755878 0.00000000100000000000 0.79034325972058816490 0.00000000100000000000 
0.13364158660151803648 0.00000000100000000000 0.05712480716607134384 0.00000000100000000000 0.10293750168184827298 0.00085824829447372864 0.69513917495893273735 0.01029867929715575989 
0.00000000100000000000 0.00000351748138447733 0.03714472079684916217 0.09467417114214564389 0.11770909017339978297 0.02299343431618615721 0.71155119177814085685 0.01592387331189386648 
0.00032591359501019947 0.00000000100000000000 0.00081518495712134187 0.00000000100000000000 0.23168596889723683252 0.00000000100000000000 0.76717292855063168311 0.00000000100000000000 
0.00000000100000000000 0.24262502954046430426 0.00000000100000000000 0.07847059168853598443 0.00022434311542149569 0.00000000100000000000 0.66679907722160802752 0.01188095543396999743 
0.09132774547400859810 0.00000000100000000000 0.00468538902092731097 0.01467111950344307005 0.08637721907003154120 0.00566075396913945286 0.77361326772742922131 0.02366450423502094655 
0.00017592456664893501 0.12425031154208544815 0.00000437252704580076 0.11813309376950331675 0.00000000100000000000 0.00000050466757525305 0.70341488226713666521 0.05402090966000451522 
0.00000000100000000000 0.14946394402269738699 0.01699220186892120080 0.00000000100000000000 0.00000012770325700775 0.03084933858821362757 0.73031307401493927856 0.07238131180197147907 
0.06931083911966133548 0.00000000100000000000 0.05121852084953470996 0.14044737777980659255 0.00000000100000000000 0.04740342240168999438 0.67137814814759599891 0.02024168970171132467 
0.09406365157145446521 0.00000000100000000000 0.00000000100000000000 0.07732422343546453691 0.00019744138077953076 0.02744349704740684306 0.79609063314208139417 0.00488055142281323788 
0.06300499757351776808 0.06053843900369192815 0.01976271208570030274 0.07737804845430865108 0.00000000100000000000 0.00732681904520258651 0.77198898183757880265 0.00000000100000000000 
0.10713575449445195131 0.19625551764174106739 0.00000000100000000000 0.00000000100000000000 0.00000000100000000000 0.00000000100000000000 0.69660872286380681739 0.00000000100000000000 
0.10373696353995549846 0.09913030300316158505 0.00898586526901163848 0.00720421852309494678 0.00019893761740943615 0.05253130592705330254 0.72745413390913993279 0.00075827221117354170 
0.07075151968231044308 0.06036849110549632330 0.02801769259846799073 0.14400250985908696899 0.00000000375403998508 0.00000766137929726866 0.69685212062130086341 0.00000000100000000000 
0.00000000100000000000 0.00000025958444821629 0.03961266766749256540 0.10239094463937878365 0.04688670204897404242 0.00022636811379487130 0.77094095613959989777 0.03994210080631165061 
0.17186995796110135504 0.00000000100000000000 0.00000153831894099118 0.10678986562454224896 0.00000020980494681749 0.03459700414818799724 0.68674142214228051095 0.00000000100000000000 
0.10867422282596252148 0.00000000100000000000 0.01581519597314655357 0.08511029282782014982 0.00062431342026176661 0.08700152966856640468 0.70277443716975596111 0.00000000711448644531 
0.00000000100000000000 0.00000000100000000000 0.00489853670594628428 0.16664371680957260069 0.08230318603200602323 0.05253104899065522138 0.68561330516017926495 0.00801020430164079041 
0.04109448254332209727 0.01457358838584395938 0.03500867705854709966 0.00276612481366240396 0.08890451214627051457 0.08212770228081127388 0.73552491177154255553 0.00000000100000000000 
0.00000000100000000000 0.00000000154577815165 0.03465749477663760542 0.07652720634967911939 0.05346575062531953165 0.06373753346799174158 0.77161200747298941405 0.00000000476160452071 
0.00000000100000000000 0.00676952943647781812 0.01300245255085276386 0.09806965827440655703 0.12376814164184790634 0.03493258409053583147 0.71213494154190304375 0.01132269146397614674 
0.00094708162052890420 0.00000000100000000000 0.00338263878324074905 0.11188175732647091809 0.08313232831231159858 0.00000000100000000000 0.80065619095744788858 0.00000000100000000000 
0.06632275202160385630 0.09030754634315102392 0.02165382292066600489 0.12269725740548285964 0.00432862918729064183 0.01582874804357434911 0.67886124307823125790 0.00000000100000000000 
0.00001138501994985551 0.00380244560330745499 0.00000000100000000000 0.11168763759521434242 0.12287879697492937181 0.00449207632180471418 0.73136649671270781425 0.02576116077208643468 
0.06601778703410747517 0.00009488157596338235 0.00000669822321284899 0.13196399365817290672 0.10830390874919543220 0.02194619986795516911 0.67166575615815737876 0.00000077473323534593 
0.00000000100000000000 0.11729865736272314380 0.02669960380072654987 0.05108810955307602208 0.00145474612707015955 0.04372397857476919419 0.71964512029917204750 0.04008978328246278616 
0.00000000664251100954 0.02062085098091316973 0.03833663834617886262 0.06042425965737024951 0.07731834869142398259 0.07423896577524613516 0.72906092890635654236 0.00000000100000000000 
0.00000000100000000000 0.00000000100000000000 0.00018167248626830380 0.08130870835305578637 0.11999376999231439744 0.04583178841821348992 0.75268368417646147606 0.00000037457368655513 
0.00000000100000000000 0.00000000100000000000 0.04234113643787979636 0.06801410535415425285 0.13642313616059639769 0.03388339610660687923 0.71758083424434859765 0.00175738969641409007 
0.18383165884978094895 0.04958087740506541413 0.00000000099999999999 0.10335597517686204161 0.00000000099999999999 0.00000000099999999999 0.66323148456829150721 0.00000000099999999999 
0.00000000100000000000 0.00000075640683392777 0.05790257194963099874 0.15532047615113123151 0.08633716832478495473 0.02533790470390484204 0.66435984733532693625 0.01074127412838715018 
0.00000000100000000000 0.10788760265149036077 0.00000000100000000000 0.03774085858568012458 0.00000000100000000000 0.00000000100000000000 0.84298783927227827206 0.01138369549055118224 
0.22286076812378016743 0.00000004026894893068 0.00142014727342783796 0.00107782593677666918 0.00000000100000000000 0.00000194547776083464 0.73127787261035703814 0.04336139930894856304 
0.00000360430192243976 0.00000000100000000000 0.03053832517110285916 0.02327750227745622666 0.14170537490033327521 0.06961524583944520006 0.68016883268688577147 0.05469111382285422179 
0.00000000099999999997 0.00000000099999999997 0.00000000099999999997 0.00000000099999999997 0.00000000099999999997 0.00000000099999999997 0.99999999299999997593 0.00000000099999999997 
0.11735523468946670866 0.00019835502060219917 0.03877208641621444907 0.01164637582963576681 0.03004423907607333202 0.05461226763593946681 0.72563715871284562020 0.02173428261922253843 
0.00000000099999999999 0.15951741181856951557 0.00000000099999999999 0.00000046889371941100 0.00000000099999999999 0.00000000315892749745 0.81764754147448637234 0.02283457165429731567 
0.01714404404948983648 0.00000341448372797002 0.04476648055099549661 0.15208249023519715415 0.03037704498719062327 0.00080528851631303066 0.72806454954460941842 0.02675668763247637805 
0.00006001295887162206 0.00000011882658571943 0.00301456058530214606 0.07714052667807269614 0.08496333973047423549 0.04201249326307475440 0.78793207940713572146 0.00487686855048306746 
0.15120271237233551265 0.00000000541857251352 0.01772931838085143805 0.16004501039258436923 0.00137669475482584476 0.00011543459308094143 0.66510527092255689041 0.00442555316519259879 
0.00000000100000000000 0.00000000100000000000 0.00000000100000000000 0.00000000100000000000 0.16559467890865661732 0.03874334757438932519 0.74920553646681709026 0.04645643305013696933 
0.00000000100000000000 0.00000000100000000000 0.00972751208394526806 0.04434819681391290180 0.17055211214571711076 0.05271181966368754246 0.70530739807517739415 0.01735295921755995383 
0.00452947179375658929 0.00000000100000000000 0.00000000100000000000 0.08064274896316009356 0.16223504525920348640 0.02014549589570999513 0.71950812024680865786 0.01293911584136106865 
0.00000000857707362067 0.00000000100000000000 0.00000000100000000000 0.14577295072545690124 0.10433087763232458400 0.01609401615411405750 0.73378505983145836389 0.00001708507957256351 
0.00064411471559277112 0.16882446506601347935 0.00000000100000000000 0.09963422265435976921 0.00000074131219581175 0.05272977876925803720 0.67816667548258002807 0.00000000100000000000 
0.00000000100000000000 0.09442363648656115771 0.02251058323533210864 0.12105668041724032546 0.05466327112462019550 0.01485863994385853114 0.65382193573585534185 0.03866525205653236624 
0.00005148866919337874 0.00000000100000000000 0.00000000100000000000 0.07492848033706450694 0.22732364360715595630 0.06174550071043237442 0.63581747331727234140 0.00013341135888150118 
0.22990788505656833962 0.00000000099999999999 0.00000325974062798707 0.00000000099999999999 0.08849579516255383360 0.00000000099999999999 0.68159305604024977843 0.00000000099999999999 
0.00123035486515614564 0.00271164128818439593 0.03809539098850527050 0.12720134658316178955 0.12095445302249241415 0.02472032412421094894 0.68283883803252598543 0.00224765109576313552 
0.00000005287439558038 0.13839454880678658810 0.00000000100000000000 0.08515061149828057063 0.00000000100000000000 0.08868442139308119199 0.64796803235262256937 0.03980233107483353849 
0.00000115269166790942 0.00000000100000000000 0.02267686914521932148 0.00000000240215538453 0.13994752396410178874 0.03186781620719029984 0.75959007174636627990 0.04591656284329898724 
0.00992723735651685271 0.00000000100000000000 0.00000000100000000000 0.12065445095579960255 0.15881216458854680029 0.04995810223482260309 0.65329630871652000224 0.00735173414779413149 
0.01714091126698627510 0.00000000100000000000 0.02105796867870443276 0.00000005266256465932 0.23291604902003754107 0.00000000100000000000 0.72888500647416853973 0.00000000989753855151 
0.00000000100000000000 0.00000000100000000000 0.07902773915046745756 0.06024455302648231564 0.09912099862677015150 0.06791462403810034909 0.67133885079184252298 0.02235323236633706551 
0.00000000099999999999 0.00000000099999999999 0.00000000099999999999 0.10297404159617033759 0.00000000099999999999 0.30006404023550747873 0.52888962138868733653 0.06807229277963483538 
0.19524410763428473592 0.00000000100000000000 0.04121468378046409808 0.01213109024545585418 0.00011294278683685461 0.04280397128244219779 0.70849247930432557308 0.00000072396619046748 
0.07414540611070895293 0.05877772170753643721 0.02577626977751575413 0.10788410939235622277 0.00000000100000000000 0.03247235005610480535 0.70093856328489623220 0.00000557867088149371 
0.00000000100000000000 0.05929012387248863702 0.07909975880639275037 0.08406348822028869572 0.01896223040080836572 0.12080797459157016638 0.60237237428196632738 0.03540404882648501977 
0.00012847184932518536 0.06508557596052019778 0.02066455765833044578 0.15175025338336831093 0.08772170350983116149 0.04568916204181646540 0.62153902058528154306 0.00742125501152661720 
0.00000000100000000000 0.18251626492712749728 0.00841448109940744551 0.05617939438529415130 0.00000000100000000000 0.00000000100000000000 0.75288985558817078658 0.00000000100000000000 
0.00009407900162464889 0.21586404451370541646 0.00000000100000000000 0.07781354765797077189 0.00000000100000000000 0.00000098059730756317 0.65151904738241717130 0.05470829884697428480 
0.00000000100000000000 0.00000000100000000000 0.00000000100000000000 0.15265187909866068106 0.10063509069800710694 0.02263943385761317192 0.70598398000926765317 0.01808961333645134339 
0.13041174428994947720 0.00000000100000000000 0.01060709969150553170 0.04538008165001221339 0.09795316954514243779 0.01680830208505355514 0.68911478166416229030 0.00972482007417464073 
0.00000242610983555697 0.00000000100000000000 0.02482741369727144501 0.00001245730606386102 0.14921445495619287125 0.03099227917613350466 0.79329019281096824212 0.00166077494353453897 
0.35197654264205618935 0.00000008255012229132 0.00000000100000000000 0.00000000100000000000 0.00000000100000000000 0.00403881501257246679 0.64398455579524904735 0.00000000100000000000 
0.00702148428837615600 0.12357513163141352341 0.01572087544395944780 0.12866342320015433653 0.04974602649884976580 0.03641221745612751443 0.62220514395197346058 0.01665569752914584575 
0.17697880462587650685 0.00001800226980721393 0.00000000100000000000 0.07652366237528737680 0.00000211535018323143 0.06615845139873387237 0.68017765987977663045 0.00014130310033505069 
0.00000987202094613031 0.12365250114760298339 0.01658057946356664841 0.03150291260068389942 0.03375762756167804274 0.05972664474966093984 0.72752829773221883158 0.00724156472364251291 
0.22943572180810720140 0.00000000100000000000 0.00073536448887334975 0.20706190894643072831 0.00000000100000000000 0.00003472306416965928 0.56273227869241904120 0.00000000100000000000 
0.00000000100000000000 0.11423834414567354822 0.00000000100000000000 0.04335042928161077919 0.00000000100000000000 0.33069895642018065640 0.44997671327149196818 0.06173555388104295938 
0.00000000100000000000 0.22755500395544772663 0.05672591157230609527 0.00000000100000000000 0.00000016155742690779 0.00000000100000000000 0.71571891891481931314 0.00000000100000000000 
0.00197485895195186664 0.12589522762940005829 0.04442001656300045148 0.00000000100000000000 0.10690708695231998515 0.00000023265992883250 0.72080257386532275987 0.00000000237807615755 
0.00001876000820072951 0.00000000100000000000 0.04877150555640687168 0.05739637888118959835 0.09321960234253480471 0.07765223506610524629 0.69478495224975989064 0.02815656489580274299 
0.09779022706925363795 0.00000000100000000000 0.03249770442767252465 0.12420143528416878465 0.03307582848597964698 0.00000000100000000000 0.69146186265474807175 0.02097294007817723446 
0.03938292274379798230 0.15998562600224650043 0.00000051721772694182 0.04314083614396242022 0.00000000100000000000 0.05370725951568742357 0.66860458691292556921 0.03517825046365304770 
0.13483392975109864675 0.00000013224096672740 0.00582775800781478760 0.00000000100000000000 0.19576589707498123771 0.00000000100000000000 0.66357227992513845294 0.00000000100000000000 
0.00000000099999999999 0.15853192623742090595 0.00000000099999999999 0.00000000099999999999 0.00000000099999999999 0.00000000099999999999 0.84146801053690456484 0.00000005822567454219 
0.10222798573546733325 0.00021059794216185402 0.01632271907998786645 0.08210943107045151623 0.00000009615239617142 0.04674048398707383173 0.73696549255173005033 0.01542319348073135053 
0.00000000099999999999 0.00000000099999999999 0.00000000099999999999 0.26298655993753555782 0.00000000099999999999 0.30968996486104494181 0.40858860608959990390 0.01873486511181942163 
0.00007095854922282447 0.17366227364378336584 0.00000000100000000000 0.09504965671775514324 0.00000000100000000000 0.05666086446821513856 0.63462575550310040828 0.03993048911792317079 
0.11102650242520957502 0.12199670873213813715 0.00003173491361311229 0.02167585939438045756 0.00000000100000000000 0.05831091946016328520 0.68695681945929309986 0.00000145461520223162 
0.00339815444207843811 0.00000000449033570184 0.03649445261991222933 0.11724660367654807236 0.07135618723619838177 0.03858243366581593642 0.68233392665384540177 0.05058823721526589656 
0.15995352887210412263 0.07022450963532017587 0.00001622249732317152 0.12048108236981608377 0.00059079047132262362 0.05017472905821113854 0.59582486773894705046 0.00273426935695570035 
0.10261846694184913187 0.13843965048921436090 0.00000003977081488017 0.00000012832750874152 0.00000000100000000000 0.04121534043596274122 0.70847677792937024943 0.00924959510527995077 
0.16877721152620894784 0.00000026150928691580 0.00000000100000000000 0.00000004047643842248 0.12436065748750654847 0.00381210794648211568 0.70304971905407687149 0.00000000100000000000 
0.00000000100000000000 0.00000000100000000000 0.00000000100000000000 0.14167140838945266323 0.13533699044404987055 0.05763783032109395799 0.64332946876317043117 0.02202429908223296068 
0.17266639720635587607 0.05155349113531267069 0.00000065134435799593 0.03361153808366534185 0.00000000100000000000 0.00523040786553686469 0.72472437313580884144 0.01221314022896242274 
0.08767718107673928840 0.05370674552767641663 0.02698150523933779896 0.14508414627059740276 0.00000000100000000000 0.05600534050747695003 0.63052727423132126638 0.00001780614685089463 
0.10270094234046478476 0.05457151219161471278 0.02914381814063272610 0.06765613331515571427 0.04353902669563341349 0.01386540056650956663 0.68515388614664574085 0.00336928060334340963 
0.00000739070328955077 0.00000000100000000000 0.00000971448771924824 0.00000000100000000000 0.24924987098301476518 0.00000000100000000000 0.75073297335924249474 0.00000004746673393582 
0.04512644475956134604 0.00000236953633183928 0.00000000100000000000 0.07592328716772082930 0.15732454869111778262 0.06984000557772424012 0.63642843694770701024 0.01535490631983703683 
0.00917912383033975959 0.00000000100000000000 0.01310747273915445661 0.00000000100000000000 0.24767162774085271781 0.00000000100000000000 0.73004177168965300737 0.00000000100000000000 
0.15286802833692467174 0.00000000100000000000 0.00308912257040894851 0.07883331433509573050 0.00000226604861772298 0.01731328616027247302 0.70524260217691459030 0.04265137937176590593 
0.00000291482555328012 0.05552374517703332485 0.00834737972235137862 0.00148568654297860365 0.14204617146807466121 0.04628603396903302469 0.67867456677656845532 0.06763350151840734348 
0.00006562588242255793 0.00039878256679410973 0.00066144235421573589 0.69305860668285823589 0.01836270084076446069 0.06853384463203832100 0.18164891018343651274 0.03727008685747007499 
0.00000000099999999999 0.00000000099999999999 0.00000000099999999999 0.99999999300000008695 0.00000000099999999999 0.00000000099999999999 0.00000000099999999999 0.00000000099999999999 
0.05343790819008329557 0.00000000100000000000 0.00000394565084866513 0.71316886929782452587 0.00000148738908472213 0.11475799193463298575 0.10088060894426958969 0.01774918759325606193 
0.00000000099999999997 0.00000000099999999997 0.00000000099999999997 0.99999999299999997593 0.00000000099999999997 0.00000000099999999997 0.00000000099999999997 0.00000000099999999997 
0.00000000100000000000 0.02648452625145451475 0.02290080932634492791 0.70610377022751225073 0.00052037208375592565 0.06576740908067132962 0.11155254549628366989 0.06667056653397733512 
0.00000000099999999998 0.00000000099999999998 0.00000000099999999998 0.99999999299999997593 0.00000000099999999998 0.00000000099999999998 0.00000000099999999998 0.00000000099999999998 
0.00000000099999999999 0.00000000099999999999 0.00000000099999999999 0.99999999299999997593 0.00000000099999999999 0.00000000099999999999 0.00000000099999999999 0.00000000099999999999 
0.00000000099999999998 0.00000000099999999998 0.00000000099999999998 0.99999999299999997593 0.00000000099999999998 0.00000000099999999998 0.00000000099999999998 0.00000000099999999998 
0.00000000099999999999 0.00000211599224874225 0.00000000099999999999 0.99999787800775130631 0.00000000099999999999 0.00000000099999999999 0.00000000099999999999 0.00000000099999999999 
0.00000000099999999998 0.00000000099999999998 0.00000000099999999998 0.99999999300000008695 0.00000000099999999998 0.00000000099999999998 0.00000000099999999998 0.00000000099999999998 
0.00000000099999999999 0.00000000099999999999 0.00000000099999999999 0.99999999300000008695 0.00000000099999999999 0.00000000099999999999 0.00000000099999999999 0.00000000099999999999 
0.00000000099999999999 0.00000000099999999999 0.00000000099999999999 0.99999916576658576250 0.00000000099999999999 0.00000000099999999999 0.00000000099999999999 0.00000082823341434865 
0.00000000099999999998 0.00000000099999999998 0.00000000099999999998 0.99999999300000008695 0.00000000099999999998 0.00000000099999999998 0.00000000099999999998 0.00000000099999999998 
0.00000000099999999998 0.00000000099999999998 0.00000000099999999998 0.99999999300000008695 0.00000000099999999998 0.00000000099999999998 0.00000000099999999998 0.00000000099999999998 
0.00000000099999999998 0.00000000099999999998 0.00000000099999999998 0.99999999299999997593 0.00000000099999999998 0.00000000099999999998 0.00000000099999999998 0.00000000099999999998 
0.00000000099999999998 0.00000000099999999998 0.00000000099999999998 0.99999999299999997593 0.00000000099999999998 0.00000000099999999998 0.00000000099999999998 0.00000000099999999998 
0.00000000100000000000 0.10117373549498676066 0.00000000100000000000 0.78121492239104795008 0.00000000100000000000 0.08860252767397074070 0.00000000317333322865 0.02900880826666130119 
0.00000000099999999998 0.00000000099999999998 0.00000000099999999998 0.99999999300000008695 0.00000000099999999998 0.00000000099999999998 0.00000000099999999998 0.00000000099999999998 
0.00000000099999999998 0.00000000099999999998 0.00000000099999999998 0.99972405135495334694 0.00000000099999999998 0.00000000099999999998 0.00000000099999999998 0.00027594264504670490 
0.11983116230120330337 0.12754564307682425550 0.01690160115347934255 0.40595954112049120743 0.00000000100000000000 0.11133552442006280914 0.20365431268719683122 0.01477221424074237101 
0.00000000099999999999 0.00000000099999999999 0.00000000099999999999 0.99999999300000008695 0.00000000099999999999 0.00000000099999999999 0.00000000099999999999 0.00000000099999999999 
0.00000000099999999997 0.00000000099999999997 0.00000000099999999997 0.99999999299999997593 0.00000000099999999997 0.00000000099999999997 0.00000000099999999997 0.00000000099999999997 
0.00000000099999999999 0.00000000099999999999 0.00000000099999999999 0.99999999300000008695 0.00000000099999999999 0.00000000099999999999 0.00000000099999999999 0.00000000099999999999 
0.00000000099999999999 0.00000000099999999999 0.02358061313552538285 0.97641938086447466194 0.00000000099999999999 0.00000000099999999999 0.00000000099999999999 0.00000000099999999999 
0.00000000099999999998 0.00000000099999999998 0.00000000099999999998 0.99999999300000008695 0.00000000099999999998 0.00000000099999999998 0.00000000099999999998 0.00000000099999999998 
0.07334030688134134113 0.00000000099999999999 0.00000000099999999999 0.81095378468075818290 0.00000000099999999999 0.05572168208061379496 0.00000000099999999999 0.05998422235728675944 
0.00000000099999999999 0.00000000099999999999 0.00000000099999999999 0.99999999300000008695 0.00000000099999999999 0.00000000099999999999 0.00000000099999999999 0.00000000099999999999 
0.00000000099999999999 0.12248922353770784477 0.00000000099999999999 0.81471952169480443828 0.00000000099999999999 0.00000000099999999999 0.00000000099999999999 0.06279124976748777509 
0.00000000099999999997 0.00000000099999999997 0.00000000099999999997 0.99999999300000008695 0.00000000099999999997 0.00000000099999999997 0.00000000099999999997 0.00000000099999999997 
0.00000000196943603017 0.05433253199968059166 0.00000003596502169541 0.69879004164045366299 0.00000000621535694277 0.06929958008843654926 0.13901007193768449843 0.03856773018393010871 
0.00000000099999999999 0.00000000099999999999 0.00000000099999999999 0.99999999299999997593 0.00000000099999999999 0.00000000099999999999 0.00000000099999999999 0.00000000099999999999 
0.00000000099999999995 0.00000000099999999995 0.00000000099999999995 0.00000000099999999995 0.00000000099999999995 0.00000000099999999995 0.00000000099999999995 0.99999999299999997593 
0.00000000099999999995 0.00000000099999999995 0.00000000099999999995 0.00000000099999999995 0.00000000099999999995 0.00000000099999999995 0.00000000099999999995 0.99999999299999997593 
0.00000000099999999994 0.00000000099999999994 0.00000000099999999994 0.00000000099999999994 0.00000000099999999994 0.00000000099999999994 0.00000000099999999994 0.99999999299999997593 
0.00000000099999999995 0.00000000099999999995 0.00000000099999999995 0.00000000099999999995 0.00000000099999999995 0.00000000099999999995 0.00000000099999999995 0.99999999299999997593 
0.00000000099999999994 0.00000000099999999994 0.00000000099999999994 0.00000000099999999994 0.00000000099999999994 0.00000000099999999994 0.00000000099999999994 0.99999999300000008695 
0.00000000099999999993 0.00000000099999999993 0.00000000099999999993 0.00000000099999999993 0.00000000099999999993 0.00000000099999999993 0.00000000099999999993 0.99999999300000008695 
0.00000000099999999994 0.00000000099999999994 0.00000000099999999994 0.00000000099999999994 0.00000000099999999994 0.00000000099999999994 0.00000000099999999994 0.99999999300000008695 
0.00000000099999999995 0.00000000099999999995 0.00000000099999999995 0.00000000099999999995 0.00000000099999999995 0.00000000099999999995 0.00000000099999999995 0.99999999299999997593 
0.00000000099999999993 0.00000000099999999993 0.00000000099999999993 0.00000000099999999993 0.00000000099999999993 0.00000000099999999993 0.00000000099999999993 0.99999999300000008695 
0.00000000099999999993 0.00000000099999999993 0.00000000099999999993 0.00000000099999999993 0.00000000099999999993 0.00000000099999999993 0.00000000099999999993 0.99999999300000008695 
0.00000000099999999994 0.00000000099999999994 0.00000000099999999994 0.00000000099999999994 0.00000000099999999994 0.00000000099999999994 0.00000000099999999994 0.99999999299999997593 
0.00000000099999999995 0.00000000099999999995 0.00000000099999999995 0.00000000099999999995 0.00000000099999999995 0.00000000099999999995 0.00000000099999999995 0.99999999299999997593 
0.00000000099999999999 0.00000000099999999999 0.00000000099999999999 0.00000000099999999999 0.00000000099999999999 0.62308736209902770842 0.00000000099999999999 0.37691263190097240576 
0.00000000099999999993 0.00000000099999999993 0.00000000099999999993 0.00000000099999999993 0.00000000099999999993 0.00000000099999999993 0.00000000099999999993 0.99999999299999997593 
0.00000000099999999994 0.00000000099999999994 0.00000000099999999994 0.00000000099999999994 0.00000000099999999994 0.00000000099999999994 0.00000000099999999994 0.99999999299999997593 
0.00000000099999999994 0.00000000099999999994 0.00000000099999999994 0.00000000099999999994 0.00000000099999999994 0.00000000099999999994 0.00000000099999999994 0.99999999299999997593 
0.00000000099999999996 0.00000000099999999996 0.00000000099999999996 0.00000000099999999996 0.00000000099999999996 0.00000000099999999996 0.00000000099999999996 0.99999999300000008695 
0.00000000099999999994 0.00000000099999999994 0.00000000099999999994 0.00000000099999999994 0.00000000099999999994 0.00000000099999999994 0.00000000099999999994 0.99999999300000008695 
0.00000000099999999993 0.00000000099999999993 0.00000000099999999993 0.00000000099999999993 0.00000000099999999993 0.00000000099999999993 0.00000000099999999993 0.99999999299999997593 
0.00000000099999999994 0.00000000099999999994 0.00000000099999999994 0.00000000099999999994 0.00000000099999999994 0.00000000099999999994 0.00000000099999999994 0.99999999299999997593 
0.00000000099999999999 0.00000000099999999999 0.00000000099999999999 0.00000000099999999999 0.00000000099999999999 0.45490625512751237114 0.00000000099999999999 0.54509373887248746549 
0.00000000099999999994 0.00000000099999999994 0.00000000099999999994 0.00000000099999999994 0.00000000099999999994 0.00000000099999999994 0.00000000099999999994 0.99999999299999997593 
0.00000000099999999999 0.00000000099999999999 0.00000000099999999999 0.00000000099999999999 0.00000000099999999999 0.40545123092189239156 0.00000000099999999999 0.59454876307810744507 
0.00000000099999999994 0.00000000099999999994 0.00000000099999999994 0.00000000099999999994 0.00000000099999999994 0.00000000099999999994 0.00000000099999999994 0.99999999299999997593 
0.00000000099999999995 0.00000000099999999995 0.00000000099999999995 0.00000000099999999995 0.00000000099999999995 0.00000000099999999995 0.00000000099999999995 0.99999999299999997593 
0.00000000099999999992 0.00000000099999999992 0.00000000099999999992 0.00000000099999999992 0.00000000099999999992 0.00000000099999999992 0.00000000099999999992 0.99999999299999997593 
0.00000870493076257390 0.12671055667101704945 0.70604049205993690830 0.03765243572221253776 0.12912106136656326116 0.00000000100000000000 0.00046674724950763352 0.00000000100000000000 
0.00000000099999999996 0.00000000099999999996 0.00000000099999999996 0.00000000099999999996 0.99999999300000008695 0.00000000099999999996 0.00000000099999999996 0.00000000099999999996 
0.33195290618509715186 0.00000000099999999998 0.00000000099999999998 0.00000000099999999998 0.66804708781490274028 0.00000000099999999998 0.00000000099999999998 0.00000000099999999998 
0.20284832776785718944 0.00000000099999999999 0.79714087666886146444 0.00000000099999999999 0.00001079056328140924 0.00000000099999999999 0.00000000099999999999 0.00000000099999999999 
0.00000000099999999994 0.99999999300000008695 0.00000000099999999994 0.00000000099999999994 0.00000000099999999994 0.00000000099999999994 0.00000000099999999994 0.00000000099999999994 
0.00000000099999999996 0.00000000099999999996 0.00000000099999999996 0.00000000099999999996 0.99999999300000008695 0.00000000099999999996 0.00000000099999999996 0.00000000099999999996 
0.00000000099999999995 0.00000000099999999995 0.00000000099999999995 0.00000000099999999995 0.99999999300000008695 0.00000000099999999995 0.00000000099999999995 0.00000000099999999995 
0.00000000099999999996 0.00000000099999999996 0.00000000099999999996 0.00000000099999999996 0.99999999300000008695 0.00000000099999999996 0.00000000099999999996 0.00000000099999999996 
0.00000000099999999993 0.99999999300000008695 0.00000000099999999993 0.00000000099999999993 0.00000000099999999993 0.00000000099999999993 0.00000000099999999993 0.00000000099999999993 
0.00000000099999999999 0.47990779249107767823 0.00000000099999999999 0.00000000099999999999 0.52009220150892232493 0.00000000099999999999 0.00000000099999999999 0.00000000099999999999 
0.00000000099999999995 0.00000000099999999995 0.00000000099999999995 0.00000000099999999995 0.99999999299999997593 0.00000000099999999995 0.00000000099999999995 0.00000000099999999995 
0.00000000099999999996 0.00000000099999999996 0.00000000099999999996 0.00000000099999999996 0.99999999299999997593 0.00000000099999999996 0.00000000099999999996 0.00000000099999999996 
0.07855171789787422643 0.10808277862227866351 0.47075132493059534955 0.01301779109660224434 0.25841017132601723505 0.00000000100000000000 0.07118621412663242443 0.00000000100000000000 
0.00000000099999999996 0.99999999300000019797 0.00000000099999999996 0.00000000099999999996 0.00000000099999999996 0.00000000099999999996 0.00000000099999999996 0.00000000099999999996 
0.00000000099999999998 0.36579059075861047878 0.00000000457652676407 0.00000000099999999998 0.63420939966486267192 0.00000000099999999998 0.00000000099999999998 0.00000000099999999998 
0.00000000099999999998 0.54848274880968106437 0.00000000136857854585 0.00000000099999999998 0.45151724482174043773 0.00000000099999999998 0.00000000099999999998 0.00000000099999999998 
0.00000000099999999999 0.42514266828123709052 0.00000000099999999999 0.00000000099999999999 0.57485732571876280161 0.00000000099999999999 0.00000000099999999999 0.00000000099999999999 
0.19642421823789016355 0.38532901927026946831 0.03665066592539388546 0.01527726319801548001 0.36631866521421491134 0.00000000100000000000 0.00000016615421619375 0.00000000100000000000 
0.00000000099999999995 0.00000000099999999995 0.99999999300000008695 0.00000000099999999995 0.00000000099999999995 0.00000000099999999995 0.00000000099999999995 0.00000000099999999995 
0.00000000099999999995 0.00000000099999999995 0.00000000099999999995 0.00000000099999999995 0.99999999300000008695 0.00000000099999999995 0.00000000099999999995 0.00000000099999999995 
0.00000000100000000000 0.05907193600865707356 0.74612991690808383449 0.00000000100000000000 0.13038449576065513913 0.00460843905231552668 0.04253957947023109809 0.01726563080005755896 
0.00000000100000000000 0.00060158810316122567 0.70145492189623037671 0.00777487914604194173 0.21795626870127166042 0.00000000100000000000 0.06826385536624167416 0.00394848478705308020 
0.00000000099999999998 0.26574826354079000845 0.00000000099999999998 0.00000000099999999998 0.73425173045920999471 0.00000000099999999998 0.00000000099999999998 0.00000000099999999998 
0.00000000099999999993 0.99999999300000019797 0.00000000099999999993 0.00000000099999999993 0.00000000099999999993 0.00000000099999999993 0.00000000099999999993 0.00000000099999999993 
0.00000000100000000000 0.24133852441133266109 0.73704935857162368062 0.00000739891710761103 0.00000000100000000000 0.00000000100000000000 0.01064746266593605793 0.01095725243399998071 
0.00000000099999999995 0.00000000099999999995 0.00000000099999999995 0.00000000099999999995 0.99999999300000008695 0.00000000099999999995 0.00000000099999999995 0.00000000099999999995 
0.00000000099999999999 0.29928029094132163612 0.00000000099999999999 0.00000000099999999999 0.70071970305867814499 0.00000000099999999999 0.00000000099999999999 0.00000000099999999999 
0.00000000099999999999 0.20854502354352033588 0.79008644108071646173 0.00000000099999999999 0.00000000099999999999 0.00000000099999999999 0.00136853037576346306 0.00000000099999999999 
0.00000000099999999998 0.45401299244341508654 0.00000000099999999998 0.00000000099999999998 0.54598700155658497213 0.00000000099999999998 0.00000000099999999998 0.00000000099999999998 
0.00000000099999999991 0.99999999300000008695 0.00000000099999999991 0.00000000099999999991 0.00000000099999999991 0.00000000099999999991 0.00000000099999999991 0.00000000099999999991 
0.09797765239739150700 0.00009134847850120729 0.72431406471333981134 0.01103984288774627343 0.12940209887591250237 0.03008357458052721839 0.00709141706658159704 0.00000000100000000000 
0.00000000099999999992 0.99999999300000019797 0.00000000099999999992 0.00000000099999999992 0.00000000099999999992 0.00000000099999999992 0.00000000099999999992 0.00000000099999999992 
0.04504442611718886130 0.00000000100000000000 0.74136407384964342349 0.00000000100000000000 0.21306459830905188912 0.00000000100000000000 0.00052689772411574807 0.00000000100000000000 
0.00000000100000000000 0.00000000100000000000 0.78425033876302263636 0.00000000100000000000 0.21514264669200913738 0.00000291556460080142 0.00060409498036735902 0.00000000100000000000 
0.00000000099999999999 0.00000000099999999999 0.75259639899137908969 0.00000000099999999999 0.20543599737788173498 0.00000000099999999999 0.04196759863073929592 0.00000000099999999999 
0.00000000100000000000 0.16322469005252124297 0.81706829992923846184 0.00000000100000000000 0.00000000119076194755 0.00000000100000000000 0.01970700482747840196 0.00000000100000000000 
0.00000000099999999995 0.00000000099999999995 0.00000000099999999995 0.00000000099999999995 0.99999999300000008695 0.00000000099999999995 0.00000000099999999995 0.00000000099999999995 
0.00000000099999999999 0.53233087757485009206 0.00000000099999999999 0.00000000099999999999 0.46766911642515007763 0.00000000099999999999 0.00000000099999999999 0.00000000099999999999 
0.18233581589839917281 0.37951307088599040007 0.06700741934100690189 0.00000000099999999999 0.37114368987460372162 0.00000000099999999999 0.00000000099999999999 0.00000000099999999999 
0.32804588712441573595 0.22601163762878451191 0.05278881467782258613 0.00000000100000000000 0.37351211487543289902 0.00000000100000000000 0.01715508888322418712 0.00248645481032022881 
0.17997667123113605947 0.27726789630256365449 0.07938238590345744750 0.00000000099999999999 0.46337304256284272963 0.00000000099999999999 0.00000000099999999999 0.00000000099999999999 
0.00000000100000000000 0.13993121905614652745 0.62001075418837392483 0.02223194040188503084 0.17048069697674297918 0.04734537169132445322 0.00000001568552707878 0.00000000100000000000 
0.25905208816232916380 0.28181706906484055297 0.00000000100000000000 0.00000000100000000000 0.45913083777283036913 0.00000000100000000000 0.00000000100000000000 0.00000000100000000000 
0.00000000099999999999 0.49657240452516987483 0.00007620780666802673 0.00000000099999999999 0.50335138266816203956 0.00000000099999999999 0.00000000099999999999 0.00000000099999999999 
0.00000059975461782291 0.18850783147599636802 0.00000000099999999998 0.00000000099999999998 0.81149156376938591517 0.00000000099999999998 0.00000000099999999998 0.00000000099999999998 
0.25928866374536196915 0.00117320911319314467 0.38008735667649229395 0.00570692891265494641 0.35374383855229774021 0.00000000100000000000 0.00000000100000000000 0.00000000100000000000 
0.06561190234614801275 0.17504210174453574411 0.50257419375622491842 0.00001496042915482868 0.23076254516292402097 0.02388816934758624874 0.00000012811281779247 0.00210599910060843424 
0.00000000099999999994 0.00000000099999999994 0.00000000099999999994 0.00000000099999999994 0.99999999300000008695 0.00000000099999999994 0.00000000099999999994 0.00000000099999999994 
0.19550497159397620117 0.37821141236665878349 0.00000000753489220138 0.00000000099999999999 0.42628360450447277952 0.00000000099999999999 0.00000000099999999999 0.00000000099999999999 
0.00000000099999999999 0.22699022772748836396 0.61069074391915323385 0.00000000099999999999 0.16231902335335843257 0.00000000099999999999 0.00000000099999999999 0.00000000099999999999 
0.09252571653868214840 0.12577132133129798053 0.66715294619105447449 0.01003518055603439679 0.05822033280679721895 0.01761305867449667467 0.01939808405510197800 0.00928335984653528949 
0.00000000796232193521 0.37170823053345425357 0.62802505323874913135 0.00025937657643064255 0.00000000421887741875 0.00000000100000000000 0.00000732440505183113 0.00000000206511491860 
0.00000000099999999996 0.00000000099999999996 0.00000000099999999996 0.00000000099999999996 0.99999999300000008695 0.00000000099999999996 0.00000000099999999996 0.00000000099999999996 
0.00000000099999999994 0.00000000099999999994 0.00000000099999999994 0.00000000099999999994 0.99999999300000008695 0.00000000099999999994 0.00000000099999999994 0.00000000099999999994 
0.44048027309738535529 0.00000015273228409578 0.00001466846572777468 0.00000000099999999999 0.55950490170460276396 0.00000000099999999999 0.00000000099999999999 0.00000000099999999999 
0.15255449269421159086 0.13268868680666423554 0.71475681251943179451 0.00000000100000000000 0.00000000100000000000 0.00000000100000000000 0.00000000397969242350 0.00000000100000000000 
0.00000000100000000000 0.00000000100000000000 0.69447276785603595517 0.00000000100000000000 0.28787018014581056136 0.00000000100000000000 0.00000000100000000000 0.01765704699815348611 
0.00000000099999999995 0.99999999300000019797 0.00000000099999999995 0.00000000099999999995 0.00000000099999999995 0.00000000099999999995 0.00000000099999999995 0.00000000099999999995 
0.40315878431537632842 0.00000000099999999998 0.00000000099999999998 0.00000000099999999998 0.59684120968462350820 0.00000000099999999998 0.00000000099999999998 0.00000000099999999998 
0.00000000099999999999 0.47090599857548648410 0.00000000099999999999 0.00000000099999999999 0.52909399542451351905 0.00000000099999999999 0.00000000099999999999 0.00000000099999999999 
0.33057741088640951732 0.00000000099999999998 0.00000000099999999998 0.00000000099999999998 0.66942258311359037481 0.00000000099999999998 0.00000000099999999998 0.00000000099999999998 
0.99999999300000008695 0.00000000099999999991 0.00000000099999999991 0.00000000099999999991 0.00000000099999999991 0.00000000099999999991 0.00000000099999999991 0.00000000099999999991 
0.99999999300000019797 0.00000000099999999994 0.00000000099999999994 0.00000000099999999994 0.00000000099999999994 0.00000000099999999994 0.00000000099999999994 0.00000000099999999994 
