0.32434220543109987256 0.00000000100000000000 0.00776498068544624522 0.00101247494020956859 0.56229995961691214834 0.03780183040129113381 0.02945770200212330034 0.03732084592291793484 
0.99999999300000019797 0.00000000099999999982 0.00000000099999999982 0.00000000099999999982 0.00000000099999999982 0.00000000099999999982 0.00000000099999999982 0.00000000099999999982 
0.00000000099999999998 0.00000000099999999998 0.00000000099999999998 0.00000000099999999998 0.99999999300000008695 0.00000000099999999998 0.00000000099999999998 0.00000000099999999998 
0.00000000099999999999 0.00000000099999999999 0.00000001733305573848 0.00000000099999999999 0.99999997666694429022 0.00000000099999999999 0.00000000099999999999 0.00000000099999999999 
0.39430670212657914497 0.00000000100000000000 0.04577724432457874748 0.00001391884137975622 0.53363058331291590708 0.00000006582996886994 0.00000014463184502105 0.02627133993273225374 
0.00000000099999999999 0.00000000099999999999 0.00000000099999999999 0.00000000099999999999 0.99999999299999997593 0.00000000099999999999 0.00000000099999999999 0.00000000099999999999 
0.27828388197483422406 0.00000000100000000000 0.00000326463578281812 0.05365280472728397448 0.52869038142784918755 0.13550870209565801794 0.00000000100000000000 0.00386096313859184701 
0.24905907262926096912 0.02090081302760362497 0.00000000100000000000 0.00030020701989312440 0.71001470987609816010 0.00000001277831999359 0.00000223611032104968 0.01972294755850309556 
0.32577978952189362571 0.00184602601340949505 0.00000000100000000000 0.04955244120932400520 0.57548618778415083774 0.00000000120463407891 0.00000000100000000000 0.04733555226658789361 
0.31544720438768625304 0.00000000100000000000 0.02382828497460226513 0.00000000100000000000 0.59488805651847265210 0.00416700478951843780 0.00001093824919303966 0.06165850908052721707 
0.31758295418201171190 0.00000003166926744057 0.02817434143938904109 0.09859203249989155482 0.50537590586033021012 0.00000000100000000000 0.02585493645919339362 0.02441979688991662706 
0.30115727254039997840 0.00000000100000000000 0.00000000100000000000 0.03820718177654065101 0.63409034270347464091 0.00000000100000000000 0.01755226250319436715 0.00899293747639016289 
0.31271826219153170401 0.05238438974436869511 0.00000000100000000000 0.00787412927746741764 0.62702283396038305252 0.00000000100000000000 0.00000038182624910692 0.00000000100000000000 
0.00000000099999999998 0.00000000099999999998 0.00000000099999999998 0.00000000099999999998 0.99999999300000008695 0.00000000099999999998 0.00000000099999999998 0.00000000099999999998 
0.16510143430731286096 0.00010367856943984926 0.00643437909738570849 0.00020157964531764078 0.73770444392333400785 0.03663795826313561571 0.04585622617547167185 0.00796030001860261252 
0.33191753139119017924 0.04731571874286578244 0.00000435180993255598 0.08115960981892915427 0.53959858823821760243 0.00000419799886477803 0.00000000100000000000 0.00000000100000000000 
0.32327955265086061321 0.00000835990731979017 0.00006770403040356751 0.02775444262102572807 0.60139291932361560455 0.00000000100000000000 0.00000000108503846544 0.04749701938173613719 
0.30544548189171183417 0.00000000100000000000 0.02208218118908671437 0.09679001004486585680 0.56072873054265037762 0.01160584881118494061 0.00334774552050010055 0.00000000100000000000 
0.31708545114173924961 0.00000000100000000000 0.01801605376978927808 0.03559571826504340925 0.55515373776650245308 0.00000000100000000000 0.07414894600203447705 0.00000009105489117280 
0.31936229240076635660 0.00213042594481418785 0.00000005898246944020 0.12404880054174304005 0.50958489164940456995 0.00000000100000000000 0.03581918055329227218 0.00905434892751012452 
0.29471117687957215647 0.00000000100000000000 0.04427709007203858849 0.00000000100000000000 0.61315701338138750565 0.00000626415016352093 0.04784845251683813444 0.00000000100000000000 
0.35730977371053729286 0.00000001916222490739 0.00481820315618060151 0.02168796562587433155 0.57627240791858158619 0.00000000100000000000 0.03988588913250450813 0.00002574029409686819 
0.29448133929228309524 0.01583729042004500265 0.00044378157309813614 0.05209874930648110414 0.60022396217945872543 0.00005137677755058916 0.02202572179708863626 0.01483777865399456448 
0.99999999300000019797 0.00000000099999999991 0.00000000099999999991 0.00000000099999999991 0.00000000099999999991 0.00000000099999999991 0.00000000099999999991 0.00000000099999999991 
0.27954794216801748252 0.00000000100000000000 0.02543638095677493854 0.08623563097224939966 0.58491829738275191719 0.02161993882863657082 0.00224180769156954443 0.00000000100000000000 
0.24557058911849932725 0.00000000100000000000 0.00000000100000000000 0.07265254918442717869 0.65019396573169285780 0.00000105682792955006 0.00000013245528660643 0.03158170468216445204 
0.33344644484030472320 0.00000000100000000000 0.00646825092473696153 0.07594446681973712754 0.52820773092295925100 0.04819182519181162277 0.00774126593135656803 0.00000001436909362145 
0.36470935844211394006 0.05211809080922270854 0.00000000100000000000 0.00002990705460038843 0.52039658801073906957 0.00000000100000000000 0.01708860524327554184 0.04565744844004824415 
0.31876759358670114786 0.00014728136373704878 0.01867408913348491545 0.00388274177126701758 0.59948294099489940479 0.00000000100000000000 0.05904535114991053824 0.00000000100000000000 
0.37693598429203351019 0.00000000100000000000 0.00435423169684653888 0.01543466089629085165 0.57246313462571962738 0.00000000100000000000 0.03068162583373247598 0.00013036065537693509 
0.26634083089316468174 0.06181373229222044546 0.00000000100000000000 0.02138106024693359197 0.62207395855563518694 0.00000000100000000000 0.01937226194987571107 0.00901815406217035612 
0.16014269903545502727 0.00000000099999999999 0.01422415188800972043 0.13155703853797406921 0.68740076618588308310 0.00667534135267803565 0.00000000099999999999 0.00000000099999999999 
0.29881554978588759086 0.05876055389980090748 0.00319959169113325208 0.11066853992289665820 0.50748194187352224649 0.00000000100000000000 0.00716737443398478020 0.01390644739277449755 
0.99999999300000008695 0.00000000099999999993 0.00000000099999999993 0.00000000099999999993 0.00000000099999999993 0.00000000099999999993 0.00000000099999999993 0.00000000099999999993 
0.15985943005165062503 0.01845232612954193427 0.00011423566003477860 0.00590696513768436578 0.77146417466152528153 0.00000006295854145961 0.00936856852636081157 0.03483423687466079971 
0.29897126179551958280 0.05713618981567317873 0.00005783403016307193 0.00002975265338482744 0.54683813238312828364 0.00000894002328253154 0.04209955732645073723 0.05485833197239770725 
0.99999999300000008695 0.00000000099999999983 0.00000000099999999983 0.00000000099999999983 0.00000000099999999983 0.00000000099999999983 0.00000000099999999983 0.00000000099999999983 
0.24920918218720186643 0.04267896497088321389 0.00334097293932112240 0.00000000100000000000 0.64747423407122572936 0.00000250041383737342 0.03480595986911612372 0.02248818454841445755 
0.00000000099999999998 0.00000000099999999998 0.00000000099999999998 0.00000000099999999998 0.96335611261203257794 0.00000000099999999998 0.00000012184164517799 0.03664376054632231122 
0.36794303952687174020 0.00000000100000000000 0.01882858625641480738 0.07304049863247001617 0.51560621889902147341 0.00000000100000000000 0.00000000100000000000 0.02458165368522202340 
0.35803797487212163375 0.00000000100000000000 0.00002034439516646307 0.00552208045669850059 0.58832304779481137125 0.00000000100000000000 0.03933586939529174625 0.00876068108591026608 
0.28740058201615381606 0.00000000100000000000 0.03479001645073363791 0.14620852229866049266 0.52809576150294346153 0.00350511473150869101 0.00000000100000000000 0.00000000100000000000 
0.23652647629582809752 0.00000000100000000000 0.00000000461721567778 0.00000000100000000000 0.70043368127118821320 0.00000000100000000000 0.01987155959606795239 0.04316827521970017373 
0.25510583266534647695 0.00000000100000000000 0.02674329862360963830 0.01501413465577397174 0.63573049735275277694 0.01026813546658053751 0.03770431914376543014 0.01943378109217100413 
0.30619055486102236818 0.00000000100000000000 0.00002507419627359483 0.05284242537075690277 0.60171470149789008097 0.02921728954074998691 0.00000014990784620191 0.01000980362546067225 
0.99999999300000008695 0.00000000099999999992 0.00000000099999999992 0.00000000099999999992 0.00000000099999999992 0.00000000099999999992 0.00000000099999999992 0.00000000099999999992 
0.29092646164814423004 0.00000000100000000000 0.00000000100000000000 0.07216540204305564588 0.56790005331617332551 0.03924084142873462272 0.02976723856389199008 0.00000000100000000000 
0.32416955677471559483 0.04627912307493509125 0.00000054508066178972 0.06743177871103851750 0.50720488695403231905 0.01484949084365268582 0.00000001120318264178 0.04006460735778135523 
0.29497040078458519607 0.00000000100000000000 0.00000000100000000000 0.02735570267596008562 0.51985159398487967852 0.10745502194625940195 0.04727501056519908817 0.00309226804311650430 
0.00000000099999999998 0.00000000099999999998 0.00000000099999999998 0.00000000099999999998 0.99999999299999997593 0.00000000099999999998 0.00000000099999999998 0.00000000099999999998 
0.33604708873168609440 0.05516444294498017847 0.00186892496686314781 0.08848801240414393143 0.51123988243677631615 0.00609074980197523309 0.00000130283823324757 0.00109959587534176422 
0.33080303437603697514 0.00000000100000000000 0.00000000100000000000 0.04113219717054041741 0.49142345328196490595 0.02626796687570571998 0.07067774134310987610 0.03969560495264200239 
0.25539609926463174849 0.00001624911849791889 0.02084595305055182007 0.00000000100000000000 0.67459574853675374762 0.00000000100000000000 0.00276957937142024036 0.04637636865814431103 
0.35589419340642608480 0.00001904892583478328 0.00000000491173825378 0.07638289888814932260 0.50214690821864749193 0.04465438849529838189 0.01682869215838668150 0.00407386499551914017 
0.00000000099999999999 0.00000004227382126737 0.00000000099999999999 0.00000000099999999999 0.99999995075580483395 0.00000000197037400735 0.00000000099999999999 0.00000000099999999999 
0.39974721796770706916 0.09038095032982793042 0.01459473223263053551 0.00000000370017087323 0.43612198496086768129 0.00000000100000000000 0.02630163123481507603 0.03285347857398099314 
0.99999999300000019797 0.00000000099999999990 0.00000000099999999990 0.00000000099999999990 0.00000000099999999990 0.00000000099999999990 0.00000000099999999990 0.00000000099999999990 
0.22171390584580710770 0.07834344056764976083 0.00000000122877650735 0.04179329626141469606 0.64369028742130374177 0.00004238586378510672 0.01441668181126310767 0.00000000100000000000 
0.32364930702330718670 0.00000001100108704846 0.02151769305965808149 0.08323768914760783233 0.57157294648282441774 0.00000000100000000000 0.00002235128551542172 0.00000000100000000000 
0.26372549854471349917 0.09799369391176603050 0.00000000100000000000 0.04248849765443917653 0.45087057822645537630 0.00000000100000000000 0.10379532099041866022 0.04112640867220721669 
0.32942877461867936528 0.04563477358521848826 0.00000000116425780759 0.11156863578491864331 0.45551409607378984257 0.03164058065049152324 0.01756024701058117587 0.00865289111206302315 
0.00000000099999999999 0.00000000099999999999 0.00000000099999999999 0.07057711306296514386 0.92942128102525711775 0.00000000099999999999 0.00000160091177778182 0.00000000099999999999 
0.31221545804816147607 0.00000000100000000000 0.00000000100000000000 0.03761827617688350001 0.53021243176926480256 0.07418777426159139932 0.00000000100000000000 0.04576605674409886526 
0.34599744156852019206 0.00000000100000000000 0.00000000100000000000 0.10248289005755607806 0.53130705271404865542 0.00000000100000000000 0.00060695990850798652 0.01960565275136712249 
0.16390958732489563365 0.04226782958527385697 0.00000000100000000000 0.05815369885068447098 0.66603638644515272826 0.04987672798462156748 0.01320438819256578716 0.00655138061680601933 
0.22935019408885706782 0.03084073554056323760 0.00014896779085497082 0.00000006210871314929 0.72538668575964415641 0.00000000100000000000 0.00816097978889664295 0.00611237392247072301 
0.00000000100000000000 0.00000000100000000000 0.00000000100000000000 0.07076573527075653847 0.84026359608232159548 0.08897021330023389962 0.00000045134668797495 0.00000000100000000000 
0.30106113587339056181 0.00246581811328846481 0.01619013683971972858 0.08269375812849304175 0.50780365350745426678 0.05549642990637038836 0.01620627318616045878 0.01808279444512307654 
0.32481999531652339108 0.00001322663016599812 0.00000020213693080777 0.03969680491083936447 0.54117551837949928739 0.04970933452555658522 0.04458377273228174287 0.00000114536820288409 
0.31480437076452094658 0.05940597772803730969 0.00000000100000000000 0.00000001772826784446 0.58119137696259004500 0.00256155128879469781 0.03389498320022792804 0.00814172132756118064 
0.23120174223118905577 0.07051624704430191348 0.00000000100000000000 0.22331969178762045569 0.45645103417918586608 0.01851128175770271750 0.00000000100000000000 0.00000000100000000000 
0.02393773476755949384 0.00000000100000000000 0.00000000100000000000 0.04821312345834297131 0.52369070348210311483 0.00000000100000000000 0.33697453368301033549 0.06718390160898399244 
0.00000000099999999998 0.00000000099999999998 0.00000000099999999998 0.00000000099999999998 0.99999999299999997593 0.00000000099999999998 0.00000000099999999998 0.00000000099999999998 
0.00000000099999999999 0.00000000099999999999 0.00000000099999999999 0.00000000099999999999 0.99999999299999997593 0.00000000099999999999 0.00000000099999999999 0.00000000099999999999 
0.28950826800111129078 0.00000000137915400106 0.04064939317343546632 0.00146919541222161900 0.57001667349880824620 0.00000000100000000000 0.06794823113034063888 0.03040823640492882826 
0.29266721416776836362 0.00000000100000000000 0.03780485969523914719 0.09380509905738099174 0.56603387277024730384 0.00000000100000000000 0.00000000100000000000 0.00968895130936440682 
0.28604075900177433622 0.00022648993671570001 0.00009629240024013722 0.00792466620096312323 0.58509301475890063138 0.04902234913802275967 0.03995428339701648235 0.03164214516636683350 
0.00000000099999999999 0.00000002443121656547 0.00000000099999999999 0.00000000099999999999 0.94534700759567036332 0.05465296297311308255 0.00000000099999999999 0.00000000099999999999 
0.00000000099999999999 0.00000000099999999999 0.00000000099999999999 0.00000000099999999999 0.99926942349368741425 0.00000000099999999999 0.00000000099999999999 0.00073057050631262067 
0.34337090615119897352 0.00024253184015234606 0.00627603383845090537 0.03086077094151161437 0.57309719766456734824 0.00000000100000000000 0.03198484439855009409 0.01416771416556871985 
0.99999999300000008695 0.00000000099999999992 0.00000000099999999992 0.00000000099999999992 0.00000000099999999992 0.00000000099999999992 0.00000000099999999992 0.00000000099999999992 
0.99999999300000008695 0.00000000099999999994 0.00000000099999999994 0.00000000099999999994 0.00000000099999999994 0.00000000099999999994 0.00000000099999999994 0.00000000099999999994 
0.21181352786496246421 0.01621571095391066350 0.00000000100000000000 0.02842349154191228452 0.65113235618134179816 0.05519797898476774822 0.03721692654878223233 0.00000000692432285079 
0.38822377229828297640 0.00000000100000000000 0.03129395410098650271 0.04316216166378818164 0.47156481675683525889 0.00000000100000000000 0.00498179870147014842 0.06077349447863703014 
0.26669869748154412248 0.00000061799258227544 0.00026917613697445840 0.09228530945758929571 0.51438951505759578087 0.09200092905996698489 0.03406275915500706075 0.00029299565874003284 
0.19832024919026550180 0.00000057507071209937 0.00011334723264383765 0.00000000100000000000 0.75951518298046061251 0.01149675195372140343 0.03018203067008256787 0.00037186190211398889 
0.00000000099999999999 0.00000000099999999999 0.00000000099999999999 0.00000000099999999999 0.99999999298650810164 0.00000000101349198735 0.00000000099999999999 0.00000000099999999999 
0.32898896252256953909 0.00000000100000000000 0.00368184192010439452 0.10376694331294458729 0.49702446426318591666 0.01000974451684674346 0.03294894600878058716 0.02357909645556816383 
0.21303894093616856931 0.00145987738079704455 0.00082076257325956975 0.05731751085578063593 0.69111123657911488483 0.03625166967487940956 0.00000000100000000000 0.00000000100000000000 
0.25120430826216494369 0.00000000100000000000 0.04251231198429433061 0.12127580738341625644 0.54371113088305045302 0.00003631473309646880 0.04122714007861857932 0.00003298567535886240 
0.15567063171176825920 0.02672622072873176782 0.00027951103727206112 0.05300423922325809417 0.73307212373667984817 0.02076227404686847508 0.00582982037515086381 0.00465517914027047206 
0.00000000099999999998 0.00000000099999999998 0.00000000099999999998 0.00000000099999999998 0.99999999299999997593 0.00000000099999999998 0.00000000099999999998 0.00000000099999999998 
0.22026535839171720865 0.00000000100000000000 0.00298944047956407454 0.04493965216071276608 0.58670194360539540401 0.06498972128619312505 0.05940131310303269074 0.02071256997338480343 
0.00000000099999999999 0.00000000099999999999 0.00005798178261981068 0.00000000099999999999 0.99994201221738010510 0.00000000099999999999 0.00000000099999999999 0.00000000099999999999 
0.36432622322450686214 0.00088448499814059410 0.01596060362311385594 0.00528899507086040121 0.56074300487851092001 0.00035871844296049907 0.00000000505335528473 0.05243796470855151270 
0.30619203404260031398 0.01736083812876305227 0.00000001449633831772 0.00000000100000000000 0.52880912008216740539 0.07568282570450628188 0.00629719144550428683 0.06565797510012037763 
0.11885797187188341939 0.00000322710826250608 0.00000000100000000000 0.67406748494467849664 0.09915580547445883297 0.00000005358060528645 0.06962902121823473511 0.03828643480187669118 
0.00000000099999999999 0.00000000099999999999 0.00000000099999999999 0.99999999300000008695 0.00000000099999999999 0.00000000099999999999 0.00000000099999999999 0.00000000099999999999 
0.12225887096907411822 0.04692964332319219528 0.00000000100000000000 0.71163173369157495252 0.00034322427462487139 0.00069618719059388195 0.10847634950453727276 0.00966399004640267761 
0.00000000099999999997 0.00000000099999999997 0.00000000099999999997 0.99999999299999997593 0.00000000099999999997 0.00000000099999999997 0.00000000099999999997 0.00000000099999999997 
0.06759683724702138241 0.04187500456679368877 0.00000001722149941289 0.67287620026755257108 0.07533145773700304637 0.00001250296509914151 0.06995612645216331416 0.07235185354286743920 
0.00000000099999999999 0.00000000099999999999 0.00000000099999999999 0.99999999299999997593 0.00000000099999999999 0.00000000099999999999 0.00000000099999999999 0.00000000099999999999 
0.00000000099999999999 0.00000000099999999999 0.00000000099999999999 0.99999999300000008695 0.00000000099999999999 0.00000000099999999999 0.00000000099999999999 0.00000000099999999999 
0.00000000099999999998 0.00000000099999999998 0.00000000099999999998 0.99999999300000008695 0.00000000099999999998 0.00000000099999999998 0.00000000099999999998 0.00000000099999999998 
0.00000000099999999999 0.00000000099999999999 0.00000000099999999999 0.99999999300000008695 0.00000000099999999999 0.00000000099999999999 0.00000000099999999999 0.00000000099999999999 
0.00000000099999999998 0.00000000099999999998 0.00000000099999999998 0.99999999300000008695 0.00000000099999999998 0.00000000099999999998 0.00000000099999999998 0.00000000099999999998 
0.10465425597565775062 0.00000001898668040870 0.00000000100000000000 0.78453829241184003251 0.00947342813368278781 0.00000000100000000000 0.07171845493090561741 0.02961554756123339557 
0.00000000099999999999 0.00000000099999999999 0.00000000099999999999 0.99999321994787182533 0.00000000099999999999 0.00000000099999999999 0.00000000099999999999 0.00000677405212831876 
0.00000000099999999998 0.00000000099999999998 0.00000000099999999998 0.99999999299999997593 0.00000000099999999998 0.00000000099999999998 0.00000000099999999998 0.00000000099999999998 
0.00000000099999999998 0.00000000099999999998 0.00000000099999999998 0.99999998687240676531 0.00000000099999999998 0.00000000099999999998 0.00000000712759318628 0.00000000099999999998 
0.00000000099999999998 0.00000000099999999998 0.00000000099999999998 0.99999999300000008695 0.00000000099999999998 0.00000000099999999998 0.00000000099999999998 0.00000000099999999998 
0.00000000099999999998 0.00000000099999999998 0.00000000099999999998 0.99999999299999997593 0.00000000099999999998 0.00000000099999999998 0.00000000099999999998 0.00000000099999999998 
0.00000000099999999999 0.00000000099999999999 0.00000000099999999999 0.99999999299999997593 0.00000000099999999999 0.00000000099999999999 0.00000000099999999999 0.00000000099999999999 
0.00000000099999999999 0.00000000099999999999 0.00000000099999999999 0.89649192730145987884 0.00000000099999999999 0.00000000099999999999 0.10350806669854017983 0.00000000099999999999 
0.00000000099999999998 0.00000000099999999998 0.00000000099999999998 0.99794840402910489630 0.00000000099999999998 0.00000000099999999998 0.00000000099999999998 0.00205158997089514676 
0.06452361056795108407 0.05680416636784000467 0.00000000100000000000 0.40814588227018283595 0.21341625081093493210 0.13620392779575182796 0.11105724746499873179 0.00984891372234068460 
0.00000000099999999999 0.00000000099999999999 0.00000000099999999999 0.99999999299999997593 0.00000000099999999999 0.00000000099999999999 0.00000000099999999999 0.00000000099999999999 
0.00000000099999999997 0.00000000099999999997 0.00000000099999999997 0.99999999300000008695 0.00000000099999999997 0.00000000099999999997 0.00000000099999999997 0.00000000099999999997 
0.00000000099999999999 0.00000000099999999999 0.00000000099999999999 0.99999999300000008695 0.00000000099999999999 0.00000000099999999999 0.00000000099999999999 0.00000000099999999999 
0.00000000099999999999 0.00000000164591387693 0.01424812242021646080 0.98575187093386973380 0.00000000099999999999 0.00000000099999999999 0.00000000099999999999 0.00000000099999999999 
0.00000000099999999998 0.00000000099999999998 0.00000000099999999998 0.99999999299999997593 0.00000000099999999998 0.00000000099999999998 0.00000000099999999998 0.00000000099999999998 
0.00000000099999999999 0.00000000099999999999 0.00000000099999999999 0.99999999300000008695 0.00000000099999999999 0.00000000099999999999 0.00000000099999999999 0.00000000099999999999 
0.00000000099999999998 0.00000000099999999998 0.00000000099999999998 0.99999999300000008695 0.00000000099999999998 0.00000000099999999998 0.00000000099999999998 0.00000000099999999998 
0.00000000099999999999 0.00000000099999999999 0.00000000099999999999 0.99999998679750068398 0.00000000099999999999 0.00000000720249925827 0.00000000099999999999 0.00000000099999999999 
0.00000000099999999997 0.00000000099999999997 0.00000000099999999997 0.99999999299999997593 0.00000000099999999997 0.00000000099999999997 0.00000000099999999997 0.00000000099999999997 
0.07103635145432635190 0.00418344274431537138 0.00000000100000000000 0.67189423836746908769 0.12416915881377472985 0.01259372102671638301 0.07504266627827381464 0.04108042031512439823 
0.00000000099999999999 0.00000000099999999999 0.00000000099999999999 0.99999999300000008695 0.00000000099999999999 0.00000000099999999999 0.00000000099999999999 0.00000000099999999999 
0.00000000099999999996 0.00000000099999999996 0.00000000099999999996 0.13817671837512279787 0.00000000099999999996 0.00000000099999999996 0.00000000099999999996 0.86182327562487714978 
0.00000000099999999995 0.00000000099999999995 0.00000000099999999995 0.00000000099999999995 0.00000000099999999995 0.00000000099999999995 0.00000000099999999995 0.99999999300000008695 
0.00000000099999999995 0.00000000099999999995 0.00000000099999999995 0.00000000099999999995 0.00000000099999999995 0.00000000099999999995 0.00000000099999999995 0.99999999299999997593 
0.00000000099999999995 0.00000000099999999995 0.00000000099999999995 0.00000000099999999995 0.00000000099999999995 0.00000000099999999995 0.00000000099999999995 0.99999999299999997593 
0.00000000099999999994 0.00000000099999999994 0.00000000099999999994 0.00000000099999999994 0.00000000099999999994 0.00000000099999999994 0.00000000099999999994 0.99999999299999997593 
0.00000000099999999993 0.00000000099999999993 0.00000000099999999993 0.00000000099999999993 0.00000000099999999993 0.00000000099999999993 0.00000000099999999993 0.99999999299999997593 
0.00000000099999999994 0.00000000099999999994 0.00000000099999999994 0.00000000099999999994 0.00000000099999999994 0.00000000099999999994 0.00000000099999999994 0.99999999299999997593 
0.00000000099999999995 0.00000000099999999995 0.00000000099999999995 0.00000000099999999995 0.00000000099999999995 0.00000000099999999995 0.00000000099999999995 0.99999999299999997593 
0.00000000099999999993 0.00000000099999999993 0.00000000099999999993 0.00000000099999999993 0.00000000099999999993 0.00000000099999999993 0.00000000099999999993 0.99999999300000008695 
0.00000000099999999993 0.00000000099999999993 0.00000000099999999993 0.00000000099999999993 0.00000000099999999993 0.00000000099999999993 0.00000000099999999993 0.99999999299999997593 
0.00000000099999999994 0.00000000099999999994 0.00000000099999999994 0.00000000099999999994 0.00000000099999999994 0.00000000099999999994 0.00000000099999999994 0.99999999299999997593 
0.00000000099999999995 0.00000000099999999995 0.00000000099999999995 0.00000000099999999995 0.00000000099999999995 0.00000000099999999995 0.00000000099999999995 0.99999999299999997593 
0.00000000099999999999 0.00000000099999999999 0.00000000099999999999 0.00000000099999999999 0.00000000099999999999 0.00000000099999999999 0.62149222626403555214 0.37850776773596445102 
0.00000000099999999993 0.00000000099999999993 0.00000000099999999993 0.00000000099999999993 0.00000000099999999993 0.00000000099999999993 0.00000000099999999993 0.99999999300000008695 
0.00000000099999999994 0.00000000099999999994 0.00000000099999999994 0.00000000099999999994 0.00000000099999999994 0.00000000099999999994 0.00000000099999999994 0.99999999300000008695 
0.00000000099999999994 0.00000000099999999994 0.00000000099999999994 0.00000000099999999994 0.00000000099999999994 0.00000000099999999994 0.00000000099999999994 0.99999999299999997593 
0.00000000099999999996 0.00000000099999999996 0.00000000099999999996 0.00000000099999999996 0.00000000099999999996 0.00000000099999999996 0.00000000099999999996 0.99999999299999997593 
0.00000000099999999994 0.00000000099999999994 0.00000000099999999994 0.00000000099999999994 0.00000000099999999994 0.00000000099999999994 0.00000000099999999994 0.99999999300000008695 
0.00000000099999999993 0.00000000099999999993 0.00000000099999999993 0.00000000099999999993 0.00000000099999999993 0.00000000099999999993 0.00000000099999999993 0.99999999300000008695 
0.00000000099999999994 0.00000000099999999994 0.00000000099999999994 0.00000000099999999994 0.00000000099999999994 0.00000000099999999994 0.00000000099999999994 0.99999999299999997593 
0.00000000099999999999 0.00000000099999999999 0.00000000099999999999 0.00000000099999999999 0.00000000099999999999 0.00000000099999999999 0.45291038136807787451 0.54708961263192223967 
0.00000000099999999994 0.00000000099999999994 0.00000000099999999994 0.00000000099999999994 0.00000000099999999994 0.00000000099999999994 0.00000000099999999994 0.99999999300000008695 
0.00000000099999999999 0.00000000099999999999 0.00000000099999999999 0.00000000099999999999 0.00000000099999999999 0.00000000099999999999 0.40317382315863675712 0.59682617084136324603 
0.00000000099999999994 0.00000000099999999994 0.00000000099999999994 0.00000000099999999994 0.00000000099999999994 0.00000000099999999994 0.00000000099999999994 0.99999999299999997593 
0.00000000099999999995 0.00000000099999999995 0.00000000099999999995 0.00000000099999999995 0.00000000099999999995 0.00000000099999999995 0.00000000099999999995 0.99999999300000008695 
0.00000000099999999993 0.00000000099999999993 0.00000000099999999993 0.00000000099999999993 0.00000000099999999993 0.00000000099999999993 0.00000000099999999993 0.99999999299999997593 
0.03252323968809565924 0.49777809172274728455 0.33599951151389767512 0.01136227491882549345 0.00000000100000000000 0.12233687915643384758 0.00000000100000000000 0.00000000100000000000 
0.00000000099999999999 0.00000000099999999999 0.00000000099999999999 0.00000000099999999999 0.00000000099999999999 0.99999999299999997593 0.00000000099999999999 0.00000000099999999999 
0.00000000099999999999 0.03983331140495259548 0.00000000099999999999 0.00000000099999999999 0.00000000099999999999 0.96016668259504733829 0.00000000099999999999 0.00000000099999999999 
0.00000000099999999999 0.70879894847660696033 0.29120104450841222121 0.00000000099999999999 0.00000000099999999999 0.00000000201498102861 0.00000000099999999999 0.00000000099999999999 
0.03308500688271537316 0.00000602087419618797 0.01530747507112685361 0.00000000099999999999 0.00000000099999999999 0.95160149317196152108 0.00000000099999999999 0.00000000099999999999 
0.00004589717497936804 0.04901482188911541332 0.00000001051681764620 0.00000000100000000000 0.00000000100000000000 0.95093926641908743669 0.00000000100000000000 0.00000000100000000000 
0.00000000099999999999 0.00140177810317357885 0.00000000099999999999 0.00000000099999999999 0.00000000099999999999 0.99859821589682640219 0.00000000099999999999 0.00000000099999999999 
0.00000000099999999999 0.00061127604773580013 0.06227528234854957934 0.00000000099999999999 0.06693708335278215904 0.87017635425093242674 0.00000000099999999999 0.00000000099999999999 
0.00000000099999999999 0.00000000099999999999 0.00000000099999999999 0.00000000099999999999 0.00000000099999999999 0.99999999299999997593 0.00000000099999999999 0.00000000099999999999 
0.00000000100000000000 0.00001248898795130740 0.00000000100000000000 0.00000000100000000000 0.00000000100000000000 0.99758109626500990341 0.00240640974703864620 0.00000000100000000000 
0.03562221475906188900 0.00023072932565435973 0.05670843928226284442 0.00000000099999999999 0.00000000099999999999 0.90743861263302094677 0.00000000099999999999 0.00000000099999999999 
0.00000000100000000000 0.06619304309663816277 0.00000000100000000000 0.00000000100000000000 0.00000000100000000000 0.93380695090336185427 0.00000000100000000000 0.00000000100000000000 
0.00000088693486975278 0.54521050567585060964 0.09285109776876467047 0.01464542656838546675 0.05648863640262754421 0.29080344464950197425 0.00000000100000000000 0.00000000100000000000 
0.00000000100000000000 0.08413968943935748457 0.00000000100000000000 0.03122629908626526132 0.34442228910910654971 0.53680536069344020333 0.00340635867183041244 0.00000000100000000000 
0.00000000099999999999 0.00000000099999999999 0.05150265736243101605 0.00000000099999999999 0.00000000099999999999 0.94849733663756885527 0.00000000099999999999 0.00000000099999999999 
0.00000000099999999999 0.00000577056619767823 0.06369494775713274715 0.00000000099999999999 0.00000000099999999999 0.93629927667666956737 0.00000000099999999999 0.00000000099999999999 
0.01996605167789144292 0.00000000671393502365 0.04195559923911999084 0.00000000100000000000 0.00000000100000000000 0.92916598551977347409 0.00000000100000000000 0.00891235384927997927 
0.00000000100000000000 0.11355819102015191069 0.00000000100000000000 0.03369375217781117593 0.01560445876407910715 0.83714359403795768344 0.00000000100000000000 0.00000000100000000000 
0.00000000099999999990 0.00000000099999999990 0.99999999299999997593 0.00000000099999999990 0.00000000099999999990 0.00000000099999999990 0.00000000099999999990 0.00000000099999999990 
0.00157718201048322464 0.14481161314287036013 0.00028626389206705139 0.00000000100000000000 0.00921201809732717126 0.84411291985725223075 0.00000000100000000000 0.00000000100000000000 
0.03443037372571486343 0.73156854407303606447 0.23380928155427638249 0.00000000100000000000 0.00000000100000000000 0.00000000100000000000 0.00000000100000000000 0.00019179664697277060 
0.00000041313797730831 0.59311670162696439323 0.26135756618348965352 0.00055844668743783353 0.07146741304179674015 0.06344817506787849004 0.00000000100000000000 0.01005128325445556366 
0.00000000099999999999 0.00000000099999999999 0.01504098962974802917 0.00000000099999999999 0.00000000099999999999 0.98495900437025196705 0.00000000099999999999 0.00000000099999999999 
0.00000000099999999999 0.03850786777993467358 0.00000000099999999999 0.00000000099999999999 0.00000000099999999999 0.96149212622006530182 0.00000000099999999999 0.00000000099999999999 
0.00000000099999999998 0.99999999300000008695 0.00000000099999999998 0.00000000099999999998 0.00000000099999999998 0.00000000099999999998 0.00000000099999999998 0.00000000099999999998 
0.00000000099999999999 0.00726855170358352374 0.01871154110627166328 0.00000000099999999999 0.00000000099999999999 0.97401990219014489281 0.00000000099999999999 0.00000000099999999999 
0.00000000099999999999 0.00000000099999999999 0.00001444507228030294 0.00000000099999999999 0.00000000099999999999 0.98546161629179773733 0.01452393363592179021 0.00000000099999999999 
0.00000000099999999999 0.72039615777745880099 0.27752206829913483865 0.00000000099999999999 0.00000000811404144639 0.00208176180936488512 0.00000000099999999999 0.00000000099999999999 
0.00000000099999999999 0.00064451684833333580 0.00014558633214152426 0.00000000099999999999 0.00000000099999999999 0.99920989181952513114 0.00000000099999999999 0.00000000099999999999 
0.00000000099999999998 0.00000027617604064888 0.02690236814521804187 0.00000000099999999998 0.00000000099999999998 0.97309735067874136849 0.00000000099999999998 0.00000000099999999998 
0.00000000099999999998 0.99999999300000019797 0.00000000099999999998 0.00000000099999999998 0.00000000099999999998 0.00000000099999999998 0.00000000099999999998 0.00000000099999999998 
0.00000000099999999999 0.01783490438544576423 0.00931910175526374888 0.00000000099999999999 0.04395376409827932151 0.92889222576101115880 0.00000000099999999999 0.00000000099999999999 
0.00000000099999999999 0.64304734200031665736 0.29396413926714826115 0.00000000099999999999 0.00000000099999999999 0.06298851373253530617 0.00000000099999999999 0.00000000099999999999 
0.00000000099999999999 0.81441272416467913597 0.18558726983532100596 0.00000000099999999999 0.00000000099999999999 0.00000000099999999999 0.00000000099999999999 0.00000000099999999999 
0.00000000099999999999 0.56030381037339271888 0.33883712325961690137 0.00000000099999999999 0.04335809835504072368 0.05750096401194981083 0.00000000099999999999 0.00000000099999999999 
0.00000000099999999999 0.73688167585640274027 0.26311831814359731840 0.00000000099999999999 0.00000000099999999999 0.00000000099999999999 0.00000000099999999999 0.00000000099999999999 
0.00000000099999999998 0.00000000099999999998 0.03178308237945379200 0.00000000099999999998 0.00000000099999999998 0.96821691162054623891 0.00000000099999999998 0.00000000099999999998 
0.02086657803311319295 0.00000000100000000000 0.00000000100000000000 0.00000000100000000000 0.00000000100000000000 0.97913341345669047122 0.00000000351019630345 0.00000000100000000000 
0.00447221572789581120 0.15996355438908865798 0.00000000099999999999 0.00000000099999999999 0.00000000099999999999 0.83556422488301562712 0.00000000099999999999 0.00000000099999999999 
0.00029517267203199571 0.11349635167122582025 0.00000000100000000000 0.00000000472060058454 0.06310839102502026343 0.81182996558624509476 0.00000001268676224922 0.01127010063811399038 
0.00000000099999999999 0.16773823611155636026 0.00000000099999999999 0.00000000099999999999 0.00035684241259894178 0.83190491647584463575 0.00000000099999999999 0.00000000099999999999 
0.00386921461411915977 0.55698295634757943873 0.22907591033959293081 0.01542476749690698500 0.00000000100000000000 0.15282790865590642482 0.04181924054589492012 0.00000000100000000000 
0.00000000100000000000 0.00000000100000000000 0.02211814594181545426 0.00033093216919286125 0.00000000100000000000 0.96463133329135886118 0.01291958459763275884 0.00000000100000000000 
0.00032200923266627026 0.10733833701828743301 0.00000984851525622976 0.00000555817139318842 0.00000000100000000000 0.89232424406239685410 0.00000000100000000000 0.00000000100000000000 
0.00000000099999999998 0.00000000099999999998 0.00949308229331177582 0.00000000099999999998 0.00000000099999999998 0.99050691170668825336 0.00000000099999999998 0.00000000099999999998 
0.00000000099999999999 0.25750911439374979395 0.20102520246954622141 0.04368831896938212694 0.00002518889079722255 0.49775217227652457375 0.00000000099999999999 0.00000000099999999999 
0.00000000100000000000 0.49980245742477957815 0.15499989053474033662 0.00926279970800846994 0.00000000100000000000 0.32479589734270730705 0.00675131741474014301 0.00438763557502406306 
0.00000000099999999999 0.09642234667187134234 0.00447857102170840567 0.00000000099999999999 0.00029291789672295133 0.89880616040969729674 0.00000000099999999999 0.00000000099999999999 
0.00000000100000000000 0.00038081251058213897 0.03146426605453513797 0.00000144080278754075 0.00005470795846584311 0.96802972956770350077 0.00000000100000000000 0.00006904110592581553 
0.00000000099999999999 0.49890852199609297957 0.24538592162220829174 0.00000000099999999999 0.00000000099999999999 0.25570555138169875908 0.00000000099999999999 0.00000000099999999999 
0.00000000099999999998 0.99999999300000019797 0.00000000099999999998 0.00000000099999999998 0.00000000099999999998 0.00000000099999999998 0.00000000099999999998 0.00000000099999999998 
0.00000000100000000000 0.54142858993998155270 0.19931648999795303911 0.01445361500891836383 0.01664816513330101555 0.22815313150395041819 0.00000000641589555421 0.00000000100000000000 
0.00000000099999999999 0.00000000099999999999 0.03129804285611872267 0.00000000099999999999 0.00000000099999999999 0.96870195114388135682 0.00000000099999999999 0.00000000099999999999 
0.00000000099999999999 0.12445534429570777324 0.00000000099999999999 0.00000000099999999999 0.00000000099999999999 0.87554464970429235482 0.00000000099999999999 0.00000000099999999999 
0.00000000100000000000 0.14938270301216810543 0.00006550811387894264 0.04689438451222196352 0.00000668642161417707 0.80365071494011675046 0.00000000100000000000 0.00000000100000000000 
0.00013193362312803657 0.62760406145481550944 0.25320403314808564987 0.00000000100000000000 0.00000000100000000000 0.11905996777397093167 0.00000000100000000000 0.00000000100000000000 
0.00000000100000000000 0.64074304940128490315 0.23471867365490992063 0.00000000100000000000 0.00000000100000000000 0.11515958483383953448 0.00000000100000000000 0.00937868810996582772 
0.00000000100000000000 0.00000013329780800748 0.04903261005369193709 0.01917315706910733761 0.00000000100000000000 0.93179409557939285591 0.00000000100000000000 0.00000000100000000000 
0.00000000099999999999 0.00000003492494293370 0.00000000099999999999 0.00000000099999999999 0.00000000099999999999 0.99999995768965110887 0.00000000099999999999 0.00000000238540607351 
0.00000000099999999999 0.00000000099999999999 0.00000000099999999999 0.00000000099999999999 0.00000000099999999999 0.99999999300000008695 0.00000000099999999999 0.00000000099999999999 
0.00000000099999999999 0.00000000099999999999 0.00000000099999999999 0.00000000099999999999 0.00000000099999999999 0.99999999299999997593 0.00000000099999999999 0.00000000099999999999 
0.00000000099999999999 0.00016483640413275419 0.05216753828142229460 0.00000000099999999999 0.00014004996083612518 0.94752757135360887730 0.00000000099999999999 0.00000000099999999999 
0.00000000100000000000 0.08717823928874218753 0.00109436687753004976 0.00079105012465124002 0.05403972452420113121 0.85689661618487544814 0.00000000100000000000 0.00000000100000000000 
