0.05885097294291976450 0.00320048640000079355 0.00000000100000000000 0.46394664552077863329 0.00000000100000000000 0.39803207229836951031 0.04342953233091952081 0.03254028850701179421 
0.00000000099999999990 0.00000000099999999990 0.00000000099999999990 0.99999999300000008695 0.00000000099999999990 0.00000000099999999990 0.00000000099999999990 0.00000000099999999990 
0.00000000099999999998 0.00000000099999999998 0.00000000099999999998 0.00000000099999999998 0.00000000099999999998 0.99999999299999997593 0.00000000099999999998 0.00000000099999999998 
0.00000000099999999998 0.00000000099999999998 0.00000000099999999998 0.00000000099999999998 0.00000000099999999998 0.99999999300000008695 0.00000000099999999998 0.00000000099999999998 
0.01342553168182406692 0.00053852691133652567 0.00004404979636842057 0.57640731287510527103 0.04099908064121410983 0.32815607559982706842 0.01630773338798737274 0.02412168910633726709 
0.06085098878597142852 0.00000000100000000000 0.00000000100000000000 0.24840044853484921639 0.00000125579196321168 0.69074730288721619686 0.00000000100000000000 0.00000000100000000000 
0.08326650373052882359 0.04197309918169313953 0.07143089950852234138 0.45265737985027598711 0.00000000100000000000 0.34310912345214905628 0.00000000100000000000 0.00756299227683076159 
0.00000000100000000000 0.00000235807792165776 0.03056376332804408222 0.42459607406077470859 0.00000000741757042060 0.52461336221443222172 0.00013019527604315987 0.02009423862521379778 
0.00035184671954853784 0.06355038331892109982 0.00000000100000000000 0.47051829037881848228 0.00000000100000000000 0.41578125034744067845 0.00000000100000000000 0.04979822623527131731 
0.00000000100000000000 0.00000000100000000000 0.05201175294727211629 0.48356841354483320883 0.00001538105480645031 0.39506727492175802707 0.01353976389129123679 0.05579741164003892279 
0.00000000100000000000 0.09424276174582621457 0.00000000100000000000 0.50275805089516001356 0.03258103939161761248 0.31420785932979067301 0.03662285882761379813 0.01958742780999155747 
0.00000000100000000000 0.03464666955420954431 0.00000000100000000000 0.48197660457705382431 0.00000000100000000000 0.45359118991444480340 0.02679479070778106875 0.00299074224651079508 
0.00000000100000000000 0.01274505474458392969 0.00434511653971646553 0.49180543740611726289 0.00000022754083641930 0.48597278015844408428 0.00513138161030166767 0.00000000100000000000 
0.00000000099999999997 0.00000000099999999997 0.00000000099999999997 0.00000000099999999997 0.00000000099999999997 0.99999999300000008695 0.00000000099999999997 0.00000000099999999997 
0.03880230998517310986 0.00027375487424176071 0.00906281980977904390 0.30313932325631881559 0.00000001268179280329 0.59640569937463416839 0.05202826407383102925 0.00028781594422917490 
0.00000002909802943585 0.08193487162634711940 0.03341073393144121384 0.53754334586612284586 0.02374261512289593812 0.32336840235516350894 0.00000000100000000000 0.00000000100000000000 
0.00000000100000000000 0.01736386324855312621 0.00000000100000000000 0.53586431762806552292 0.01027119019419180622 0.38872775734847242468 0.00006104546275095860 0.04771182411796624084 
0.03706864457961302206 0.08340580039754129371 0.00000000100000000000 0.44635826782803283974 0.00000003380538803295 0.41244785995428306924 0.02071939143514181514 0.00000000100000000000 
0.00000000100000000000 0.02547841249575101205 0.00000980333827042874 0.49759354105877900976 0.00176356745357429396 0.39070047332987589694 0.08445420032374922892 0.00000000100000000000 
0.00000000100000000000 0.10417242321359444779 0.00000000100000000000 0.52537793559093859397 0.00002999259840487077 0.32148387837536046563 0.04175399382259904757 0.00718177439910264344 
0.03618383409079935914 0.00000000100000000000 0.00000000100000000000 0.44413959648501238897 0.01740400085038001574 0.44786209832238599304 0.05441046725142221346 0.00000000100000000000 
0.00000000099999999997 0.00000000099999999997 0.00000000099999999997 0.99999999299999997593 0.00000000099999999997 0.00000000099999999997 0.00000000099999999997 0.00000000099999999997 
0.00364318728839595294 0.05130945095574433734 0.00047954148294955708 0.43826186570093206285 0.00527181482107051853 0.45496753017082103288 0.03492418608479938569 0.01114242349528719173 
0.00000000099999999996 0.00000000099999999996 0.00000000099999999996 0.99999999300000008695 0.00000000099999999996 0.00000000099999999996 0.00000000099999999996 0.00000000099999999996 
0.06206974996541930745 0.07438467674391299744 0.00000000100000000000 0.42696877045249909122 0.00044048244013635365 0.42261211128755771238 0.01352420711047452699 0.00000000100000000000 
0.00000000515525265105 0.06365592624210869577 0.00027068512629020394 0.42408260083589760514 0.00000000100000000000 0.47897888490279461049 0.00016249786827611171 0.03284939886937991022 
0.09193649990886722245 0.06286032373751759827 0.00000000100000000000 0.51499838306234846375 0.00000000100000000000 0.30958119186296351177 0.02062359842830318798 0.00000000100000000000 
0.00000000377112776569 0.00000581952349203202 0.00924173394600196624 0.55031783399451983385 0.01879850842565879490 0.35173068395198642255 0.03268766991907729597 0.03721774646813587328 
0.00000000100000000000 0.00724989539813453935 0.00049059295828127365 0.49895319013065936309 0.02277289311487223911 0.40584218450498832365 0.06469124189306411921 0.00000000100000000000 
0.00591316514393581960 0.01726118968492164341 0.00000000100000000000 0.56083306899347162844 0.00432554843121228487 0.37029179530166617118 0.04135253032111609744 0.00002270112367635820 
0.00021755498168500210 0.01734022626197113601 0.00000000100000000000 0.42549880894294578315 0.03551682511956388844 0.48633611368071555381 0.03149521382795082702 0.00359525618516787519 
0.04998161224559745375 0.11524571071167603875 0.00000000099999999999 0.30411340106536355332 0.00000000099999999999 0.53065927197736284526 0.00000000099999999999 0.00000000099999999999 
0.00135993142301512964 0.09872338102190973685 0.00000000100000000000 0.49867483881493801512 0.05299219883268656284 0.32215607410248536802 0.01404269694135502726 0.01205087786361018487 
0.00000000099999999997 0.00000000099999999997 0.00000000099999999997 0.99999999299999997593 0.00000000099999999997 0.00000000099999999997 0.00000000099999999997 0.00000000099999999997 
0.00008351220946557235 0.00156536043034999394 0.00002059015674730154 0.29945662590176103102 0.00083905517306754392 0.65630488981329049292 0.00401570862147881871 0.03771425769383913995 
0.00000000100000000000 0.00000182807956034751 0.03717607205341601911 0.47178564587432475497 0.02490589302013219986 0.36530367523392576201 0.05215753574293395534 0.04866934899570710821 
0.00000000099999999990 0.00000000099999999990 0.00000000099999999990 0.99999999300000008695 0.00000000099999999990 0.00000000099999999990 0.00000000099999999990 0.00000000099999999990 
0.02414529888881728967 0.00000000100000000000 0.00000000100000000000 0.40874290976886623605 0.01928131681966652189 0.48871209100612705845 0.04037397852941238680 0.01874440298711049432 
0.00000000099999999999 0.00775979237034455510 0.00000000099999999999 0.46178757581529478182 0.00000000099999999999 0.51732692501247912187 0.00000000099999999999 0.01312570280188147566 
0.00000000099999999997 0.00000000099999999997 0.00000000099999999997 0.99999999300000008695 0.00000000099999999997 0.00000000099999999997 0.00000000099999999997 0.00000000099999999997 
0.00000000099999999997 0.00000000099999999997 0.00000000099999999997 0.99999999300000008695 0.00000000099999999997 0.00000000099999999997 0.00000000099999999997 0.00000000099999999997 
0.04992810615403522889 0.14287917010525816308 0.00000000100000000000 0.41337924898080402603 0.00483975949722618027 0.38897371226267646316 0.00000000100000000000 0.00000000100000000000 
0.00000000160378009371 0.00000000100000000000 0.00000000100000000000 0.36732136710594648354 0.00000000100000000000 0.56365690995027784016 0.02923676187566374984 0.03978495646433179156 
0.04463501191485435421 0.01305934699031206965 0.00000000100000000000 0.39094908221455215713 0.00174655953299706506 0.48673808274113139483 0.04655419248762438650 0.01631772311852857857 
0.06143129281933389779 0.03498525160432659070 0.00000000100000000000 0.49457831559924819720 0.00000000100000000000 0.39107975442675685374 0.00547421681072072109 0.01245116673961380559 
0.00000000099999999997 0.00000000099999999997 0.00000000099999999997 0.99999999299999997593 0.00000000099999999997 0.00000000099999999997 0.00000000099999999997 0.00000000099999999997 
0.05438729237117607279 0.06128139792119360885 0.00000000100000000000 0.40806720630288773055 0.00000000100000000000 0.43019842717133377485 0.04606567323340880066 0.00000000100000000000 
0.00000000100000000000 0.06514709034245913521 0.05042552991212502500 0.46925331608314890808 0.00870996343941869179 0.35867706548163774682 0.00456706640911846810 0.04321996733209218511 
0.09350197123495163076 0.02177868641449922510 0.01942051807900103955 0.42876260208633976134 0.00000000100000000000 0.37338967531829497792 0.06102458057012540710 0.00212196529678807932 
0.00000000099999999997 0.00000000099999999997 0.00000000099999999997 0.00000000099999999997 0.00000000099999999997 0.99999999299999997593 0.00000000099999999997 0.00000000099999999997 
0.05996890642570713859 0.07812111305967088526 0.00000000100000000000 0.49801775693640787379 0.01855724303605730055 0.33101748240785966448 0.00918045920091494112 0.00513703793338231036 
0.03991159001275696588 0.02814275692472456222 0.00000167260182487686 0.49288102670122885263 0.00000000100000000000 0.31406661010099146125 0.08789786731233435735 0.03709847534613880393 
0.00000000100000000000 0.00000000100000000000 0.05434429580451635017 0.41346991316820241869 0.00000243293759706011 0.47727232385605095066 0.01512877047444138694 0.03978226175919193086 
0.00000000100000000000 0.06046659243413627510 0.09087525770769037947 0.53295652793053827079 0.00000000100000000000 0.27436558584777676062 0.03686725443236706784 0.00446877964749145366 
0.00085274762121895892 0.00000017361522729131 0.07475943166194597145 0.20696439523980500463 0.01501199127640262185 0.69994451887784780997 0.00000003163676455690 0.00246671007078784607 
0.00000000099999999998 0.00000000099999999998 0.00000000099999999998 0.99999999299999997593 0.00000000099999999998 0.00000000099999999998 0.00000000099999999998 0.00000000099999999998 
0.00000000099999999997 0.00000000099999999997 0.00000000099999999997 0.70202557265768128492 0.00000000099999999997 0.00000000099999999997 0.27236794077391818236 0.02560648156840057699 
0.04107960063491290781 0.02168877001443641692 0.00000000269064268556 0.37910180739081572598 0.02818915886424515696 0.50525250624760176255 0.02468815315734530780 0.00000000100000000000 
0.00000000100000000000 0.07420962079020664015 0.00000000100000000000 0.45046624878193403108 0.01379427157876126318 0.44252956962694889320 0.01900028622214911672 0.00000000100000000000 
0.00000000100000000000 0.05344764240562197011 0.00805114851511024021 0.39460445848540481872 0.05957246442481967802 0.33603857220151450713 0.11311643112505906372 0.03516928184246963934 
0.07157874998374030850 0.09858004169195262734 0.00000000100000000000 0.51276040763099128839 0.01758158843617668374 0.26199206318596962584 0.03201746087055774154 0.00548968720061165146 
0.01759798907041230931 0.04247663533092825572 0.00000128488993088987 0.35875723043463775275 0.00242289837468004452 0.57874395989941085361 0.00000000100000000000 0.00000000100000000000 
0.00000000100000000000 0.03560129876353964468 0.10861340516141174128 0.47039470422159929131 0.00000000100000000000 0.33792911360499872098 0.00000000100000000000 0.04746147524845051313 
0.00000000099999999998 0.00000000099999999998 0.00000000099999999998 0.99999999299999997593 0.00000000099999999998 0.00000000099999999998 0.00000000099999999998 0.00000000099999999998 
0.00774884662784602884 0.05117171149174658956 0.06766933967663184279 0.30044361406408909287 0.00157369367120501662 0.54964468389953879957 0.01447247147528050830 0.00727563909366210106 
0.00000000100000000000 0.00000000100000000000 0.00000000100000000000 0.36947419810259873874 0.00645222663750601687 0.60710763799844646993 0.01355044784561134676 0.00341548641583719944 
0.00000000099999999999 0.00000000099999999999 0.00000000099999999999 0.00000000099999999999 0.00000000099999999999 0.99999999299999997593 0.00000000099999999999 0.00000000099999999999 
0.00000000100000000000 0.07164641105136174137 0.08198506646913318596 0.47001355734374145046 0.00703699527295329006 0.32788735000321289625 0.02482113092939612284 0.01660948793020134220 
0.00000000100000000000 0.02838523196363115092 0.08370247099229433108 0.50374045553707613720 0.00000000100000000000 0.32640189148108850192 0.05776966814078269424 0.00000027988512728489 
0.00000000099999999999 0.00000000099999999999 0.20982752678067451146 0.79017237221539415870 0.00000000099999999999 0.00000009600393130596 0.00000000099999999999 0.00000000099999999999 
0.04760894114550436734 0.21661957914967797101 0.00703706355524474653 0.35964518294469094428 0.01952441804553673235 0.34956481315934523346 0.00000000100000000000 0.00000000100000000000 
0.00000000100000000000 0.05075004531564189514 0.00000000100000000000 0.04054444963409583463 0.00000000100000000000 0.49832788722734328024 0.34528894874373633472 0.06508866607918264990 
0.00000000099999999998 0.00000000099999999998 0.00000000099999999998 0.00000000099999999998 0.00000000099999999998 0.99999999300000008695 0.00000000099999999998 0.00000000099999999998 
0.00000000099999999998 0.00000000099999999998 0.00000000099999999998 0.00000000099999999998 0.00000000099999999998 0.99999999299999997593 0.00000000099999999998 0.00000000099999999998 
0.00000000100000000000 0.00291568764450061144 0.00000000100000000000 0.44372899144124511306 0.03629065229437023615 0.41468170297160822368 0.07528127814310091315 0.02710168550517474961 
0.00008213082713236759 0.08922369480926448104 0.00000001837607057878 0.46945217306082032138 0.02386466032082486255 0.40758524408923724192 0.00000000100000000000 0.00979207751665020845 
0.05072832175326649762 0.00343848905245112231 0.00153502520866017440 0.43002782577570575206 0.00000000100000000000 0.43426801825091088105 0.05083268990348330241 0.02916962905552212756 
0.14025205161002851639 0.00000000100000000000 0.00000000100000000000 0.14211736191504881210 0.00000002162944323196 0.71763056084547938163 0.00000000100000000000 0.00000000100000000000 
0.00000000099999999999 0.00000000099999999999 0.00000000099999999999 0.47162726243041264151 0.00000000099999999999 0.52837273156958730613 0.00000000099999999999 0.00000000099999999999 
0.00000000100000000000 0.02221067822785668250 0.00017601329006751947 0.51891680712206600390 0.00631005782921118582 0.39607393137316437848 0.04354471464766141581 0.01276779650997273557 
0.00000000099999999998 0.12534794692784956283 0.00000000099999999998 0.58059488796185809711 0.00000000099999999998 0.00000000099999999998 0.29405712456543353639 0.00000003654485886144 
0.00000000099999999998 0.00000000099999999998 0.00000000099999999998 0.99999999300000008695 0.00000000099999999998 0.00000000099999999998 0.00000000099999999998 0.00000000099999999998 
0.00000007517326410182 0.01494782709051335583 0.06945429308168514504 0.31693018175314452423 0.00000000100000000000 0.54564505688353837076 0.05302256401785457318 0.00000000100000000000 
0.00000000099999999998 0.00000000099999999998 0.00000000099999999998 0.99999999299999997593 0.00000000099999999998 0.00000000099999999998 0.00000000099999999998 0.00000000099999999998 
0.00023348373719917154 0.08716755499417186415 0.10570664068149981940 0.39367306458186346330 0.00000000100000000000 0.36646393353595635434 0.04674576868866785889 0.00000955278064141972 
0.00000000100000000000 0.00000000100000000000 0.06945318486841689509 0.29459845360415443105 0.00000000100000000000 0.59247210700314067999 0.04102304675331962941 0.00245320477096825371 
0.00000000099999999998 0.00000000099999999998 0.00000000099999999998 0.00000000099999999998 0.00000000099999999998 0.99999999299999997593 0.00000000099999999998 0.00000000099999999998 
0.00191121238220461390 0.09815077356203280590 0.03493920904459506260 0.51814613048037427845 0.00000000100000000000 0.28215629302859951411 0.04543171731114099138 0.01926466319105261255 
0.00000000100000000000 0.04534830729254950982 0.05050492126939220422 0.35372354184478571604 0.00000000100000000000 0.55030798050979845559 0.00001361058682146940 0.00010163649665270528 
0.00000000360638565331 0.10970998324841385596 0.01323474391395653219 0.40881686834843194989 0.02572735301480938083 0.39300938751764291634 0.04950145765256544483 0.00000020269779433239 
0.04971125439376494759 0.03872750621202768195 0.00000000100000000000 0.26471798671248969459 0.00117042214748694709 0.62466738537654298291 0.01394642021508853830 0.00705902394259924713 
0.00000000099999999998 0.00000000099999999998 0.00000000099999999998 0.00000000099999999998 0.00000000099999999998 0.99999999300000008695 0.00000000099999999998 0.00000000099999999998 
0.02133468418587334756 0.03789069655539994974 0.06554137610541450887 0.40174459453027400180 0.00000000100000000000 0.39400017268725739950 0.06138959870604762670 0.01809887622973322535 
0.00000000100000000000 0.00000000100000000000 0.10736472738335164911 0.15173768546255028689 0.00000000780891332066 0.73109499298494995401 0.00785349536939602966 0.00194908899083881797 
0.00000000099999999998 0.00000000099999999998 0.00000000099999999998 0.99999999300000008695 0.00000000099999999998 0.00000000099999999998 0.00000000099999999998 0.00000000099999999998 
0.02592477224641391922 0.00000000100000000000 0.07059588825016605007 0.45712265984629685267 0.00004468229527309779 0.36478672663801858800 0.02293256953216467678 0.05859270019166688132 
0.00099001604185265093 0.69653327521786090326 0.00000000100000000000 0.21961598045183938765 0.00000000100012498308 0.00000000100000000000 0.05433129550067518354 0.02852942978764700863 
0.00000000099999999999 0.99999999300000008695 0.00000000099999999999 0.00000000099999999999 0.00000000099999999999 0.00000000099999999999 0.00000000099999999999 0.00000000099999999999 
0.03379514225334441513 0.68273958181001315193 0.00000000100000000000 0.15959945715106108044 0.00000000100000000000 0.00000000100000000000 0.10614622896650641182 0.01771958681907510533 
0.00000000099999999997 0.99999999300000008695 0.00000000099999999997 0.00000000099999999997 0.00000000099999999997 0.00000000099999999997 0.00000000099999999997 0.00000000099999999997 
0.01716648036892445134 0.66933435015157249914 0.00295201251094751212 0.13296965170744573514 0.02053586762457930426 0.01635205067299643628 0.07060939590962890533 0.07008019105390521364 
0.00000000099999999998 0.99999999300000019797 0.00000000099999999998 0.00000000099999999998 0.00000000099999999998 0.00000000099999999998 0.00000000099999999998 0.00000000099999999998 
0.00000000099999999999 0.99999999300000019797 0.00000000099999999999 0.00000000099999999999 0.00000000099999999999 0.00000000099999999999 0.00000000099999999999 0.00000000099999999999 
0.00000000099999999998 0.99999999300000019797 0.00000000099999999998 0.00000000099999999998 0.00000000099999999998 0.00000000099999999998 0.00000000099999999998 0.00000000099999999998 
0.00000000099999999999 0.99999999300000019797 0.00000000099999999999 0.00000000099999999999 0.00000000099999999999 0.00000000099999999999 0.00000000099999999999 0.00000000099999999999 
0.00000000099999999998 0.99999999300000019797 0.00000000099999999998 0.00000000099999999998 0.00000000099999999998 0.00000000099999999998 0.00000000099999999998 0.00000000099999999998 
0.00000000100000000000 0.74709764341152884448 0.02852654094094457179 0.10266804904105569785 0.00000000100000000000 0.00000000100000000000 0.08102666730991547883 0.04068109629655535658 
0.00000000099999999999 0.99999999265123118430 0.00000000099999999999 0.00000000099999999999 0.00000000099999999999 0.00000000099999999999 0.00000000099999999999 0.00000000134876905547 
0.00000000099999999998 0.99999999300000008695 0.00000000099999999998 0.00000000099999999998 0.00000000099999999998 0.00000000099999999998 0.00000000099999999998 0.00000000099999999998 
0.00000000099999999998 0.99999999300000019797 0.00000000099999999998 0.00000000099999999998 0.00000000099999999998 0.00000000099999999998 0.00000000099999999998 0.00000000099999999998 
0.00000000099999999998 0.99999999300000019797 0.00000000099999999998 0.00000000099999999998 0.00000000099999999998 0.00000000099999999998 0.00000000099999999998 0.00000000099999999998 
0.00000000099999999998 0.99999999300000008695 0.00000000099999999998 0.00000000099999999998 0.00000000099999999998 0.00000000099999999998 0.00000000099999999998 0.00000000099999999998 
0.00000000100000000000 0.74203766434533369178 0.04222362599821713469 0.09953722065853778944 0.00000000100000000000 0.00000000100000000000 0.08772480549981860609 0.02847668049809266508 
0.00000000099999999998 0.99999999300000019797 0.00000000099999999998 0.00000000099999999998 0.00000000099999999998 0.00000000099999999998 0.00000000099999999998 0.00000000099999999998 
0.00000000099999999998 0.99999998428970371389 0.00000000099999999998 0.00000000099999999998 0.00000000099999999998 0.00000000099999999998 0.00000000099999999998 0.00000000971029637961 
0.00000000100000000000 0.40946872335846667967 0.17625980302031057922 0.06114934796721564064 0.01029802538486964715 0.21677204868100602431 0.11577341312782427063 0.01027863746030715196 
0.00000000099999999999 0.99999999300000008695 0.00000000099999999999 0.00000000099999999999 0.00000000099999999999 0.00000000099999999999 0.00000000099999999999 0.00000000099999999999 
0.00000000099999999997 0.99999999300000019797 0.00000000099999999997 0.00000000099999999997 0.00000000099999999997 0.00000000099999999997 0.00000000099999999997 0.00000000099999999997 
0.00000000099999999999 0.99999999300000019797 0.00000000099999999999 0.00000000099999999999 0.00000000099999999999 0.00000000099999999999 0.00000000099999999999 0.00000000099999999999 
0.00000000100000000000 0.81145364850743373353 0.00000000100000000000 0.10658037596347752496 0.04428089530459387163 0.00000000100000000000 0.00000118092539469589 0.03768389629910028765 
0.00000000099999999998 0.99999999300000019797 0.00000000099999999998 0.00000000099999999998 0.00000000099999999998 0.00000000099999999998 0.00000000099999999998 0.00000000099999999998 
0.00000000099999999999 0.99999999300000019797 0.00000000099999999999 0.00000000099999999999 0.00000000099999999999 0.00000000099999999999 0.00000000099999999999 0.00000000099999999999 
0.00000000099999999998 0.99999999300000019797 0.00000000099999999998 0.00000000099999999998 0.00000000099999999998 0.00000000099999999998 0.00000000099999999998 0.00000000099999999998 
0.00000000099999999999 0.93731268286086311115 0.06268731113913694752 0.00000000099999999999 0.00000000099999999999 0.00000000099999999999 0.00000000099999999999 0.00000000099999999999 
0.00000000099999999997 0.99999999300000008695 0.00000000099999999997 0.00000000099999999997 0.00000000099999999997 0.00000000099999999997 0.00000000099999999997 0.00000000099999999997 
0.01913701964024427243 0.66401835139641263162 0.00000000100000000000 0.10299825495105156825 0.00000000497854616438 0.09558810935201922376 0.07436753463069394054 0.04389072405103227464 
0.00000000099999999998 0.99999999300000008695 0.00000000099999999998 0.00000000099999999998 0.00000000099999999998 0.00000000099999999998 0.00000000099999999998 0.00000000099999999998 
0.00000000099999999996 0.13706389970458057737 0.00000000099999999996 0.00000000099999999996 0.00000000099999999996 0.00000000099999999996 0.00000000099999999996 0.86293609429541950906 
0.00000000099999999995 0.00000000099999999995 0.00000000099999999995 0.00000000099999999995 0.00000000099999999995 0.00000000099999999995 0.00000000099999999995 0.99999999300000008695 
0.00000000099999999994 0.00000000099999999994 0.00000000099999999994 0.00000000099999999994 0.00000000099999999994 0.00000000099999999994 0.00000000099999999994 0.99999999299999997593 
0.00000000099999999995 0.00000000099999999995 0.00000000099999999995 0.00000000099999999995 0.00000000099999999995 0.00000000099999999995 0.00000000099999999995 0.99999999300000008695 
0.00000000099999999994 0.00000000099999999994 0.00000000099999999994 0.00000000099999999994 0.00000000099999999994 0.00000000099999999994 0.00000000099999999994 0.99999999299999997593 
0.00000000099999999993 0.00000000099999999993 0.00000000099999999993 0.00000000099999999993 0.00000000099999999993 0.00000000099999999993 0.00000000099999999993 0.99999999299999997593 
0.00000000099999999994 0.00000000099999999994 0.00000000099999999994 0.00000000099999999994 0.00000000099999999994 0.00000000099999999994 0.00000000099999999994 0.99999999299999997593 
0.00000000099999999995 0.00000000099999999995 0.00000000099999999995 0.00000000099999999995 0.00000000099999999995 0.00000000099999999995 0.00000000099999999995 0.99999999300000008695 
0.00000000099999999993 0.00000000099999999993 0.00000000099999999993 0.00000000099999999993 0.00000000099999999993 0.00000000099999999993 0.00000000099999999993 0.99999999300000008695 
0.00000000099999999993 0.00000000099999999993 0.00000000099999999993 0.00000000099999999993 0.00000000099999999993 0.00000000099999999993 0.00000000099999999993 0.99999999300000008695 
0.00000000099999999994 0.00000000099999999994 0.00000000099999999994 0.00000000099999999994 0.00000000099999999994 0.00000000099999999994 0.00000000099999999994 0.99999999299999997593 
0.00000000099999999995 0.00000000099999999995 0.00000000099999999995 0.00000000099999999995 0.00000000099999999995 0.00000000099999999995 0.00000000099999999995 0.99999999300000008695 
0.00000000099999999999 0.00000000099999999999 0.00000000099999999999 0.00000000099999999999 0.00000000099999999999 0.00000000099999999999 0.62086143458955322938 0.37913855941044677378 
0.00000000099999999993 0.00000000099999999993 0.00000000099999999993 0.00000000099999999993 0.00000000099999999993 0.00000000099999999993 0.00000000099999999993 0.99999999300000008695 
0.00000000099999999994 0.00000000099999999994 0.00000000099999999994 0.00000000099999999994 0.00000000099999999994 0.00000000099999999994 0.00000000099999999994 0.99999999299999997593 
0.00000000099999999994 0.00000000099999999994 0.00000000099999999994 0.00000000099999999994 0.00000000099999999994 0.00000000099999999994 0.00000000099999999994 0.99999999299999997593 
0.00000000099999999996 0.00000000099999999996 0.00000000099999999996 0.00000000099999999996 0.00000000099999999996 0.00000000099999999996 0.00000000099999999996 0.99999999299999997593 
0.00000000099999999994 0.00000000099999999994 0.00000000099999999994 0.00000000099999999994 0.00000000099999999994 0.00000000099999999994 0.00000000099999999994 0.99999999300000008695 
0.00000000099999999993 0.00000000099999999993 0.00000000099999999993 0.00000000099999999993 0.00000000099999999993 0.00000000099999999993 0.00000000099999999993 0.99999999299999997593 
0.00000000099999999994 0.00000000099999999994 0.00000000099999999994 0.00000000099999999994 0.00000000099999999994 0.00000000099999999994 0.00000000099999999994 0.99999999299999997593 
0.00000000099999999999 0.00000000099999999999 0.00000000099999999999 0.00000000099999999999 0.00000000099999999999 0.00000000099999999999 0.45316095132625361375 0.54683904267374650043 
0.00000000099999999994 0.00000000099999999994 0.00000000099999999994 0.00000000099999999994 0.00000000099999999994 0.00000000099999999994 0.00000000099999999994 0.99999999299999997593 
0.00000000099999999999 0.00000000099999999999 0.00000000099999999999 0.00000000099999999999 0.00000000099999999999 0.00000000099999999999 0.40337117274906753028 0.59662882125093241736 
0.00000000099999999994 0.00000000099999999994 0.00000000099999999994 0.00000000099999999994 0.00000000099999999994 0.00000000099999999994 0.00000000099999999994 0.99999999299999997593 
0.00000000099999999995 0.00000000099999999995 0.00000000099999999995 0.00000000099999999995 0.00000000099999999995 0.00000000099999999995 0.00000000099999999995 0.99999999300000008695 
0.00000000099999999993 0.00000000099999999993 0.00000000099999999993 0.00000000099999999993 0.00000000099999999993 0.00000000099999999993 0.00000000099999999993 0.99999999299999997593 
0.00000000100000000000 0.00769333055879727837 0.24858043093990284111 0.05196330996235998950 0.69176292453893994949 0.00000000100000000000 0.00000000100000000000 0.00000000100000000000 
0.50084455000511662881 0.00000000099999999999 0.49915544399488342986 0.00000000099999999999 0.00000000099999999999 0.00000000099999999999 0.00000000099999999999 0.00000000099999999999 
0.58292159715648850238 0.00000000099999999999 0.41681920650710613252 0.00000000099999999999 0.00025919133640545686 0.00000000099999999999 0.00000000099999999999 0.00000000099999999999 
0.01253177217820960337 0.00000000100000000000 0.19536115816479249219 0.00000000100000000000 0.78722998342216810030 0.00424382086422062793 0.00063326237060903879 0.00000000100000000000 
0.50528734488844617712 0.00000000099999999999 0.49471264911155382604 0.00000000099999999999 0.00000000099999999999 0.00000000099999999999 0.00000000099999999999 0.00000000099999999999 
0.99999999300000008695 0.00000000099999999996 0.00000000099999999996 0.00000000099999999996 0.00000000099999999996 0.00000000099999999996 0.00000000099999999996 0.00000000099999999996 
0.99999999300000008695 0.00000000099999999996 0.00000000099999999996 0.00000000099999999996 0.00000000099999999996 0.00000000099999999996 0.00000000099999999996 0.00000000099999999996 
0.39965514593270684562 0.00000000099999999999 0.51198733133644835913 0.00000000099999999999 0.04653568601416391975 0.04182183271668101637 0.00000000099999999999 0.00000000099999999999 
0.99999999300000019797 0.00000000099999999995 0.00000000099999999995 0.00000000099999999995 0.00000000099999999995 0.00000000099999999995 0.00000000099999999995 0.00000000099999999995 
0.99999999300000008695 0.00000000099999999997 0.00000000099999999997 0.00000000099999999997 0.00000000099999999997 0.00000000099999999997 0.00000000099999999997 0.00000000099999999997 
0.53626136713768424169 0.00000000099999999999 0.42130202352376949770 0.00482678569778927612 0.03760981964075715139 0.00000000099999999999 0.00000000099999999999 0.00000000099999999999 
0.46667110722844695747 0.00000000099999999999 0.53332888677155310120 0.00000000099999999999 0.00000000099999999999 0.00000000099999999999 0.00000000099999999999 0.00000000099999999999 
0.10958558924747263674 0.01928898023006779885 0.31905040830775327487 0.02507739529572002024 0.46832792779778553705 0.05866969712120061881 0.00000000100000000000 0.00000000100000000000 
0.20685609475900404441 0.04430414795660857913 0.38102408194414971732 0.00091061949425046639 0.03611621489401799917 0.32815550680259586436 0.00263333314937311269 0.00000000100000000000 
0.59418654773827050963 0.00000000099999999999 0.39016869211523202976 0.00000000099999999999 0.01564475514649764365 0.00000000099999999999 0.00000000099999999999 0.00000000099999999999 
0.00000000099999999994 0.00000000099999999994 0.99999999300000008695 0.00000000099999999994 0.00000000099999999994 0.00000000099999999994 0.00000000099999999994 0.00000000099999999994 
0.64971811457056216632 0.00000000100000000000 0.34900925074335653608 0.00000000100000000000 0.00108125120790468574 0.00000000100000000000 0.00000000100000000000 0.00019137947817657195 
0.51348116852093428353 0.02933165044846298281 0.39658776963398389981 0.00000000100000000000 0.03993591096291042308 0.02066349743370844358 0.00000000100000000000 0.00000000100000000000 
0.00000000099999999995 0.00000000099999999995 0.00000000099999999995 0.00000000099999999995 0.99999999299999997593 0.00000000099999999995 0.00000000099999999995 0.00000000099999999995 
0.99999999300000019797 0.00000000099999999996 0.00000000099999999996 0.00000000099999999996 0.00000000099999999996 0.00000000099999999996 0.00000000099999999996 0.00000000099999999996 
0.00000000100000000000 0.00000000100000000000 0.19416684696940739174 0.04917130186495943106 0.73751043571727026293 0.00000937000261088888 0.00450943423343483016 0.01463260921231714258 
0.18529333655075369558 0.00000488712784228363 0.00853411888769658837 0.01866602668967068737 0.70491875709039175657 0.07329020838201617816 0.00000000100000000000 0.00929266427162895106 
0.48367847704061356362 0.00000000099999999999 0.51632149599485954727 0.00000000099999999999 0.00000002196452701410 0.00000000099999999999 0.00000000099999999999 0.00000000099999999999 
0.61008705732627088736 0.00000000099999999999 0.38991284983240848128 0.00000000099999999999 0.00000008784132065141 0.00000000099999999999 0.00000000099999999999 0.00000000099999999999 
0.00000030784385744048 0.01174650479948255791 0.22930831214291202969 0.00000000283680979070 0.70340175241524183214 0.04115427190799066104 0.00000000100000000000 0.01438884705370565079 
0.59122339201268714337 0.00000000099999999999 0.40871107841492121393 0.00000000099999999999 0.00006552457239179847 0.00000000099999999999 0.00000000099999999999 0.00000000099999999999 
0.00000000099999999995 0.00000000099999999995 0.99999999299999997593 0.00000000099999999995 0.00000000099999999995 0.00000000099999999995 0.00000000099999999995 0.00000000099999999995 
0.00008125342975814986 0.00000000100000000000 0.17035534290159173865 0.00000000100000000000 0.76632022319810277899 0.06324317647054726599 0.00000000100000000000 0.00000000100000000000 
0.99999999300000008695 0.00000000099999999995 0.00000000099999999995 0.00000000099999999995 0.00000000099999999995 0.00000000099999999995 0.00000000099999999995 0.00000000099999999995 
0.56135884118266188292 0.00000000099999999998 0.43513824794630612258 0.00000000099999999998 0.00350290587103199713 0.00000000099999999998 0.00000000099999999998 0.00000000099999999998 
0.08926236214419257242 0.01551288432477398137 0.13506992152690172615 0.00847650050404584465 0.71515088037550977873 0.00604688581163588274 0.03048056431294013380 0.00000000100000000000 
0.44937518391262049056 0.00000000099999999999 0.55062467738738862799 0.00000000099999999999 0.00000002319038138473 0.00000011150960934695 0.00000000099999999999 0.00000000099999999999 
0.00000000099999999999 0.00000000099999999999 0.26270235946306430552 0.00001859386558443884 0.73727904167135116520 0.00000000099999999999 0.00000000099999999999 0.00000000099999999999 
0.00098567531380399699 0.00000000100000000000 0.18988384061476182296 0.04544256467466973454 0.76368791539676450508 0.00000000100000000000 0.00000000100000000000 0.00000000100000000000 
0.23253474890727071633 0.00000000099999999999 0.00000000099999999999 0.00000000245443895383 0.76144356420644565553 0.00602168043184480965 0.00000000099999999999 0.00000000099999999999 
0.13561984120897208062 0.00000000100000000000 0.00000000100000000000 0.00000000100000000000 0.80755065087604871454 0.05682950291497922829 0.00000000100000000000 0.00000000100000000000 
0.99999999300000019797 0.00000000099999999996 0.00000000099999999996 0.00000000099999999996 0.00000000099999999996 0.00000000099999999996 0.00000000099999999996 0.00000000099999999996 
0.00000000099999999994 0.00000000099999999994 0.99999999299999997593 0.00000000099999999994 0.00000000099999999994 0.00000000099999999994 0.00000000099999999994 0.00000000099999999994 
0.41604882780989610458 0.00000000099999999999 0.53022615657379479348 0.00000000140470086262 0.05372501021160817902 0.00000000099999999999 0.00000000099999999999 0.00000000099999999999 
0.50867230187826317778 0.00000000100000000000 0.35428715687106909771 0.00000000100000000000 0.04860270463545572628 0.08412513347661698671 0.00000000100000000000 0.00431270013859503653 
0.49907409431165539182 0.00000000099999999999 0.41725516202495777085 0.00000000099999999999 0.07973165802140974590 0.00393908164197691747 0.00000000099999999999 0.00000000099999999999 
0.00000000100000000000 0.01262894677397509782 0.31467001279597067720 0.02086954559838075096 0.60602920310109398283 0.00000000100000000000 0.04580228873057944072 0.00000000100000000000 
0.99999999300000008695 0.00000000099999999996 0.00000000099999999996 0.00000000099999999996 0.00000000099999999996 0.00000000099999999996 0.00000000099999999996 0.00000000099999999996 
0.52615536017261743673 0.00000000099999999999 0.43027190379316593294 0.00000000099999999999 0.04357273103421672317 0.00000000099999999999 0.00000000099999999999 0.00000000099999999999 
0.00000000099999999993 0.00000000099999999993 0.99999999300000008695 0.00000000099999999993 0.00000000099999999993 0.00000000099999999993 0.00000000099999999993 0.00000000099999999993 
0.59194758659159985026 0.01370312453490369654 0.00000000099999999999 0.00000000099999999999 0.39434654323807150078 0.00000274163542496566 0.00000000099999999999 0.00000000099999999999 
0.11358208719725895741 0.01805558541333184691 0.34917408397582272439 0.00000000100000000000 0.50251960219655678053 0.00000093246865997588 0.01487291036252233987 0.00179479738584736198 
0.00000000099999999993 0.00000000099999999993 0.99999999299999997593 0.00000000099999999993 0.00000000099999999993 0.00000000099999999993 0.00000000099999999993 0.00000000099999999993 
0.99999999300000019797 0.00000000099999999995 0.00000000099999999995 0.00000000099999999995 0.00000000099999999995 0.00000000099999999995 0.00000000099999999995 0.00000000099999999995 
0.15925311902746958070 0.00000000099999999999 0.24168977886448056447 0.00000000099999999999 0.59905709710804988521 0.00000000099999999999 0.00000000099999999999 0.00000000099999999999 
0.00000000100000000000 0.00879961173464293561 0.29385875833113861422 0.01477629634314432845 0.65461441661876529352 0.00000002129494806343 0.01793561859077682716 0.01001527608658392410 
0.00000000100000000000 0.00956255321236056458 0.39513144516939813222 0.00000000100000000000 0.57341859349752810626 0.02156052217560988984 0.00000000100000000000 0.00032688294510328124 
0.61282491693749130413 0.00000000099999999999 0.38717507687582108922 0.00000000099999999999 0.00000000118668749327 0.00000000099999999999 0.00000000099999999999 0.00000000099999999999 
0.56287466764829685584 0.00000000099999999999 0.39625541962395999240 0.00000000099999999999 0.04086990772774311970 0.00000000099999999999 0.00000000099999999999 0.00000000099999999999 
0.50513350157429481868 0.01625677687958038131 0.33851645815558373265 0.00000000100000000000 0.07441592511039807345 0.06567733528014299549 0.00000000100000000000 0.00000000100000000000 
0.00146413712507719178 0.00000000100000000000 0.27524421313170877035 0.00995649344844512681 0.71333513781545343502 0.00000001547931555920 0.00000000100000000000 0.00000000100000000000 
0.10035828310860932244 0.00000000100000000000 0.19831021780946939126 0.00000000100000000000 0.67652756995647223004 0.00045130648010772561 0.00000000100000000000 0.02435261964534129672 
0.99999999300000008695 0.00000000099999999997 0.00000000099999999997 0.00000000099999999997 0.00000000099999999997 0.00000000099999999997 0.00000000099999999997 0.00000000099999999997 
0.53925966600365626835 0.00000000099999999999 0.46074032799634384583 0.00000000099999999999 0.00000000099999999999 0.00000000099999999999 0.00000000099999999999 0.00000000099999999999 
0.41831941305268116604 0.00000000099999999999 0.58168058094731878160 0.00000000099999999999 0.00000000099999999999 0.00000000099999999999 0.00000000099999999999 0.00000000099999999999 
0.53903637131998083376 0.00000000099999999999 0.46096362268001928042 0.00000000099999999999 0.00000000099999999999 0.00000000099999999999 0.00000000099999999999 0.00000000099999999999 
0.49106130849034473895 0.00000000099999999999 0.47634500896378356716 0.00000000099999999999 0.03259367754587184918 0.00000000099999999999 0.00000000099999999999 0.00000000099999999999 
0.47058021298309787861 0.00000000272701155095 0.45166361177383851366 0.00000000100000000000 0.03874952204170847153 0.03900664747434361840 0.00000000100000000000 0.00000000100000000000 
