0.00013851584849244994 0.07964809595350749727 0.03177269071734370454 0.00000000100000000000 0.00000107916007496240 0.67148014055413973722 0.00000000100000000000 0.21695947576644158961 
0.00000000099999999980 0.00000000099999999980 0.00000000099999999980 0.00000000099999999980 0.00000000099999999980 0.00000000099999999980 0.00000000099999999980 0.99999999299999997593 
0.00000000099999999993 0.00000000099999999993 0.00000000099999999993 0.00000000099999999993 0.00000000099999999993 0.00000000099999999993 0.00000000099999999993 0.99999999300000008695 
0.67956628321313317098 0.00000000099999999999 0.00000000099999999999 0.00000000099999999999 0.00000000099999999999 0.00000000099999999999 0.00000000099999999999 0.32043371078686699871 
0.00000000100000000000 0.00000077197472690628 0.00000002846667137214 0.03708574735144969103 0.00000000127594998947 0.76075254088090604743 0.00003762561531266987 0.20212328343498331407 
0.43789531753441235384 0.00027370522925163960 0.00000000100000000000 0.00180534977461115466 0.00000000100000000000 0.29389607433077297172 0.04067125501731254367 0.22545829611363935041 
0.24152660301390382891 0.00000000100000000000 0.00000000100000000000 0.00000000100000000000 0.00000045499008425250 0.60835370204484451317 0.15011923595116744012 0.00000000100000000000 
0.31658964233289382806 0.00267547596437672352 0.00000000100000000000 0.00362747665774839929 0.00000000100000000000 0.47575420280085078950 0.00000096225805380859 0.20135223798607654322 
0.00000006549409882109 0.00314179887274539495 0.00207245146773532779 0.00000000597961270449 0.04456416529088565864 0.71196275936067665580 0.00000000100000000000 0.23825875253424552702 
0.00000000100000000000 0.00000000100000000000 0.01493171957503222451 0.00000001494241316392 0.00000000100000000000 0.69231777920502157730 0.06034512717010286076 0.23240535610743021100 
0.22135171176705781271 0.00000000100000000000 0.05869410016814950032 0.01921884678901635696 0.03537965634781432833 0.66535568192796201714 0.00000000100000000000 0.00000000100000000000 
0.30195862509175025457 0.00000000100000000000 0.02521780419777753385 0.00000000100000000000 0.00002652732526982718 0.55150458612438535422 0.00000000100000000000 0.12129245426081690373 
0.99999999300000008695 0.00000000099999999997 0.00000000099999999997 0.00000000099999999997 0.00000000099999999997 0.00000000099999999997 0.00000000099999999997 0.00000000099999999997 
0.78987724608411735705 0.00000000099999999998 0.00000000099999999998 0.00000000099999999998 0.00000000099999999998 0.00000000099999999998 0.00000000099999999998 0.21012274791588278489 
0.36266774462406803359 0.02114624999129000385 0.02414363892810494905 0.00123099323247122618 0.00000000107472619294 0.36676832579925416900 0.00413070685665148721 0.21991233949343400034 
0.00000000099999999999 0.00000064523880906722 0.00000000099999999999 0.00000022613788677714 0.00000000099999999999 0.99999912362330423132 0.00000000099999999999 0.00000000099999999999 
0.00000000099999999998 0.00000000099999999998 0.00000000099999999998 0.00000000099999999998 0.00000000099999999998 0.99999999300000008695 0.00000000099999999998 0.00000000099999999998 
0.26833859089665540454 0.02303695607181601920 0.01133241962506927047 0.00000022295082527112 0.04289306683384776914 0.54574340970079970869 0.00000033861888689038 0.10865499530209965506 
0.19599011379171993319 0.00000000100000000000 0.06631258337204064268 0.00768268668554771342 0.01176562342417243959 0.58898368000443590553 0.00000000100000000000 0.12926531072208341522 
0.00000000099999999999 0.00000000099999999999 0.00000000099999999999 0.00000000099999999999 0.00000000099999999999 0.99999999299999997593 0.00000000099999999999 0.00000000099999999999 
0.36833125514902642639 0.00000236354561587542 0.00050808448148692293 0.01028155564765058892 0.00000000100000000000 0.62013949493175790639 0.00000000100000000000 0.00073724424446225758 
0.28834041722282482967 0.00000000100000000000 0.00000121604261727354 0.00000000100000000000 0.00000000557967912214 0.71165835688333756170 0.00000000100000000000 0.00000000127154114843 
0.00000000100000000000 0.00019709458617158464 0.00000662383512417631 0.00034823463870370901 0.00001316805374402165 0.75674118943430901396 0.00000000798672623953 0.24269368046522118987 
0.00000000099999999997 0.00000000099999999997 0.00000000099999999997 0.00000000099999999997 0.00000000099999999997 0.99999999299999997593 0.00000000099999999997 0.00000000099999999997 
0.30659806548956636263 0.00087800571909249622 0.00000357558556129587 0.00386923246350698562 0.05042400841643693288 0.47912877880269344466 0.00821599171567866972 0.15088234180746379343 
0.32102193165527148633 0.00000000100000000000 0.01400888997365107476 0.00000000100000000000 0.05315074701125737516 0.48954196187940779428 0.00000000100000000000 0.12227646648041215482 
0.00000000099999999999 0.00000000099999999999 0.00000000099999999999 0.00000000099999999999 0.00000000099999999999 0.99999999299999997593 0.00000000099999999999 0.00000000099999999999 
0.13314941897814741578 0.00000000100000000000 0.05060575584151952994 0.01613511188898621510 0.00000005805535315114 0.65402490907305455003 0.03049668771016827984 0.11558805745277082877 
0.22384357004744484532 0.00000000100000000000 0.02781948283616565362 0.01882432632047477059 0.01533527081947394337 0.58310535816917130614 0.00073253198327291971 0.13033945882399664007 
0.26609920082268495589 0.00000000100000000000 0.00000048643263219278 0.00000000100000000000 0.00000000100000000000 0.73390030774468273389 0.00000000100000000000 0.00000000100000000000 
0.03483031166381971022 0.00001731809576283476 0.00000000100000000000 0.07245923458826228347 0.00000004402517146721 0.67408567778282002525 0.00994327005088587075 0.20866414279327769044 
0.53491598999701839290 0.00000000100000000000 0.00000000100000000000 0.00000000100000000000 0.00000069085517387226 0.46508308733615827402 0.00000002090335803681 0.00000020790829151419 
0.14729816751260729757 0.00000000100000000000 0.00108257163028330433 0.05202979089864051554 0.09928082772174715021 0.62903155103307828444 0.00000000682249687731 0.07127708338114663311 
0.00000000099999999991 0.00000000099999999991 0.00000000099999999991 0.00000000099999999991 0.00000000099999999991 0.00000000099999999991 0.00000000099999999991 0.99999999299999997593 
0.37950576051332607364 0.00009130245852272418 0.01564493467199359542 0.00009101683311323161 0.00026108087585184945 0.29174081247011179885 0.00000000100000000000 0.31266509117708063403 
0.10962052274280421893 0.03234942945463099850 0.07897924207027506860 0.03495101150313508626 0.00000000128609192887 0.56444549739643490316 0.00000019988380132394 0.17965409566282658504 
0.00000000099999999981 0.00000000099999999981 0.00000000099999999981 0.00000000099999999981 0.00000000099999999981 0.00000000099999999981 0.00000000099999999981 0.99999999299999997593 
0.27834468746911728010 0.00955944489844390809 0.03645014458178004457 0.02269416237148258464 0.00000000100000000000 0.46805938253160600526 0.00000000100000000000 0.18489217614757014196 
0.00000000099999999996 0.00000000099999999996 0.00000000099999999996 0.00000000099999999996 0.00000000099999999996 0.99999999299999997593 0.00000000099999999996 0.00000000099999999996 
0.00000000099999999998 0.00000000099999999998 0.00000000099999999998 0.00000000099999999998 0.00000000099999999998 0.99999999300000008695 0.00000000099999999998 0.00000000099999999998 
0.00000000099999999998 0.00000000099999999998 0.00000000099999999998 0.00000000099999999998 0.00000000099999999998 0.99999999299999997593 0.00000000099999999998 0.00000000099999999998 
0.25839251655722222933 0.00062409280530563948 0.00000004560126164734 0.00746339663767184389 0.08843948464571840806 0.45267665641786136721 0.00000000100000000000 0.19240380633495901552 
0.26810662653845346304 0.00000000100000000000 0.03925982403404926213 0.00000000100000000000 0.00000000100000000000 0.47695558481928984618 0.00551065410761236024 0.21016730750059517407 
0.31874239454747443911 0.00000000100000000000 0.03878038888288314751 0.00248438105400189055 0.00081501491649002122 0.49111388750109419288 0.01797296436267658420 0.13009096773537967562 
0.00000000099999999994 0.00000000099999999994 0.00000000099999999994 0.00000000099999999994 0.00000000099999999994 0.00000000099999999994 0.00000000099999999994 0.99999999299999997593 
0.00000000099999999998 0.00000000099999999998 0.00000000099999999998 0.00000000099999999998 0.00000000099999999998 0.99999999300000008695 0.00000000099999999998 0.00000000099999999998 
0.43578142988940060665 0.00000000099999999999 0.00001381668404605178 0.00000000099999999999 0.00000269655679241734 0.56420205286976088388 0.00000000099999999999 0.00000000099999999999 
0.00000000664539436169 0.00000000100000000000 0.02569945682965064926 0.01368325174385686023 0.02639709583225201273 0.65118603661070151301 0.05384371233078207725 0.22919043900736252306 
0.22023664910021609198 0.08833257344304716596 0.04375969358070561782 0.00000000100000000000 0.01910974465216882384 0.47408829424463366786 0.00767829541643902207 0.14679474856278945660 
0.65246591231132300415 0.00000003013337877536 0.00000000099999999999 0.00000001315318037826 0.00000000099999999999 0.07814286226887011411 0.07904202071666102669 0.19034915941658658856 
0.11152924189633706131 0.03171729298136821001 0.00061631647998042617 0.02600796306361647520 0.05837761510915749630 0.56223209968527987357 0.00000000824285788052 0.20951946254140257908 
0.00000000099999999999 0.00000000099999999999 0.00439029539764784413 0.00000000099999999999 0.00000000099999999999 0.99560969860235215556 0.00000000099999999999 0.00000000099999999999 
0.30938739884495020105 0.00004112311499717399 0.02994747512990079963 0.00977468902388293169 0.00000000100000000000 0.45710387432141491582 0.00000000100000000000 0.19374543756485393398 
0.00000000109517628327 0.00000000100000000000 0.01963540373600964131 0.00000000100000000000 0.03390404654036269921 0.69271395477451003231 0.08501666931624921042 0.16872992253769225623 
0.49084756182086530796 0.06280210805288842513 0.00000000100000000000 0.00865633642961682707 0.00000000100000000000 0.20093546426996058973 0.00000421678602428624 0.23675431064064464404 
0.00000000100000000000 0.00000134586408747336 0.04857296595749906187 0.09198767596428691906 0.00000001777890698081 0.70092110723925016291 0.00000008958964983170 0.15851679660631956548 
0.00000000099999999998 0.00000000099999999998 0.31831791887636273763 0.00000000099999999998 0.00000000099999999998 0.68168207512363732103 0.00000000099999999998 0.00000000099999999998 
0.34401120796488848796 0.00228279509864321014 0.00043993072067290335 0.03446173596228110925 0.00000016243084917158 0.44187088408422015018 0.00000079341273337726 0.17693249032571173318 
0.41270327012552143753 0.00000000100000000000 0.02059108963785865817 0.00000000100000000000 0.00000000471578930103 0.56670560089826493844 0.00000000100000000000 0.00000003162256564188 
0.18567015352133389716 0.00000000100000000000 0.13392891896701325516 0.05967032379657135482 0.03585334164988535077 0.45221298711367313716 0.00000000100000000000 0.13266427295152297128 
0.14420237612022424045 0.00720819008387841350 0.01639685329709694023 0.01640550842186302982 0.08743041281605308523 0.67959434160401488434 0.04873067562714771678 0.00003164202972171338 
0.00000000099999999998 0.00000000099999999998 0.00000000099999999998 0.00000000099999999998 0.00000000099999999998 0.99999999300000008695 0.00000000099999999998 0.00000000099999999998 
0.22625829725063034692 0.00000000100000000000 0.04572461442060454101 0.00000000100000000000 0.00001334362649449521 0.57037977606304579581 0.08347646197610990304 0.07414750466311496868 
0.00000000099999999999 0.00000000099999999999 0.00000000099999999999 0.00000000099999999999 0.00000000099999999999 0.99999999300000008695 0.00000000099999999999 0.00000000099999999999 
0.35541743947570686446 0.00530735804541982662 0.01502399728731389043 0.00147310208541178681 0.00468939797643329326 0.34963781097038798551 0.04160143960527074719 0.22684945455405552961 
0.41278722641672643823 0.00000009855892448682 0.00000000100000000000 0.00433127833096786600 0.00000000100000000000 0.38368068490287043915 0.00000000100000000000 0.19920070879051085533 
0.66917374002601914817 0.00437820161301191637 0.00000000099999999999 0.00000000099999999999 0.00000000099999999999 0.00000000099999999999 0.00000000099999999999 0.32644805336096893722 
0.17682543376205211993 0.06843355356816190060 0.02348025618963541991 0.00664336026592163200 0.06154569345248949580 0.55521117643146622456 0.00002887592037815183 0.10783165040989509120 
0.16352870506650404869 0.08906007175470320725 0.03798971781198784425 0.00000000100000000000 0.01422475988425689515 0.59502937103571118538 0.00000000100000000000 0.10016737244683679431 
0.33742794651229257585 0.00000000100000000000 0.00000000100000000000 0.00000000100000000000 0.00000000100000000000 0.66257187488578983547 0.00000017360191734298 0.00000000100000000000 
0.34432671331077524535 0.05451896660614609369 0.00000000100000000000 0.00004395447013580653 0.13227591285326681381 0.45644830042321221653 0.00000000100000000000 0.01238615033646366104 
0.37357737124633383363 0.00000000100000000000 0.38830639459669979985 0.00000000100000000000 0.04200030839502605362 0.07757034591199206408 0.00000000100000000000 0.11854557684994827815 
0.77761012592788236741 0.00000000099999999999 0.00000000099999999999 0.00000034544341649870 0.00000000099999999999 0.00000000249959141375 0.00000000099999999999 0.22238952212910981232 
0.99999999300000008695 0.00000000099999999996 0.00000000099999999996 0.00000000099999999996 0.00000000099999999996 0.00000000099999999996 0.00000000099999999996 0.00000000099999999996 
0.22185446570897116025 0.00000000100000000000 0.07458834064330478741 0.03550957500819715285 0.00001697725699206435 0.56583111474965208654 0.00033695207718358776 0.10186257355569916516 
0.26983666548835255616 0.00000000100000000000 0.00000000100000000000 0.01982332492629134552 0.06059343992025320591 0.53948843479146180169 0.00000275619086560086 0.11025537668277556047 
0.26243083070975420368 0.00000168086206013189 0.05687101301631107553 0.00000000100000000000 0.00000001042701964038 0.51138895563726671778 0.03852231382318992842 0.13078519452439824056 
0.51724982865901592000 0.08497711651497215357 0.00000000100000000000 0.00152697560495694746 0.00000000100000000000 0.20880153223011921337 0.04210795332041351174 0.14533659167052218053 
0.00000000099999999998 0.00000000099999999998 0.00000000099999999998 0.00000000099999999998 0.00000000099999999998 0.99999999299999997593 0.00000000099999999998 0.00000000099999999998 
0.00000000100000000000 0.00000000100000000000 0.00000813832252073051 0.00000000100000000000 0.00000000100000000000 0.72380069792998258382 0.00000000100000000000 0.27619115874749661232 
0.00000000099999999998 0.00000000099999999998 0.29018982079816912911 0.00000000099999999998 0.12237975201280651416 0.58743042218902430385 0.00000000099999999998 0.00000000099999999998 
0.00000000099999999999 0.00000000099999999999 0.00000000259129934384 0.00000000099999999999 0.00000000099999999999 0.99914184548538709230 0.00085814692331342881 0.00000000099999999999 
0.36890731301442519774 0.04202815695008742941 0.02002564870517712162 0.00000001373827645527 0.00000000120693946875 0.44003951206920810524 0.00000000100000000000 0.12899935331588621712 
0.00000000099999999999 0.00000000099999999999 0.00000000099999999999 0.00000000099999999999 0.00000000099999999999 0.99999999299999997593 0.00000000099999999999 0.00000000099999999999 
0.21001462190297612298 0.11814351887389662465 0.03760435644475108169 0.00000000100000000000 0.05414306221537997649 0.45605942656909698174 0.00000000100000000000 0.12403501199389922738 
0.45421676602428640024 0.00000000390627360970 0.00013740673840521517 0.00000000100000000000 0.00000000100000000000 0.41511496731459684995 0.00035974482718222197 0.13017110918925575702 
0.72326981814799917725 0.00000000099999999999 0.00000000099999999999 0.00000000099999999999 0.00000000099999999999 0.00000000099999999999 0.00000899450273343659 0.27672118234926762481 
0.00000000099999999999 0.00000000099999999999 0.00000000099999999999 0.00000000099999999999 0.00000000099999999999 0.99999999300000008695 0.00000000099999999999 0.00000000099999999999 
0.42912625426434358733 0.00221850909200299075 0.00000144788781511215 0.00000000100000000000 0.00000000100000000000 0.38326860692950898146 0.00000007170427299759 0.18538510812205638567 
0.25253136706934259381 0.00021434993169549697 0.03104959303136186483 0.02266183863751561681 0.09577578148899598687 0.48296435384063979290 0.00001278475137995017 0.11478993124906861079 
0.39357439756322321056 0.01014514537892421964 0.00000436612599190064 0.01295174695883352656 0.01458803486157730228 0.37758722497090385639 0.00039564544537076400 0.19075343869517524809 
0.99999999300000008695 0.00000000099999999996 0.00000000099999999996 0.00000000099999999996 0.00000000099999999996 0.00000000099999999996 0.00000000099999999996 0.00000000099999999996 
0.21066933290728870332 0.06937087508833919558 0.06182566026738801207 0.00000000100000000000 0.02169668380030384189 0.48210377497853029727 0.00001004852473196995 0.15432362343341796129 
0.00000000099999999993 0.00000000099999999993 0.00000000099999999993 0.00000000099999999993 0.00000000099999999993 0.00000000099999999993 0.00000000099999999993 0.99999999299999997593 
0.18255490071741439784 0.00983823756515732686 0.03834523803654889262 0.00909224013675946977 0.01552291871830196318 0.61075852788331863596 0.00104727149262939453 0.13284066544986997127 
0.13530165493983967173 0.09482293448353026899 0.05726386161335009217 0.00163464402075490364 0.00000000100000000000 0.54561302258734611925 0.00000000100000000000 0.16536388035517901596 
0.00000000100000000000 0.00000000112572382476 0.08535495208120279231 0.00000000100000000000 0.67054210174344230921 0.19261630423780398691 0.00000000100000000000 0.05148663781182696159 
0.00000000099999999999 0.00000000099999999999 0.00000000099999999999 0.00000000099999999999 0.99999999300000008695 0.00000000099999999999 0.00000000099999999999 0.00000000099999999999 
0.00000000100000000000 0.05538865639899938353 0.12509135305461122067 0.00000000100000000000 0.67281184050656117623 0.14670797830096279912 0.00000000100000000000 0.00000016873886544177 
0.00000000099999999998 0.00000000099999999998 0.00000000099999999998 0.00000000099999999998 0.99999999300000008695 0.00000000099999999998 0.00000000099999999998 0.00000000099999999998 
0.00000000100000000000 0.00220371032073367812 0.11652313708670360148 0.01820637716232027109 0.68775326464073294197 0.17512587982136218479 0.00018762896814735120 0.00000000100000000000 
0.00000000099999999999 0.00000000099999999999 0.00000000099999999999 0.00000000099999999999 0.99999999299999997593 0.00000000099999999999 0.00000000099999999999 0.00000000099999999999 
0.00000000099999999999 0.00000000099999999999 0.00000000099999999999 0.00000000099999999999 0.99999999300000008695 0.00000000099999999999 0.00000000099999999999 0.00000000099999999999 
0.00000000099999999998 0.00000000099999999998 0.00000000099999999998 0.00000000099999999998 0.99999999300000008695 0.00000000099999999998 0.00000000099999999998 0.00000000099999999998 
0.00000000099999999999 0.00000000099999999999 0.00000000099999999999 0.00000000099999999999 0.99999999299999997593 0.00000000099999999999 0.00000000099999999999 0.00000000099999999999 
0.00000000099999999998 0.00000000099999999998 0.00000000099999999998 0.00000000099999999998 0.99999999299999997593 0.00000000099999999998 0.00000000099999999998 0.00000000099999999998 
0.00000010288822069966 0.00000000100000000000 0.10156161859875853515 0.00000000100000000000 0.76216150256332104718 0.13627677194969969876 0.00000000100000000000 0.00000000100000000000 
0.00000000099999999999 0.00000000099999999999 0.00000000099999999999 0.00000000099999999999 0.99999999300000008695 0.00000000099999999999 0.00000000099999999999 0.00000000099999999999 
0.00000000099999999998 0.00000000099999999998 0.00000000099999999998 0.00000000099999999998 0.99999999299999997593 0.00000000099999999998 0.00000000099999999998 0.00000000099999999998 
0.00000000099999999998 0.00000000099999999998 0.00000000099999999998 0.00000000099999999998 0.99999999300000008695 0.00000000099999999998 0.00000000099999999998 0.00000000099999999998 
0.00000000099999999998 0.00000000099999999998 0.00000000099999999998 0.00000000099999999998 0.99999999299999997593 0.00000000099999999998 0.00000000099999999998 0.00000000099999999998 
0.00000000099999999998 0.00000000099999999998 0.00000000099999999998 0.00000000099999999998 0.99999999300000008695 0.00000000099999999998 0.00000000099999999998 0.00000000099999999998 
0.00001170356336120551 0.03403411007925349896 0.10194230420355195055 0.00000000100000000000 0.74416347570565466452 0.11984840274828811868 0.00000000169989046554 0.00000000100000000000 
0.00000000099999999998 0.00000000099999999998 0.00000000099999999998 0.00000000099999999998 0.99999999299999997593 0.00000000099999999998 0.00000000099999999998 0.00000000099999999998 
0.00000000099999999998 0.00000000099999999998 0.00000000099999999998 0.00000000099999999998 0.99999999299999997593 0.00000000099999999998 0.00000000099999999998 0.00000000099999999998 
0.36505082607679634199 0.00120937066065625234 0.09323149850931793103 0.00257460111061376612 0.43875617857657356335 0.00000000102661747627 0.09917728377022123898 0.00000024026920351098 
0.00000000099999999999 0.00000000099999999999 0.00000000099999999999 0.00000000099999999999 0.99999999300000008695 0.00000000099999999999 0.00000000099999999999 0.00000000099999999999 
0.00000000099999999997 0.00000000099999999997 0.00000000099999999997 0.00000000099999999997 0.99999999299999997593 0.00000000099999999997 0.00000000099999999997 0.00000000099999999997 
0.00000000099999999999 0.00000000099999999999 0.00000000099999999999 0.00000000099999999999 0.99999999299999997593 0.00000000099999999999 0.00000000099999999999 0.00000000099999999999 
0.00000000099999999999 0.00000000099999999999 0.00000000099999999999 0.02733764044579543168 0.97266235355420460618 0.00000000099999999999 0.00000000099999999999 0.00000000099999999999 
0.00000000099999999998 0.00000000099999999998 0.00000000099999999998 0.00000000099999999998 0.99999999300000008695 0.00000000099999999998 0.00000000099999999998 0.00000000099999999998 
0.00000000099999999998 0.00000000099999999998 0.00000000099999999998 0.00000000099999999998 0.99999999299999997593 0.00000000099999999998 0.00000000099999999998 0.00000000099999999998 
0.00000000099999999998 0.00000000099999999998 0.00000000099999999998 0.00000000099999999998 0.99999999299999997593 0.00000000099999999998 0.00000000099999999998 0.00000000099999999998 
0.00000000099999999999 0.00000000099999999999 0.00000000099999999999 0.00000000099999999999 0.92363579476711055172 0.00000000099999999999 0.07636419923288939593 0.00000000099999999999 
0.00000000099999999997 0.00000000099999999997 0.00000000099999999997 0.00000000099999999997 0.99999999300000008695 0.00000000099999999997 0.00000000099999999997 0.00000000099999999997 
0.00822414437515955193 0.00000048398821003611 0.09780555959967759949 0.00000071144016144365 0.69238670605185859142 0.09144088844007478012 0.01104580186772272619 0.09909570423713529030 
0.00000000099999999998 0.00000000099999999998 0.00000000099999999998 0.00000000099999999998 0.99999999299999997593 0.00000000099999999998 0.00000000099999999998 0.00000000099999999998 
0.00000000099999999998 0.00000000099999999998 0.82072519467316129571 0.00000000099999999998 0.17927479932683856867 0.00000000099999999998 0.00000000099999999998 0.00000000099999999998 
0.00000000099999999998 0.00000000099999999998 0.99999999300000008695 0.00000000099999999998 0.00000000099999999998 0.00000000099999999998 0.00000000099999999998 0.00000000099999999998 
0.00000000099999999998 0.00000000099999999998 0.99999999299999997593 0.00000000099999999998 0.00000000099999999998 0.00000000099999999998 0.00000000099999999998 0.00000000099999999998 
0.00000000099999999999 0.00000000099999999999 0.99999999300000008695 0.00000000099999999999 0.00000000099999999999 0.00000000099999999999 0.00000000099999999999 0.00000000099999999999 
0.00000000099999999998 0.00000000099999999998 0.99999999299999997593 0.00000000099999999998 0.00000000099999999998 0.00000000099999999998 0.00000000099999999998 0.00000000099999999998 
0.00000000099999999998 0.00000000099999999998 0.99999999300000008695 0.00000000099999999998 0.00000000099999999998 0.00000000099999999998 0.00000000099999999998 0.00000000099999999998 
0.00000000099999999998 0.00000000099999999998 0.99999999300000008695 0.00000000099999999998 0.00000000099999999998 0.00000000099999999998 0.00000000099999999998 0.00000000099999999998 
0.00000000099999999999 0.00000000099999999999 0.99928681228562032945 0.00000000099999999999 0.00071318171437959759 0.00000000099999999999 0.00000000099999999999 0.00000000099999999999 
0.00000000099999999998 0.00000000099999999998 0.99999999300000008695 0.00000000099999999998 0.00000000099999999998 0.00000000099999999998 0.00000000099999999998 0.00000000099999999998 
0.00000000099999999998 0.00000000099999999998 0.99999999300000008695 0.00000000099999999998 0.00000000099999999998 0.00000000099999999998 0.00000000099999999998 0.00000000099999999998 
0.00000000099999999997 0.00000000099999999997 0.99999999299999997593 0.00000000099999999997 0.00000000099999999997 0.00000000099999999997 0.00000000099999999997 0.00000000099999999997 
0.00000000099999999998 0.00000000099999999998 0.99999999300000008695 0.00000000099999999998 0.00000000099999999998 0.00000000099999999998 0.00000000099999999998 0.00000000099999999998 
0.00000000099999999999 0.00000000099999999999 0.99999998379567489604 0.00000000099999999999 0.00000001020432505840 0.00000000099999999999 0.00000000099999999999 0.00000000099999999999 
0.00000000099999999998 0.00000000099999999998 0.99999999300000008695 0.00000000099999999998 0.00000000099999999998 0.00000000099999999998 0.00000000099999999998 0.00000000099999999998 
0.00000000099999999998 0.00000000099999999998 0.99999999299999997593 0.00000000099999999998 0.00000000099999999998 0.00000000099999999998 0.00000000099999999998 0.00000000099999999998 
0.00000000099999999998 0.00000000099999999998 0.99999999300000008695 0.00000000099999999998 0.00000000099999999998 0.00000000099999999998 0.00000000099999999998 0.00000000099999999998 
0.00000000099999999999 0.00000000099999999999 0.97047727814509365807 0.00000000099999999999 0.00000000099999999999 0.00000000099999999999 0.02952271585490640407 0.00000000099999999999 
0.00000000099999999998 0.00000000099999999998 0.99999999300000008695 0.00000000099999999998 0.00000000099999999998 0.00000000099999999998 0.00000000099999999998 0.00000000099999999998 
0.00000000099999999997 0.00000000099999999997 0.99999999299999997593 0.00000000099999999997 0.00000000099999999997 0.00000000099999999997 0.00000000099999999997 0.00000000099999999997 
0.00000000099999999998 0.00000000099999999998 0.99999999300000008695 0.00000000099999999998 0.00000000099999999998 0.00000000099999999998 0.00000000099999999998 0.00000000099999999998 
0.00000000099999999999 0.00000000816938916458 0.99999998583061089352 0.00000000099999999999 0.00000000099999999999 0.00000000099999999999 0.00000000099999999999 0.00000000099999999999 
0.00000000099999999998 0.00000000099999999998 0.99999999299999997593 0.00000000099999999998 0.00000000099999999998 0.00000000099999999998 0.00000000099999999998 0.00000000099999999998 
0.00000000099999999999 0.00000000099999999999 0.99999999300000008695 0.00000000099999999999 0.00000000099999999999 0.00000000099999999999 0.00000000099999999999 0.00000000099999999999 
0.00000000099999999998 0.00000000099999999998 0.99999999300000008695 0.00000000099999999998 0.00000000099999999998 0.00000000099999999998 0.00000000099999999998 0.00000000099999999998 
0.00000000099999999999 0.00000000099999999999 0.96732272970292032532 0.00000000099999999999 0.03267726429707963620 0.00000000099999999999 0.00000000099999999999 0.00000000099999999999 
0.00000000099999999997 0.00000000099999999997 0.99999999300000008695 0.00000000099999999997 0.00000000099999999997 0.00000000099999999997 0.00000000099999999997 0.00000000099999999997 
0.00000000100000000000 0.15219460535659465328 0.00000000100000000000 0.70183147693257985633 0.01360757145746278353 0.05286955306990245851 0.07949679018346034187 0.00000000100000000000 
0.00007014925721369129 0.46276326555485780556 0.00000000099999999999 0.00000000099999999999 0.00000000099999999999 0.00000000099999999999 0.53716658018792828866 0.00000000099999999999 
0.00000000099999999999 0.53957219797049649213 0.00000000099999999999 0.00000000099999999999 0.00000000099999999999 0.00000000099999999999 0.46042779602950356654 0.00000000099999999999 
0.00000212918580531812 0.18796331323338483221 0.00000000100000000000 0.81203453791788704486 0.00000000100000000000 0.00000001220695020802 0.00000000100000000000 0.00000000445597250571 
0.00000000099999999997 0.00000000099999999997 0.00000000099999999997 0.00000000099999999997 0.00000000099999999997 0.00000000099999999997 0.99999999299999986491 0.00000000099999999997 
0.00000000099999999996 0.99999999300000019797 0.00000000099999999996 0.00000000099999999996 0.00000000099999999996 0.00000000099999999996 0.00000000099999999996 0.00000000099999999996 
0.00000000099999999995 0.99999999300000019797 0.00000000099999999995 0.00000000099999999995 0.00000000099999999995 0.00000000099999999995 0.00000000099999999995 0.00000000099999999995 
0.00000000099999999997 0.00000000099999999997 0.00000000099999999997 0.00000000099999999997 0.00000000099999999997 0.00000000099999999997 0.99999999299999997593 0.00000000099999999997 
0.00000000099999999998 0.26439927777504146356 0.00000000099999999998 0.00000000099999999998 0.00000000099999999998 0.00000000099999999998 0.73560071622495848409 0.00000000099999999998 
0.00000000099999999999 0.36084038420591690866 0.00000000099999999999 0.00000000099999999999 0.00000000099999999999 0.00000000099999999999 0.63915960979408292797 0.00000000099999999999 
0.00000000099999999996 0.00000000099999999996 0.00000000099999999996 0.00000000099999999996 0.00000000099999999996 0.00000000099999999996 0.99999999299999986491 0.00000000099999999996 
0.00000000099999999999 0.48665502313359182418 0.00000000099999999999 0.00000000099999999999 0.00000000099999999999 0.00000000099999999999 0.45455387721184131733 0.05879109465456681949 
0.00000044033873854044 0.12165052317688179739 0.00000000100000000000 0.47947425134393417689 0.00565926549735844102 0.04252594635506642268 0.29368177843303155949 0.05700779385498908058 
0.28715591176241644922 0.00000000100000000000 0.00000000100000000000 0.01822938914366504376 0.00006426339529576198 0.00000000100000000000 0.56010971881992799304 0.13444071387869466205 
0.00000000099999999999 0.42266901715651711280 0.00000000099999999999 0.01307613108840435627 0.00000000099999999999 0.00000000099999999999 0.56425484675507830978 0.00000000099999999999 
0.00000000099999999999 0.36444761365536537667 0.00000000099999999999 0.03817912444619871171 0.00000000099999999999 0.00000000099999999999 0.59737325689843567833 0.00000000099999999999 
0.00000000100000000000 0.44189074840827358148 0.00000032049702332497 0.00207698796808018825 0.00000000100000000000 0.00059342458692414335 0.54999225832342713005 0.00544625821627154824 
0.00000000099999999997 0.00000000099999999997 0.00000000099999999997 0.00000000099999999997 0.00000000099999999997 0.00000000099999999997 0.99999999299999986491 0.00000000099999999997 
0.00000000099999999995 0.00000000099999999995 0.00000000099999999995 0.99999999300000008695 0.00000000099999999995 0.00000000099999999995 0.00000000099999999995 0.00000000099999999995 
0.00000000100000000000 0.34854253352023328860 0.00000000100000000000 0.06679511725584770521 0.00000000100000000000 0.02258463803012128110 0.56207770719379757107 0.00000000100000000000 
0.00000000100000000000 0.00006757345005425998 0.01034516336972539190 0.75900483216269221121 0.00000000100000000000 0.01958739485872136588 0.13806080731206246681 0.07293422684674444323 
0.02762931716961877435 0.01336381933290431423 0.00000000100000000000 0.70595269873687804818 0.00508708282627903796 0.00001916423494000651 0.15699986338024296550 0.09094805331913696778 
0.00000000099999999999 0.46133107159318265111 0.00000000099999999999 0.00000000099999999999 0.00000000099999999999 0.00000000099999999999 0.53866892240681718551 0.00000000099999999999 
0.00000000099999999996 0.00000000099999999996 0.00000000099999999996 0.00000000099999999996 0.00000000099999999996 0.00000000099999999996 0.99999999299999997593 0.00000000099999999996 
0.00014943485520589180 0.00000000100000000000 0.00000000100000000000 0.72550908318855156232 0.02172213928989254195 0.00047151222691480617 0.21425888476240653735 0.03788894367702869137 
0.00000000099999999999 0.34955380877190989075 0.00000000099999999999 0.00000368943966251981 0.00000000099999999999 0.00000000099999999999 0.65044086809418000250 0.00000162969424747567 
0.00000000099999999999 0.40348969828257252868 0.00000001799770451348 0.00000000099999999999 0.00000000099999999999 0.00000000099999999999 0.59651027871972284178 0.00000000099999999999 
0.00000000100000000000 0.13692797853944910225 0.00000000100000000000 0.79327637911242643298 0.00000000100000000000 0.00000024950605561535 0.00030077385042455776 0.06949461599164430403 
0.00000000099999999995 0.00000000099999999995 0.00000000099999999995 0.00000000099999999995 0.00000000099999999995 0.00000000099999999995 0.99999999299999986491 0.00000000099999999995 
0.00000000099999999998 0.42117487362519928640 0.00000000099999999998 0.00012060996580771574 0.00000000099999999998 0.00000000099999999998 0.57870451140899270559 0.00000000099999999998 
0.00202926331672006891 0.07945359993607384319 0.00605349728661163950 0.72901195137002383628 0.02644987580374041219 0.04621169191986650160 0.11049828101176331629 0.00029183935520050118 
0.00000000099999999999 0.44379050659640650878 0.00000000099999999999 0.00000007044271893595 0.00000000099999999999 0.00000000099999999999 0.54790478795038766169 0.00830463101048678140 
0.05207380826206875479 0.18765059647769102846 0.00000000100000000000 0.76026330319558910187 0.00000000100000000000 0.00001228806465120871 0.00000000100000000000 0.00000000100000000000 
0.00000000100000000000 0.13956071153753768499 0.00000000100000000000 0.79524396575796663100 0.00000000100000000000 0.06518012660049186946 0.00001519210400392073 0.00000000100000000000 
0.00000204547866693567 0.13767796033412529888 0.00000000100000000000 0.76808245947896991446 0.00000000100000000000 0.00000007239843218321 0.02645365915617295047 0.06778380115363287495 
0.11529050205186530675 0.07536167906247924486 0.00000000100000000000 0.80934753390625113756 0.00000000100000000000 0.00000000100000000000 0.00000028097940442757 0.00000000100000000000 
0.00000000099999999998 0.40547071133894035944 0.00000000099999999998 0.00000000099999999998 0.00000000099999999998 0.00000000099999999998 0.59452928266105953270 0.00000000099999999998 
0.00000000099999999996 0.00000000099999999996 0.00000000099999999996 0.00000000099999999996 0.00000000099999999996 0.00000000099999999996 0.99999999299999986491 0.00000000099999999996 
0.00000000099999999996 0.00000000099999999996 0.00000000099999999996 0.00000000099999999996 0.00000000099999999996 0.00000000099999999996 0.99999999299999986491 0.00000000099999999996 
0.00000000099999999997 0.00000000099999999997 0.00000000099999999997 0.00000000099999999997 0.00000000099999999997 0.00000000099999999997 0.99999999299999997593 0.00000000099999999997 
0.00000000099999999999 0.41441188702598430460 0.00000000099999999999 0.07676912961637537280 0.00000000099999999999 0.00000000099999999999 0.49437850611117933886 0.01444047324646086095 
0.00000000100000000000 0.08147269033057975840 0.00876790896948589395 0.61963566862633612242 0.04084295154271200268 0.06458925539438355179 0.18469152313650269437 0.00000000100000000000 
0.00000000099999999996 0.00000000099999999996 0.00000000099999999996 0.00000000099999999996 0.00000000099999999996 0.00000000099999999996 0.99999999299999986491 0.00000000099999999996 
0.00000000099999999995 0.00000000099999999995 0.00000000099999999995 0.00000000099999999995 0.00000000099999999995 0.00000000099999999995 0.99999999299999997593 0.00000000099999999995 
0.00000000099999999998 0.53805067337566692132 0.00000000099999999998 0.00000000099999999998 0.00000000099999999998 0.00000000099999999998 0.46194932062433308184 0.00000000099999999998 
0.08076030208921949893 0.27486625242976781003 0.00000000100000000000 0.36536363854427245101 0.01034315990154716265 0.00000000100000000000 0.26744615747690553276 0.00122048755828749428 
0.08803458040860957790 0.00000000100000000000 0.00000003600595837776 0.51025457833546616904 0.00000000100000000000 0.00000000100000000000 0.40171080124996577654 0.00000000100000000000 
0.00000000099999999996 0.00000000099999999996 0.00000000099999999996 0.00000000099999999996 0.00000000099999999996 0.00000000099999999996 0.99999999299999997593 0.00000000099999999996 
0.00000000099999999996 0.00000000099999999996 0.00000000099999999996 0.00000000099999999996 0.00000000099999999996 0.00000000099999999996 0.99999999299999997593 0.00000000099999999996 
0.00000000099999999999 0.01254750834318804457 0.00000000099999999999 0.63709260466814243706 0.00000000099999999999 0.00000000099999999999 0.35021267382741599894 0.00014720916125358959 
0.05593926248126161738 0.15822689466206737996 0.01669102602527391260 0.66160482674636644784 0.00905191820590156050 0.00000000100000000000 0.05108809300572036971 0.04739797787340881141 
0.11347143598548027621 0.09863628764888408840 0.00000000100000000000 0.57191838839004238704 0.00000000100000000000 0.00000000100000000000 0.21597388397559316719 0.00000000100000000000 
0.00000000099999999999 0.46457148765156458525 0.00000000099999999999 0.00000024337387912586 0.00000000099999999999 0.00000000099999999999 0.53542826397455611787 0.00000000099999999999 
0.00000000099999999994 0.99999999300000008695 0.00000000099999999994 0.00000000099999999994 0.00000000099999999994 0.00000000099999999994 0.00000000099999999994 0.00000000099999999994 
0.16691392069290061917 0.44893749120664588892 0.00000000099999999999 0.04067690231927859057 0.00000000099999999999 0.00000000099999999999 0.34347168178117509774 0.00000000099999999999 
0.02170617372356031805 0.25029669125023190634 0.00000000100000000000 0.72796928708706287736 0.00000000100000000000 0.00000000795166184116 0.00001492369346819208 0.00001291429401465758 
0.00000000100000000000 0.24472533471038171449 0.00024059379631282535 0.69715225502326527707 0.00000000100000000000 0.00000000100000000000 0.00000000369261067214 0.05788180977742943961 
0.08917328037061936219 0.38524509492867320404 0.00000000099999999999 0.00470917247208850042 0.00000000099999999999 0.00000000099999999999 0.52087244822861877847 0.00000000099999999999 
0.00000000099999999999 0.50841930923865852332 0.00000000099999999999 0.00000000099999999999 0.00000000099999999999 0.00000000099999999999 0.49158068476134153535 0.00000000099999999999 
0.00000000099999999996 0.00000000099999999996 0.00000000099999999996 0.00000000099999999996 0.00000000099999999996 0.00000000099999999996 0.99999999299999986491 0.00000000099999999996 
0.00000000099999999995 0.99999999300000019797 0.00000000099999999995 0.00000000099999999995 0.00000000099999999995 0.00000000099999999995 0.00000000099999999995 0.00000000099999999995 
0.00000000099999999993 0.99999999300000019797 0.00000000099999999993 0.00000000099999999993 0.00000000099999999993 0.00000000099999999993 0.00000000099999999993 0.00000000099999999993 
0.00000146586505203995 0.44484310553263423094 0.00000000100000000000 0.03809178574304709908 0.00003687231709216648 0.00000000100000000000 0.50059518531757629667 0.01643158322459824933 
