0.35142903258405910893 0.05670215410766182157 0.03087756668801854010 0.52211680860937714765 0.01122990845151910014 0.00000000100000000000 0.02762420265550249998 0.00002032590386196912 
0.99999999300000008695 0.00000000099999999984 0.00000000099999999984 0.00000000099999999984 0.00000000099999999984 0.00000000099999999984 0.00000000099999999984 0.00000000099999999984 
0.00000000099999999997 0.00000000099999999997 0.00000000099999999997 0.99999999300000008695 0.00000000099999999997 0.00000000099999999997 0.00000000099999999997 0.00000000099999999997 
0.00000000099999999998 0.00000000099999999998 0.00000000099999999998 0.99999999299999997593 0.00000000099999999998 0.00000000099999999998 0.00000000099999999998 0.00000000099999999998 
0.43312827574390283525 0.00396448573306540895 0.01544313344804560013 0.50046448220103290083 0.01017749288316895095 0.00000000100000000000 0.00000000100000000000 0.03682212799078443677 
0.00000000099999999998 0.00000000099999999998 0.00000000099999999998 0.99999999299999997593 0.00000000099999999998 0.00000000099999999998 0.00000000099999999998 0.00000000099999999998 
0.30762717075429751867 0.10174233263536310024 0.00023924087854933259 0.47555037576177966452 0.04051816344296413352 0.07432271452704611314 0.00000000100000000000 0.00000000100000000000 
0.29059180991216099210 0.01769670538419119629 0.00444391783091793290 0.65108217366244458546 0.02552197641658369640 0.00099389764906825931 0.00000000100000000000 0.00966951814463341656 
0.36227512733693967295 0.00009462568885281771 0.03742026111896833845 0.53911877954737552621 0.06109009110348584404 0.00000000100000000000 0.00000000100000000000 0.00000111320437797225 
0.33854274500591574615 0.00000000100000000000 0.05183038753547396932 0.50867016278135523955 0.00000000100000000000 0.10095669820890962320 0.00000000346834542741 0.00000000100000000000 
0.34806298303377536385 0.00000000100000000000 0.02501447041963594450 0.46218159392724950107 0.08228989162905839261 0.03317390727321608418 0.02627464569483874829 0.02300250702222605276 
0.34725647272425608225 0.00000000100000000000 0.00069939198575681477 0.57625864134417126294 0.04627405246978733705 0.01827753741749989572 0.01123390205852843951 0.00000000100000000000 
0.34611523184153758503 0.00000000100000000000 0.00000000100000000000 0.60329811178590730947 0.00173174061003371544 0.04885417614310563067 0.00000000100000000000 0.00000073661941581609 
0.00000000099999999999 0.00000000099999999999 0.00000000099999999999 0.84913204043793877318 0.00000000099999999999 0.15086795356206125773 0.00000000099999999999 0.00000000099999999999 
0.20690309676174223341 0.06221617070614768319 0.00026862462022514026 0.68305841727795613139 0.00447302278827050540 0.00000000100000000000 0.04275776800576173986 0.00032289883989665945 
0.36334884397690830893 0.01817092074721594550 0.00000000100000000000 0.50990039427530575722 0.08103279731213690329 0.00000000100000000000 0.00000000100000000000 0.02754704068843322196 
0.35079867767569761217 0.00000000100000000000 0.03909518020026336860 0.56628761499707014337 0.03611041946995439261 0.00000000100000000000 0.00000000100000000000 0.00770810465701450565 
0.34304735577753403541 0.00038177655247120839 0.00000000100000000000 0.50016906356380397281 0.06754731195964368273 0.08024920499078326552 0.00859748393338412818 0.00000780222237951083 
0.34078700670601358436 0.00000000100000000000 0.00000000100000000000 0.51229474018547682679 0.04143631378112529184 0.03384005047692113799 0.06660411746175255721 0.00503776938871067313 
0.36844972920172014419 0.00000000100000000000 0.00121906087084013926 0.47301899993714191517 0.12708193281305968370 0.00000000100000000000 0.03018034370751189119 0.00004993146972631517 
0.32192314067224098162 0.00051026595230696493 0.00000000100000000000 0.56507595317887826525 0.00000000100000000000 0.04054405469574334092 0.04288468083977870632 0.02906190266105178333 
0.41530068125785379873 0.00000000100000000000 0.00000002987452570109 0.53121344275546777958 0.00970625663685277355 0.00000000100000000000 0.03837342516712986817 0.00540616230817026269 
0.32534020318719597542 0.01231666060520939660 0.00492958086162681788 0.57265690014209036374 0.06468569115765862576 0.00000000100000000000 0.01533650256320742353 0.00473446048301141061 
0.99999999300000019797 0.00000000099999999992 0.00000000099999999992 0.00000000099999999992 0.00000000099999999992 0.00000000099999999992 0.00000000099999999992 0.00000000099999999992 
0.31427958681839207600 0.00002701117712745247 0.00000000100000000000 0.51737253741125155404 0.06432185958834742145 0.10120996731791474799 0.00002352342469375094 0.00276551326227310323 
0.28414586552145032483 0.00491562602376801640 0.02543746572947952478 0.61043079862854499051 0.07507019832985110941 0.00000004134731135566 0.00000000341959476572 0.00000000100000000000 
0.99999999300000019797 0.00000000099999999995 0.00000000099999999995 0.00000000099999999995 0.00000000099999999995 0.00000000099999999995 0.00000000099999999995 0.00000000099999999995 
0.41025529677529315453 0.00025716018845314077 0.03761926058269102896 0.50637295806677851129 0.00324592587382968242 0.00000000100000000000 0.01454241083905880375 0.02770698667389553949 
0.36271219244431684992 0.00000000100000000000 0.00000000100000000000 0.55659237874907840915 0.00803507603928300951 0.00000000100000000000 0.04872360268245989195 0.02393674708486190697 
0.42350842698586943502 0.00000000100000000000 0.00000006925501236513 0.53748066702797214766 0.01539596018345082938 0.00000000100000000000 0.02268507496443630117 0.00092979958325893478 
0.29930626781290087246 0.00000388754953916575 0.00007670378848662575 0.60939643937147880415 0.03947373352387738982 0.00000000100000000000 0.01221272727003674431 0.03953023968368037794 
0.20174299882217638924 0.00000000099999999999 0.00000000099999999999 0.58321315157417630282 0.05403267509905075594 0.16101117050459670677 0.00000000099999999999 0.00000000099999999999 
0.32757868580309085216 0.00000000100000000000 0.00819823451951380219 0.48976610523527003282 0.12284542715984199390 0.00000000100000000000 0.00042053713906278208 0.05119100814322055659 
0.99999999300000008695 0.00000000099999999993 0.00000000099999999993 0.00000000099999999993 0.00000000099999999993 0.00000000099999999993 0.00000000099999999993 0.00000000099999999993 
0.19909582644098919313 0.01429573116641975720 0.02832644713825543600 0.69093228631644754145 0.01597736007040003250 0.03915634751184177142 0.00270087402854211423 0.00951512732710412847 
0.34519352138080328096 0.01237616576986963479 0.04716770723593249198 0.51396370825243953284 0.00001628725405762452 0.00000000100000000000 0.04274197935661280812 0.03854062975028461902 
0.99999999300000019797 0.00000000099999999984 0.00000000099999999984 0.00000000099999999984 0.00000000099999999984 0.00000000099999999984 0.00000000099999999984 0.00000000099999999984 
0.28528948073668919383 0.01162974452655060956 0.01390096651811688865 0.61557149164838709243 0.00002857171944645760 0.00000000119803739414 0.03774590283759915454 0.03583384081517304587 
0.00000000099999999998 0.00000000099999999998 0.00000000099999999998 0.99999999300000008695 0.00000000099999999998 0.00000000099999999998 0.00000000099999999998 0.00000000099999999998 
0.38947216478693619246 0.00000000100000000000 0.01571444617700275964 0.49484762454636876949 0.08472453952952078982 0.00000000100000000000 0.00000000100000000000 0.01524122196017141731 
0.40296598039929981683 0.00000000100000000000 0.00000837515430822374 0.55108884034570637667 0.01695925558372278139 0.00000000100000000000 0.02897754551696278200 0.00000000100000000000 
0.30590238760731686130 0.00000000100000000000 0.00001270876530691345 0.46829963149135139799 0.08873313977647805106 0.13705078642892562502 0.00000000100000000000 0.00000134393062119314 
0.26841329940813429822 0.00005749911484701651 0.03994573891313323716 0.67513353606643167204 0.00000000100000000000 0.00000000100000000000 0.01644992349745388535 0.00000000100000000000 
0.28094683969088285469 0.03020003813646350566 0.01487759423290946001 0.60917324898473113048 0.02530859916625904926 0.00000000100000000000 0.02918198481746514181 0.01031169397128881698 
0.34065238214834164809 0.04553199110019228585 0.00044662982844609984 0.55590041265080514243 0.05746857944355666936 0.00000000100000000000 0.00000000282865834145 0.00000000100000000000 
0.99999999300000019797 0.00000000099999999993 0.00000000099999999993 0.00000000099999999993 0.00000000099999999993 0.00000000099999999993 0.00000000099999999993 0.00000000099999999993 
0.32658614421476211964 0.00000000100000000000 0.00000000100000000000 0.47009996087752548011 0.00961714788387831206 0.15301019200272189535 0.04068655202111217534 0.00000000100000000000 
0.34860748320849316295 0.04659351470932789757 0.03497234885786565384 0.47379665857090791370 0.07488649163190996827 0.00000039305062855882 0.00000001482895747986 0.02114309514190926970 
0.33609523586411538254 0.11570832479551307337 0.00000415111514403246 0.47669405611933451938 0.03113726671231310805 0.00000000100000000000 0.04036096339358009877 0.00000000100000000000 
0.00000000099999999997 0.00000000099999999997 0.00000000099999999997 0.99999999299999997593 0.00000000099999999997 0.00000000099999999997 0.00000000099999999997 0.00000000099999999997 
0.38680093855730185437 0.03465720964456329989 0.00000009828469904536 0.46009262930312366802 0.08254752567270164099 0.00000000100000000000 0.00000000100000000000 0.03590159653761072767 
0.36592384034069913579 0.03471242536453326977 0.03553010520935073052 0.45238094036935516673 0.04609728281849526099 0.00000000100000000000 0.06535540389756631929 0.00000000100000000000 
0.31258980143905473748 0.00221472261672282875 0.03906830292311656849 0.62513597814365273742 0.00000000100000000000 0.00000003964992470829 0.00003608717986713269 0.02095506704766123343 
0.39801025535579148684 0.01560859555898176827 0.00003507412596093523 0.43582389195157533734 0.08374168811657277389 0.06664524764044592320 0.00013524625067182195 0.00000000100000000000 
0.14125906814214117535 0.10630234488912182478 0.00007191871476873348 0.73646591857623755484 0.00004663490073503441 0.00000000811412323376 0.00000001268965379263 0.01585409397321860606 
0.44272204449210683652 0.00000000100000000000 0.02537444479155815183 0.41872195404068307534 0.00002079953777441134 0.00000000100000000000 0.02750793976032936405 0.08565281537754818042 
0.99999999300000019797 0.00000000099999999992 0.00000000099999999992 0.00000000099999999992 0.00000000099999999992 0.00000000099999999992 0.00000000099999999992 0.00000000099999999992 
0.27308900154673265703 0.00021846877115538912 0.00000000100000000000 0.58056109593269722424 0.00003677722180886570 0.08663928610447063638 0.02137053725286838096 0.03808483217026689682 
0.36389002859673652557 0.00000000100000000000 0.00019039709390788413 0.46816842643769424059 0.01969485081653269895 0.13077643094695159953 0.01727428120706911777 0.00000558390110791214 
0.29784087974527079234 0.00000000100000000000 0.03401853671637683485 0.44471319172961770727 0.05051303613404687504 0.00000000100000000000 0.10306717175277094189 0.06984718192191699537 
0.36859574991469523653 0.03171876317196055395 0.00530717249213695161 0.41504840762795985887 0.10631187885292087136 0.03762140943678479732 0.01490305698564499577 0.02049356151789677796 
0.00000000099999999999 0.00000000099999999999 0.00000000099999999999 0.99999999300000008695 0.00000000099999999999 0.00000000099999999999 0.00000000099999999999 0.00000000099999999999 
0.33511480753061867466 0.00000065332783724385 0.04963667162270037764 0.45173922635747193466 0.00000046128373667837 0.16350817787763505251 0.00000000100000000000 0.00000000100000000000 
0.37706486408241346453 0.00000079180425870725 0.01317227473894253507 0.50354216440238475094 0.10619871147697733382 0.00000000100000000000 0.00002119149502331588 0.00000000100000000000 
0.21287255074557454027 0.07920139669020200002 0.00404630331169183489 0.62556580516592652508 0.06025272824173842634 0.01227560015750149038 0.00120477381748078870 0.00458084186988455631 
0.27248564337373654132 0.00002031778451886696 0.00013648275474739216 0.70328784151902312693 0.00000211920813878188 0.00000000100000000000 0.00351018592836647818 0.02055740843146880090 
0.00000000099999999999 0.00000000099999999999 0.00000000099999999999 0.74942173315841920100 0.00000000099999999999 0.25057826084158069113 0.00000000099999999999 0.00000000099999999999 
0.32844252897394110580 0.03106920485471737631 0.01236870514066369317 0.45758755969999026503 0.09258224352395098833 0.06703691806944998832 0.00303082203985828103 0.00788201769742837358 
0.35754681284550798859 0.03887626071185432131 0.00000000905234714232 0.48494313678805667234 0.03189785685478413457 0.04493128411517770954 0.04180463863227203841 0.00000000100000000000 
0.36532559719612522908 0.01626870931645601689 0.00158532046894139297 0.51916020579325028450 0.00000035129755021326 0.06533866583966849162 0.02746772702891141921 0.00485342305909709521 
0.28103204754724098180 0.00000000100000000000 0.00000000100000000000 0.33999589106782746040 0.11474420563030558740 0.26422785175462598639 0.00000000100000000000 0.00000000100000000000 
0.03800293508077696308 0.00000000100000000000 0.05803948651107630058 0.49733707837115753714 0.05793059291356519869 0.01166901199608961527 0.33702089312733424231 0.00000000100000000000 
0.00000000099999999998 0.00000000099999999998 0.00000000099999999998 0.99999999299999997593 0.00000000099999999998 0.00000000099999999998 0.00000000099999999998 0.00000000099999999998 
0.00000000099999999998 0.00000000099999999998 0.00000000099999999998 0.99999999299999997593 0.00000000099999999998 0.00000000099999999998 0.00000000099999999998 0.00000000099999999998 
0.32666417819908910580 0.00000000100000000000 0.02198175385909258497 0.53315509114152626058 0.00925640921704169034 0.00000008576414817023 0.06578723564470348451 0.04315524517439880275 
0.33534063763889176979 0.00000000114562839429 0.00832185835602827599 0.50703965086498059556 0.07338651133291204665 0.05481998068420828457 0.00000000100000000000 0.02109135897735070833 
0.30605532709003868685 0.00000000100000000000 0.03243395625416957417 0.49448520790285044324 0.00000000502474632532 0.14233711106362245680 0.02468839066457247447 0.00000000100000000000 
0.00000000099999999998 0.00000117334618956870 0.00000000099999999998 0.99999882065381040519 0.00000000099999999998 0.00000000099999999998 0.00000000099999999998 0.00000000099999999998 
0.00000000099999999998 0.00000000099999999998 0.00000000099999999998 0.99999999299999997593 0.00000000099999999998 0.00000000099999999998 0.00000000099999999998 0.00000000099999999998 
0.38140445644604503705 0.00000037331600766552 0.00645677506323866571 0.53104843915476085403 0.04186873234506825747 0.00000000100000000000 0.02781261475705647940 0.01140860791782295942 
0.99999999300000019797 0.00000000099999999993 0.00000000099999999993 0.00000000099999999993 0.00000000099999999993 0.00000000099999999993 0.00000000099999999993 0.00000000099999999993 
0.74068864136754242189 0.00000000099999999998 0.00000000099999999998 0.00000000099999999998 0.00000000099999999998 0.25931135263245774780 0.00000000099999999998 0.00000000099999999998 
0.24766942258753060768 0.00777721097277195902 0.00000003959793458712 0.58855999853582685599 0.00001260146388657728 0.12181192580040008100 0.03416876535150132482 0.00000003569014802551 
0.43838691292990450421 0.00000000100000000000 0.05692839287136188670 0.43095244186479553239 0.04451760899776607133 0.00000000100000000000 0.00009771380296924492 0.02911692753320286112 
0.29422120874916285471 0.01159735476818808675 0.00262372085326925946 0.45094457798307346907 0.06150287468312577721 0.15478175446746073041 0.02432850749571998858 0.00000000100000000000 
0.21458915070099307543 0.00000000100000000000 0.00071578898663827463 0.60907319464095255324 0.00000000100000000000 0.16354244096365019856 0.01207942170776587533 0.00000000100000000000 
0.00000000099999999998 0.00000000099999999998 0.00000000099999999998 0.99999999300000008695 0.00000000099999999998 0.00000000099999999998 0.00000000099999999998 0.00000000099999999998 
0.35604176809839654938 0.02120735308652063264 0.01721069379825867704 0.46474567755977158612 0.11002992634921408832 0.00000010986614286600 0.03076447024169556149 0.00000000100000000000 
0.26104782440740731397 0.00000089715485939162 0.00466943845703280021 0.60958824059247618266 0.00000070687534498332 0.12469275558219515554 0.00000013462778564844 0.00000000230289843992 
0.28163361083127436135 0.00000000100000000000 0.00000046723810790293 0.48047744950130244490 0.11411758133806197690 0.06990590476490946004 0.03388487374994135493 0.01998011157640232349 
0.19322358935940942004 0.00745371654599893269 0.00028100326028469391 0.65987839080207144615 0.05004235751688857620 0.07663702139233136146 0.00071333542093693835 0.01177058570207859325 
0.00000000099999999998 0.00000000099999999998 0.00000000099999999998 0.99999999300000008695 0.00000000099999999998 0.00000000099999999998 0.00000000099999999998 0.00000000099999999998 
0.25136634379038502729 0.08271155810258978835 0.01518905447045942013 0.54168817551249304199 0.05274947420601022036 0.00010320105576608087 0.05619219186229643809 0.00000000100000000000 
0.00000000099999999998 0.00000000099999999998 0.00000000099999999998 0.99999999299999997593 0.00000000099999999998 0.00000000099999999998 0.00000000099999999998 0.00000000099999999998 
0.39215891411641579101 0.00337311748386362638 0.04071347532481033732 0.49583260131031597906 0.01895085153496191624 0.04705014387751742244 0.00000000100000000000 0.00192089535211491117 
0.34009676924546911048 0.09818057899740816052 0.05899144843436702340 0.49255965341422919268 0.00000004219316484376 0.00000000100000000000 0.00822514538805536530 0.00194636132730632979 
0.12322158212361009055 0.00004472113396193818 0.02796464770644936301 0.08953245120597408402 0.69860795043734558174 0.00000000100000000000 0.06062588396634639026 0.00000276242631252727 
0.00000000099999999999 0.00000000099999999999 0.00000000099999999999 0.00000000099999999999 0.99999999299999997593 0.00000000099999999999 0.00000000099999999999 0.00000000099999999999 
0.09779052583499217577 0.04622809419245010182 0.01073416220888483673 0.02934318544230653594 0.70683875098707760198 0.00000000100000000000 0.10897425516469795570 0.00009102516959085663 
0.00000000099999999997 0.00000000099999999997 0.00000000099999999997 0.00000000099999999997 0.99999999300000008695 0.00000000099999999997 0.00000000099999999997 0.00000000099999999997 
0.00002718402248898719 0.00113396656695044658 0.06426297787214960144 0.13364836940222640793 0.72799465430059684401 0.00000000100000000000 0.05800369423468044322 0.01492915260090715845 
0.00000000099999999998 0.00000000099999999998 0.00000000099999999998 0.00000000099999999998 0.99999999299999997593 0.00000000099999999998 0.00000000099999999998 0.00000000099999999998 
0.00000000099999999999 0.00000000099999999999 0.00631351371579955307 0.00000000099999999999 0.89649054852903065083 0.09719593275516977271 0.00000000099999999999 0.00000000099999999999 
0.00000000099999999998 0.00000000099999999998 0.00000000099999999998 0.00000000099999999998 0.99999999300000008695 0.00000000099999999998 0.00000000099999999998 0.00000000099999999998 
0.00000000099999999999 0.00000000099999999999 0.00000000099999999999 0.00000000099999999999 0.88453364685917401644 0.11546634714082602835 0.00000000099999999999 0.00000000099999999999 
0.00000000099999999998 0.00000000099999999998 0.00000000099999999998 0.00000000099999999998 0.99999999300000008695 0.00000000099999999998 0.00000000099999999998 0.00000000099999999998 
0.07361752046152028606 0.00000000100000000000 0.03256142800317478325 0.00000076356778545369 0.76859031820402845536 0.05798507545624770332 0.06724489230724318978 0.00000000100000000000 
0.00000000099999999999 0.00000000099999999999 0.00000000099999999999 0.00000000099999999999 0.99999999299999997593 0.00000000099999999999 0.00000000099999999999 0.00000000099999999999 
0.00000000099999999998 0.00000000099999999998 0.00000000099999999998 0.00000000099999999998 0.99999999300000008695 0.00000000099999999998 0.00000000099999999998 0.00000000099999999998 
0.00000000099999999998 0.00000000099999999998 0.00000000099999999998 0.00000000099999999998 0.99999999299999997593 0.00000000099999999998 0.00000000099999999998 0.00000000099999999998 
0.00000000099999999998 0.00000000099999999998 0.00000000099999999998 0.00000000099999999998 0.99999999299999997593 0.00000000099999999998 0.00000000099999999998 0.00000000099999999998 
0.00000000099999999998 0.00000000099999999998 0.00000000099999999998 0.00000000099999999998 0.99999999300000008695 0.00000000099999999998 0.00000000099999999998 0.00000000099999999998 
0.00000347882096670156 0.00000000100000000000 0.01648775559378171454 0.00000000100000000000 0.80074921731298365213 0.10546923699053281642 0.07729030828173513723 0.00000000100000000000 
0.00000000099999999998 0.00000000099999999998 0.00000000099999999998 0.00000000099999999998 0.99999999300000008695 0.00000000099999999998 0.00000000099999999998 0.00000000099999999998 
0.00000000099999999999 0.00000000099999999999 0.05995396964315044541 0.00000000099999999999 0.79780804563541585228 0.08223775728933312157 0.06000022343210049264 0.00000000099999999999 
0.00000035936007518783 0.00000000099999999999 0.00000000099999999999 0.00000000099999999999 0.48670388199323422196 0.49245523091139320471 0.02084052373529741292 0.00000000099999999999 
0.00000000099999999999 0.00000000099999999999 0.00000000099999999999 0.00000000099999999999 0.80041634102526248995 0.12600651401626411507 0.07357713995847343924 0.00000000099999999999 
0.00000000099999999996 0.00000000099999999996 0.00000000099999999996 0.00000000099999999996 0.99999999299999997593 0.00000000099999999996 0.00000000099999999996 0.00000000099999999996 
0.00000000099999999998 0.00000000099999999998 0.00000000099999999998 0.00000000099999999998 0.99999999300000008695 0.00000000099999999998 0.00000000099999999998 0.00000000099999999998 
0.00000000099999999999 0.00000000099999999999 0.00000000099999999999 0.00000000099999999999 0.97300155533418763998 0.00000000099999999999 0.00000000099999999999 0.02699843866581243257 
0.00000000099999999998 0.00000000099999999998 0.00000000099999999998 0.00000000099999999998 0.99999999300000008695 0.00000000099999999998 0.00000000099999999998 0.00000000099999999998 
0.00000000099999999999 0.00000000099999999999 0.00000000099999999999 0.00000000099999999999 0.99999999300000008695 0.00000000099999999999 0.00000000099999999999 0.00000000099999999999 
0.00000000099999999998 0.00000000099999999998 0.00000000099999999998 0.00000000099999999998 0.99999999299999997593 0.00000000099999999998 0.00000000099999999998 0.00000000099999999998 
0.00000000099999999999 0.00000000099999999999 0.02209124067520861281 0.00000000099999999999 0.87411600823456525600 0.10379274609022609566 0.00000000099999999999 0.00000000099999999999 
0.00000000099999999997 0.00000000099999999997 0.00000000099999999997 0.00000000099999999997 0.99999999300000008695 0.00000000099999999997 0.00000000099999999997 0.00000000099999999997 
0.07002602254216669375 0.00000024411623238931 0.03647063066034100104 0.09241214648281331767 0.68533841572513043428 0.05246062727920934587 0.06329191219410690294 0.00000000100000000000 
0.00000000099999999998 0.00000000099999999998 0.00000000099999999998 0.00000000099999999998 0.99999999299999997593 0.00000000099999999998 0.00000000099999999998 0.00000000099999999998 
0.00000000099999999996 0.00000000099999999996 0.99999001041380486399 0.00000000099999999996 0.00000000099999999996 0.00000998358619506526 0.00000000099999999996 0.00000000099999999996 
0.00000000099999999995 0.00000000099999999995 0.99999999299999997593 0.00000000099999999995 0.00000000099999999995 0.00000000099999999995 0.00000000099999999995 0.00000000099999999995 
0.00000000099999999995 0.00000000099999999995 0.99999999299999997593 0.00000000099999999995 0.00000000099999999995 0.00000000099999999995 0.00000000099999999995 0.00000000099999999995 
0.00000000099999999995 0.00000000099999999995 0.99999999299999997593 0.00000000099999999995 0.00000000099999999995 0.00000000099999999995 0.00000000099999999995 0.00000000099999999995 
0.00000000099999999994 0.00000000099999999994 0.99999999300000008695 0.00000000099999999994 0.00000000099999999994 0.00000000099999999994 0.00000000099999999994 0.00000000099999999994 
0.00000000099999999993 0.00000000099999999993 0.99999999300000008695 0.00000000099999999993 0.00000000099999999993 0.00000000099999999993 0.00000000099999999993 0.00000000099999999993 
0.00000000099999999994 0.00000000099999999994 0.99999999300000008695 0.00000000099999999994 0.00000000099999999994 0.00000000099999999994 0.00000000099999999994 0.00000000099999999994 
0.00000000099999999995 0.00000000099999999995 0.99999999300000008695 0.00000000099999999995 0.00000000099999999995 0.00000000099999999995 0.00000000099999999995 0.00000000099999999995 
0.00000000099999999993 0.00000000099999999993 0.99999999300000008695 0.00000000099999999993 0.00000000099999999993 0.00000000099999999993 0.00000000099999999993 0.00000000099999999993 
0.00000000099999999993 0.00000000099999999993 0.99999999300000008695 0.00000000099999999993 0.00000000099999999993 0.00000000099999999993 0.00000000099999999993 0.00000000099999999993 
0.00000000099999999994 0.00000000099999999994 0.99999999299999997593 0.00000000099999999994 0.00000000099999999994 0.00000000099999999994 0.00000000099999999994 0.00000000099999999994 
0.00000000099999999995 0.00000000099999999995 0.99999999299999997593 0.00000000099999999995 0.00000000099999999995 0.00000000099999999995 0.00000000099999999995 0.00000000099999999995 
0.00000000099999999999 0.00000000099999999999 0.37660779613151745826 0.00000000099999999999 0.00000000099999999999 0.00000000099999999999 0.62339219786848243388 0.00000000099999999999 
0.00000000099999999993 0.00000000099999999993 0.99999999299999997593 0.00000000099999999993 0.00000000099999999993 0.00000000099999999993 0.00000000099999999993 0.00000000099999999993 
0.00000000099999999994 0.00000000099999999994 0.99999999300000008695 0.00000000099999999994 0.00000000099999999994 0.00000000099999999994 0.00000000099999999994 0.00000000099999999994 
0.00000000099999999994 0.00000000099999999994 0.99999999300000008695 0.00000000099999999994 0.00000000099999999994 0.00000000099999999994 0.00000000099999999994 0.00000000099999999994 
0.00000000099999999996 0.00000000099999999996 0.99999999300000008695 0.00000000099999999996 0.00000000099999999996 0.00000000099999999996 0.00000000099999999996 0.00000000099999999996 
0.00000000099999999994 0.00000000099999999994 0.99999999299999997593 0.00000000099999999994 0.00000000099999999994 0.00000000099999999994 0.00000000099999999994 0.00000000099999999994 
0.00000000099999999993 0.00000000099999999993 0.99999999300000008695 0.00000000099999999993 0.00000000099999999993 0.00000000099999999993 0.00000000099999999993 0.00000000099999999993 
0.00000000099999999994 0.00000000099999999994 0.99999999300000008695 0.00000000099999999994 0.00000000099999999994 0.00000000099999999994 0.00000000099999999994 0.00000000099999999994 
0.00000000099999999999 0.00000000099999999999 0.54566670457376831305 0.00000000099999999999 0.00000000099999999999 0.00000000099999999999 0.45433328942623157909 0.00000000099999999999 
0.00000000099999999994 0.00000000099999999994 0.99999999300000008695 0.00000000099999999994 0.00000000099999999994 0.00000000099999999994 0.00000000099999999994 0.00000000099999999994 
0.00000000099999999999 0.00000000099999999999 0.59557965010983360266 0.00000000099999999999 0.00000000099999999999 0.00000000099999999999 0.40442034389016645601 0.00000000099999999999 
0.00000000099999999994 0.00000000099999999994 0.99999999300000008695 0.00000000099999999994 0.00000000099999999994 0.00000000099999999994 0.00000000099999999994 0.00000000099999999994 
0.00000000099999999995 0.00000000099999999995 0.99999999300000008695 0.00000000099999999995 0.00000000099999999995 0.00000000099999999995 0.00000000099999999995 0.00000000099999999995 
0.00000000099999999993 0.00000000099999999993 0.99999999300000008695 0.00000000099999999993 0.00000000099999999993 0.00000000099999999993 0.00000000099999999993 0.00000000099999999993 
0.02835128503159568478 0.21735502403683168438 0.00000000100000000000 0.00000001768812887029 0.03771268603950133497 0.00000086864214413388 0.00000000100000000000 0.71658011656179809723 
0.00000000099999999999 0.86794615492527271705 0.00000000099999999999 0.00000000099999999999 0.00000000099999999999 0.13205383907472728611 0.00000000099999999999 0.00000000099999999999 
0.00000000099999999999 0.87922172502286399798 0.00000000099999999999 0.00000000099999999999 0.00000000099999999999 0.11204607542347751192 0.00000000099999999999 0.00873219455365857947 
0.00000000100000000000 0.14682421922491378785 0.00000000100000000000 0.04167860319575032030 0.00000000100000000000 0.00000013038555772078 0.00064952488024071740 0.81084751931353749033 
0.00000000099999999999 0.80761814297757628101 0.00000000099999999999 0.00000000099999999999 0.00000000099999999999 0.19238185102242380542 0.00000000099999999999 0.00000000099999999999 
0.00000002734415584844 0.99989193693979272481 0.00000000099999999999 0.00000000099999999999 0.00000000099999999999 0.00000001315856556596 0.00000000099999999999 0.00010801855748610021 
0.00000000099999999999 0.99999999300000008695 0.00000000099999999999 0.00000000099999999999 0.00000000099999999999 0.00000000099999999999 0.00000000099999999999 0.00000000099999999999 
0.00000000099999999999 0.80505357902636931478 0.00000000099999999999 0.02255307861462597582 0.00000000099999999999 0.12617605218122435184 0.00000000099999999999 0.04621728617778055048 
0.00000000099999999999 0.91091535855645811015 0.00000000099999999999 0.00000000099999999999 0.00000000099999999999 0.08908463544354208730 0.00000000099999999999 0.00000000099999999999 
0.00000000099999999999 0.99999998929824618354 0.00000000099999999999 0.00000000099999999999 0.00000000099999999999 0.00000000099999999999 0.00000000470175393837 0.00000000099999999999 
0.03748169704927914458 0.91872285814375054258 0.00000000099999999999 0.00000000099999999999 0.00000000099999999999 0.00000000099999999999 0.00000000099999999999 0.04379543980697050282 
0.00000000099999999999 0.99999999300000019797 0.00000000099999999999 0.00000000099999999999 0.00000000099999999999 0.00000000099999999999 0.00000000099999999999 0.00000000099999999999 
0.00232675210158001921 0.38515370924499314764 0.00000000100000000000 0.09194735385488417290 0.03097754162659774671 0.01220263830050672370 0.00000000100000000000 0.47739200287143834789 
0.00000000100000000000 0.53338109571281322463 0.00000000100000000000 0.32921286704426683256 0.03420503225092155070 0.06905925684442601464 0.00011730441755411883 0.03402444173001824973 
0.00000000099999999998 0.99992396217786028156 0.00000000099999999998 0.00000000099999999998 0.00000000099999999998 0.00000000099999999998 0.00000000099999999998 0.00007603182213986716 
0.00000000099999999999 0.80934351844269292187 0.00000000099999999999 0.00000000099999999999 0.00000000099999999999 0.16432649345513908323 0.00000000099999999999 0.02632998310216832366 
0.00000000100000000000 0.98207516307587472415 0.01610976673941439535 0.00000000128692412306 0.00000000100000000000 0.00000000100000000000 0.00000000100000000000 0.00181506489778690485 
0.00000000100000000000 0.88184041583028527356 0.00000000100000000000 0.01548488910316564958 0.05412295185425757688 0.00000000100000000000 0.00000000100000000000 0.04855173921229163220 
0.00000000099999999995 0.00000000099999999995 0.00000000099999999995 0.00000000099999999995 0.00000000099999999995 0.00000000099999999995 0.00000000099999999995 0.99999999300000008695 
0.00004141695194094514 0.93123664190394739304 0.00000000100000000000 0.00486541452837970477 0.00000000100000000000 0.00000000100000000000 0.00000000100000000000 0.06385652261573221411 
0.03497780717833772618 0.14224390584690307926 0.01369206440547858852 0.04526815349602120869 0.00000000100000000000 0.00000000100000000000 0.00481654393993464526 0.75900152313332469589 
0.00074788821652083711 0.17529974788842336841 0.00704749315274737914 0.10221958144411717739 0.01331896064465754211 0.00000000100000000000 0.00000000100000000000 0.70136632665353371152 
0.00000000099999999999 0.99999999300000019797 0.00000000099999999999 0.00000000099999999999 0.00000000099999999999 0.00000000099999999999 0.00000000099999999999 0.00000000099999999999 
0.00000000099999999998 0.99999999300000019797 0.00000000099999999998 0.00000000099999999998 0.00000000099999999998 0.00000000099999999998 0.00000000099999999998 0.00000000099999999998 
0.00000000100000000000 0.13457106518638239923 0.00052842549600268240 0.05841697404033074914 0.02246885868814279055 0.06537492915700010565 0.00000000100000000000 0.71863974543214115265 
0.00000000099999999999 0.99999999211948520372 0.00000000099999999999 0.00000000099999999999 0.00000000099999999999 0.00000000099999999999 0.00000000099999999999 0.00000000188051501491 
0.00000000099999999999 0.98868158140576511972 0.00000000099999999999 0.00000000099999999999 0.00000000099999999999 0.00000000099999999999 0.01131841259423499446 0.00000000099999999999 
0.00000048318635777649 0.13134095614541319019 0.00000000100000000000 0.08443480384947502082 0.00000000100000000000 0.00000000100000000000 0.00000000100000000000 0.78422375281875400521 
0.00000000099999999998 0.99999999300000019797 0.00000000099999999998 0.00000000099999999998 0.00000000099999999998 0.00000000099999999998 0.00000000099999999998 0.00000000099999999998 
0.00000000099999999997 0.99999999300000008695 0.00000000099999999997 0.00000000099999999997 0.00000000099999999997 0.00000000099999999997 0.00000000099999999997 0.00000000099999999997 
0.00000000100000000000 0.16999571938689511663 0.00000000100000000000 0.04392290246864875847 0.02207924887599077568 0.00000000321701074551 0.02820731036237359574 0.73579481368908106198 
0.00000000099999999999 0.99817211344361744807 0.00000000099999999999 0.00182787708550172820 0.00000000099999999999 0.00000000099999999999 0.00000000099999999999 0.00000000447088096853 
0.01807419004222522718 0.20695819232114454067 0.00000000100000000000 0.01323484307866838218 0.00000000100000000000 0.00000000100000000000 0.00000000100000000000 0.76173277055796195789 
0.04941984950573260343 0.16003715971406476393 0.00000000100000000000 0.00000092898397697608 0.00000000100000000000 0.00000000100000000000 0.00000000100000000000 0.79054205779622577221 
0.00000000099999999999 0.15361971873105537134 0.00000000099999999999 0.08857712569755180065 0.00000000099999999999 0.00000000099999999999 0.00000000099999999999 0.75780315057139280288 
0.00000036669763330886 0.09459184020208828703 0.00000000100000000000 0.08549236208061811171 0.00000000100000000000 0.00296169776383776572 0.00000000100000000000 0.81695373025582251891 
0.00000000099999999998 0.99999999300000008695 0.00000000099999999998 0.00000000099999999998 0.00000000099999999998 0.00000000099999999998 0.00000000099999999998 0.00000000099999999998 
0.00854287258223030734 0.99144754292572367937 0.00000000099999999999 0.00000000099999999999 0.00000000099999999999 0.00000000099999999999 0.00000957949204600823 0.00000000099999999999 
0.00020022215680048390 0.82280184097569419865 0.00000000099999999999 0.00000000223760322490 0.00000000099999999999 0.10768089406810540942 0.00000000099999999999 0.06931703756179669051 
0.00000000250788495164 0.77557821660806613995 0.00104953854261721010 0.01592396967585103101 0.00000000100000000000 0.16709611381203059999 0.00000000100000000000 0.04035215685355010573 
0.00000000099999999999 0.87901964151916911483 0.00000000099999999999 0.04202734253049506680 0.00000000099999999999 0.00000000099999999999 0.00000000099999999999 0.07895301095033600836 
0.01452555827162302186 0.21360603433143601770 0.00000000100000000000 0.00000107820059468590 0.01437830174084615310 0.07883847564341477099 0.04540928900381999145 0.63324126180826534327 
0.00000000100000000000 0.89654886396171151741 0.00000000100000000000 0.00000000100000000000 0.00000000100000000000 0.10345100257252917708 0.00000012846575938808 0.00000000100000000000 
0.00000000099999999999 0.81225145320902658597 0.00000000099999999999 0.00000000099999999999 0.00000000099999999999 0.13384353000207283024 0.00000000099999999999 0.05390501178890068357 
0.00000000099999999998 0.99999999300000019797 0.00000000099999999998 0.00000000099999999998 0.00000000099999999998 0.00000000099999999998 0.00000000099999999998 0.00000000099999999998 
0.00000000099999999999 0.49616177674254380303 0.00000000099999999999 0.01772539450570450106 0.01614695806186643851 0.09238944640360786942 0.00000000099999999999 0.37757642128627733058 
0.00000000100000000000 0.36504943275336165787 0.00547657451214449663 0.00042421889964667668 0.00000000100000000000 0.10261613414792790377 0.01682939213387868449 0.50960424555304040251 
0.00000000099999999999 0.95090216049163645007 0.00000000099999999999 0.01548082396157636487 0.00000000099999999999 0.00000000099999999999 0.00000000099999999999 0.03361701054678729872 
0.00000000100000000000 0.89141750232595162728 0.00000000100000000000 0.00000000100000000000 0.00000000100000000000 0.10385207891518120904 0.00000000100000000000 0.00473041375886731723 
0.00000000099999999999 0.28242374930482710971 0.00000000099999999999 0.00000000099999999999 0.00000000099999999999 0.11221072186107526603 0.00000000099999999999 0.60536552383409758527 
0.00152786278263630781 0.17155164903843478363 0.00663854590374295117 0.03699297371277938257 0.00820089152176825369 0.08221179645329847185 0.01967935968663487092 0.67319692090070493151 
0.00000000135364669676 0.27295019342690540753 0.00000000100000000000 0.06009606228802099465 0.00727916003242227820 0.08321947303501475712 0.00000173172776019396 0.57645337713622968323 
0.00000000099999999999 0.99850062164082009630 0.00000000099999999999 0.00000000099999999999 0.00000000099999999999 0.00149936849675878781 0.00000000099999999999 0.00000000486242129746 
0.00000000099999999999 0.95855589267580887380 0.00000000099999999999 0.00000000099999999999 0.00000000099999999999 0.00000000099999999999 0.00000000099999999999 0.04144410132419129589 
0.00000000099999999999 0.68036797229818446464 0.00000000099999999999 0.00000000099999999999 0.00000000099999999999 0.27385924154041824119 0.00000000099999999999 0.04577278116139755354 
0.01540634396045986558 0.18170435646094390547 0.00000000100000000000 0.00000000667974583455 0.00000000100000000000 0.09134920466877836931 0.00000000100000000000 0.71154008523007206133 
0.00000000100000000000 0.23363632891318930618 0.02095576856509437369 0.04296161658181232856 0.00000000100000000000 0.00027786419484248455 0.00000000100000000000 0.70216841874506152887 
0.00000000099999999999 0.79054971314065936028 0.00000000099999999999 0.00000000099999999999 0.00000000099999999999 0.20945019916338783461 0.00000000099999999999 0.00000008269595292640 
0.00000000099999999999 0.90913260645630844525 0.00000000099999999999 0.00000000099999999999 0.00000000099999999999 0.09086738754369182158 0.00000000099999999999 0.00000000099999999999 
0.00000000099999999999 0.89461156940271069349 0.00000000099999999999 0.00002735978184448161 0.00000000099999999999 0.10536106581544485428 0.00000000099999999999 0.00000000099999999999 
0.00000000099999999999 0.87659034265094637473 0.00000000099999999999 0.00000000099999999999 0.00000000099999999999 0.12340965134905389211 0.00000000099999999999 0.00000000099999999999 
0.00000000099999999999 0.96038391741970885462 0.00000000099999999999 0.00809587063101581753 0.00000000099999999999 0.00000000099999999999 0.00000000099999999999 0.03152020694927553518 
0.00000000099999999999 0.90378646821411723344 0.00000000099999999999 0.05389476825457074904 0.00671332976100966379 0.00000000099999999999 0.00000000099999999999 0.03560542977030254491 
