0.00000133623582372199 0.42722034468225122961 0.02872878413594105729 0.01848915505631335346 0.45635990045271007665 0.04223425050600970038 0.02257378676875312212 0.00439244216219769352 
0.00000000099999999991 0.00000000099999999991 0.00000000099999999991 0.00000000099999999991 0.99999999299999997593 0.00000000099999999991 0.00000000099999999991 0.00000000099999999991 
0.00000000099999999999 0.79217435490516163732 0.00000000099999999999 0.00000000099999999999 0.20782563909483850462 0.00000000099999999999 0.00000000099999999999 0.00000000099999999999 
0.00000000099999999999 0.99999995144833631056 0.00000000099999999999 0.00000000099999999999 0.00000000099999999999 0.00000000099999999999 0.00000004255166370841 0.00000000099999999999 
0.00000000099999999998 0.00000000099999999998 0.00000000099999999998 0.00000000099999999998 0.99999999300000008695 0.00000000099999999998 0.00000000099999999998 0.00000000099999999998 
0.00000000995513043275 0.69822327234167258503 0.00000000100000000000 0.00000000100000000000 0.30177671205573858293 0.00000000164745850976 0.00000000100000000000 0.00000000100000000000 
0.00000000100000000000 0.35037891980202251485 0.00000000100000000000 0.12317004382544882723 0.45617624581596383226 0.00000000100000000000 0.01461424343667298668 0.05566054411989168615 
0.00000003475560811106 0.52195012420984543411 0.01240527799064949400 0.00000000100000000000 0.44185983243544357801 0.00000000100000000000 0.02378472760845345979 0.00000000100000000000 
0.00000000143350011468 0.41509770790097483273 0.00317299784609416076 0.00000000100000000000 0.45522777416158327624 0.00000000100000000000 0.06159962075187049024 0.06490189590597711389 
0.00420272941066804351 0.41534597259439226535 0.00000000254355268259 0.00343818090297374904 0.49010635206170577449 0.03619796960297651939 0.05070879188373084850 0.00000000100000000000 
0.02854097300398649936 0.27840959584595109666 0.05584271899429695679 0.00000000100000000000 0.52891540505085610224 0.00000000100000000000 0.02232515393623913172 0.08596615116867031836 
0.00000000100000000000 0.41640116034837992842 0.03274298984248263933 0.00000000100000000000 0.50156824163972468789 0.00000281967831729977 0.01272152276793164609 0.03656326372316381912 
0.00000042541800863890 0.47475939413526613286 0.00000002477125961589 0.00000000100000000000 0.49327808514407744944 0.02658955563929145741 0.00000000100000000000 0.00537251289209671884 
0.00000000099999999998 0.99999999300000008695 0.00000000099999999998 0.00000000099999999998 0.00000000099999999998 0.00000000099999999998 0.00000000099999999998 0.00000000099999999998 
0.00000142875543757983 0.58730486504125822833 0.00814312824222710417 0.00214994196201908575 0.34978697790119805955 0.05261363624217073320 0.00000000100000000000 0.00000002085568933994 
0.01858413206856543431 0.37228132723602125331 0.00000008387836557048 0.00120927114563147632 0.49876900963736409134 0.00006701585121990849 0.00000000100000000000 0.10908915918283230984 
0.00000000099999999998 0.00000000099999999998 0.00000000099999999998 0.00000000099999999998 0.99999999299999997593 0.00000000099999999998 0.00000000099999999998 0.00000000099999999998 
0.00000042176257131877 0.42342169829058518005 0.02899421724159736632 0.00030556265980227494 0.45825084073314903410 0.00009559839810839652 0.00000001028421078092 0.08893165062997566983 
0.00015471385741914741 0.38956062422986242888 0.07124801467351596362 0.00000000100000000000 0.47944801887710369881 0.02930273266773567378 0.00000000100000000000 0.03028589369436307521 
0.00007734646081006991 0.32301930242444126806 0.06280893341241608474 0.00000000153146372547 0.49325974174419812135 0.00000000100000000000 0.00988408650215226968 0.11095058692451836846 
0.02039603966274866620 0.43810871257828437608 0.06776642029229749953 0.00000262174700558911 0.47372618720311682194 0.00000001651654712695 0.00000000100000000000 0.00000000100000000000 
0.00000000099999999998 0.00000000099999999998 0.00000000099999999998 0.00000000099999999998 0.99999999300000008695 0.00000000099999999998 0.00000000099999999998 0.00000000099999999998 
0.00098325323227381771 0.41289432257081315480 0.04064980756516093502 0.00007569420055213975 0.47900954549259910920 0.00000000100000000000 0.02354454205816919332 0.04284283388043175905 
0.00000000099999999996 0.00000000099999999996 0.00000000099999999996 0.00000000099999999996 0.99999999300000008695 0.00000000099999999996 0.00000000099999999996 0.00000000099999999996 
0.00495677240984254263 0.43557769260034118197 0.01794575578328338680 0.01245188261942311789 0.43945982719703818864 0.00119942939108818604 0.00000000419060938502 0.08840863580837393654 
0.00000000100000000000 0.44179701414639377388 0.00149128959660328395 0.00000000197714983203 0.44772531481972360767 0.00000000100000000000 0.04047713970742193579 0.06850923775270746641 
0.00000000412354935750 0.31702260944492116623 0.00164171380112709212 0.04690816166408907223 0.53260949377166466601 0.01650556907038708276 0.00000000165922565183 0.08531244646503591267 
0.01553325722016827594 0.35332345611396387408 0.02886164645273949989 0.00000145826896134232 0.54310222459157686536 0.01222176898282504275 0.04456899473489304292 0.00238719363487205870 
0.01347447966809891748 0.37638159298880374815 0.07926303473673312894 0.00000000310843677979 0.52229977123863990940 0.00000000100000000000 0.00000000100000000000 0.00858111625928775941 
0.00000000099999999998 0.00000000099999999998 0.00000000099999999998 0.00000000099999999998 0.99999999299999997593 0.00000000099999999998 0.00000000099999999998 0.00000000099999999998 
0.02545421201976176204 0.45589310021581158638 0.00000155369438708264 0.00000000100000000000 0.45950619899098044119 0.04548068800208236728 0.00001389369798187615 0.01365035237899486949 
0.00000000099999999999 0.53002756791177429996 0.00000000099999999999 0.00000000099999999999 0.35087326841556010226 0.00000000099999999999 0.00000000099999999999 0.11909915867266560041 
0.04347226412695510966 0.31263213501680930939 0.02390308977625652323 0.00000000100000000000 0.49806705172052090358 0.00387009651150579297 0.01106596796574974700 0.10698939388220261859 
0.00000000099999999997 0.00000000099999999997 0.00000000099999999997 0.00000000099999999997 0.99999999299999997593 0.00000000099999999997 0.00000000099999999997 0.00000000099999999997 
0.00000000100000000000 0.64432254110818276693 0.00000107847816050041 0.00000000100000000000 0.30218278342052456997 0.02197255158454105434 0.03134497362818235849 0.00017606978040868976 
0.02923964990352719701 0.36993668603797175143 0.05094208879476094104 0.00152541901618991971 0.48693738167159417163 0.01394495095108700018 0.04746327586965832374 0.00001054775521072442 
0.00000000099999999991 0.00000000099999999991 0.00000000099999999991 0.00000000099999999991 0.99999999300000008695 0.00000000099999999991 0.00000000099999999991 0.00000000099999999991 
0.01763418152929582816 0.49421214837986615631 0.03099505193656520302 0.00000000100000000000 0.41676955816987243386 0.03164173443600254432 0.00874732344527180856 0.00000000110312613135 
0.00000000099999999995 0.00000000099999999995 0.00000000099999999995 0.00000000099999999995 0.99999999300000008695 0.00000000099999999995 0.00000000099999999995 0.00000000099999999995 
0.00000000099999999998 0.00000000099999999998 0.00000000099999999998 0.00000000099999999998 0.99999999299999997593 0.00000000099999999998 0.00000000099999999998 0.00000000099999999998 
0.00000000099999999998 0.00000000099999999998 0.00000000099999999998 0.00000000099999999998 0.99999999300000008695 0.00000000099999999998 0.00000000099999999998 0.00000000099999999998 
0.00720026755721216161 0.40876104228979870392 0.00773126210095695984 0.00000004533287592193 0.42727571345897985555 0.00000000100000000000 0.00265677412091030801 0.14637489413926615955 
0.00000000100000000000 0.49968135762686127777 0.03735173353412053754 0.00000000100000000000 0.42318677690020706228 0.00015870389180806224 0.03962142504700305601 0.00000000100000000000 
0.00400003554935298832 0.49365996820150703783 0.04122329509029476480 0.00003352468349405644 0.41474069292125204100 0.00767678050098386227 0.02034474207306220805 0.01832096098005314699 
0.00000000100000000000 0.40086136737435812405 0.01125871048340197460 0.01874906912488685795 0.50793288151766669003 0.00168948575139926888 0.01736539378646910839 0.04214309096181795278 
0.00000000099999999997 0.00000000099999999997 0.00000000099999999997 0.00000000099999999997 0.99999999300000008695 0.00000000099999999997 0.00000000099999999997 0.00000000099999999997 
0.00000000100000000000 0.42963880745123922411 0.04570860210006178620 0.01336070162592496897 0.43782610990897657954 0.00375100667445068614 0.00000000100000000000 0.06971477023934688488 
0.01606352389996154595 0.36243562377480992298 0.00000000100000000000 0.01194030415474802570 0.47689733959238261862 0.06016995788636696901 0.01104619267191261564 0.06144705701981820201 
0.00000000100000000000 0.33563610822054973370 0.04408277034733690258 0.09376005387714365924 0.47833956387353226969 0.02619135556681401883 0.00000000428836410410 0.02199014282625935332 
0.00000000099999999999 0.83742381831132417513 0.00000000099999999999 0.00048719469300173459 0.16208898199567403631 0.00000000099999999999 0.00000000099999999999 0.00000000099999999999 
0.02867822054027267462 0.35177080902010621211 0.00697574170776008983 0.00700314543227067814 0.50046226341880262201 0.02546144937128872604 0.00000000928763139548 0.07964836122186760847 
0.00000000100000000000 0.33961344701978163352 0.07654459731624833896 0.00663313794216602998 0.48171315103673550961 0.02264499909457369856 0.03845138184914214524 0.03439928474135247466 
0.00048352116012886058 0.52272938189780571161 0.01595228765580878824 0.00000000100000000000 0.40872339207312741172 0.00000862230408736335 0.05210279290904187149 0.00000000100000000000 
0.00000021015406700137 0.29090827262004653742 0.03268088973578518047 0.04877321611069182494 0.53719594635411438421 0.01732814645572133480 0.00503228846748989857 0.06808103010208380046 
0.01515735923057291192 0.71724744615853897045 0.00000000100000000000 0.02332310645391556456 0.22727753358375182846 0.01699455157322086324 0.00000000100000000000 0.00000000100000000000 
0.00082469296311351583 0.00000000099999999998 0.00000000099999999998 0.00000000099999999998 0.99917530103688645404 0.00000000099999999998 0.00000000099999999998 0.00000000099999999998 
0.00000000099999999998 0.00000000099999999998 0.20529923303784042288 0.00000000099999999998 0.65349520148480966242 0.13101777693213123577 0.01018778454521865676 0.00000000099999999998 
0.03019012683865924737 0.52918053383206564710 0.03707754129619564298 0.00000001281044117836 0.39303108199979147619 0.00998054509579512049 0.00000000100000000000 0.00054015712705176514 
0.00505538977958497858 0.43365323948808792709 0.01545866019572788609 0.00000000100000000000 0.45247848266662504813 0.02322409279116539535 0.00000000100000000000 0.07013013307880879010 
0.05456655185432033456 0.34119102116825728022 0.07634736186616983278 0.00000000100000000000 0.39024817094642133553 0.07746508310916294660 0.00716689410250167212 0.05301491595316655536 
0.01671101414809806479 0.24163272626794157771 0.03605368665193234984 0.05530272317331486054 0.53369561670215504012 0.00000002328603770560 0.01694740227131114052 0.09965680749920935444 
0.00009092055678066213 0.00000000099999999998 0.00000000099999999998 0.00009564230984664269 0.99981343213337259268 0.00000000099999999998 0.00000000099999999998 0.00000000099999999998 
0.00000000100000000000 0.34359553440139944946 0.00000000100000000000 0.06374221368584971625 0.49962583138350868950 0.07057090217804423693 0.01998724042671528797 0.00247827592448264912 
0.00000000100000000000 0.34572743358710095185 0.00000353712910379241 0.00000000100000000000 0.50714402858185603229 0.03839197419895080954 0.01499778857279630319 0.09373523593019199296 
0.00118601882267058058 0.54847571342609879874 0.03568315174525353572 0.04375060977733925133 0.32881206842772336962 0.00000000100000000000 0.00483983959202994533 0.03725259720888449838 
0.00038544231878576119 0.57669027813875284316 0.01447109647095061284 0.00000000100000000000 0.39550293009186443527 0.01116012505581578593 0.00179012495887374400 0.00000000196495692510 
0.00000000099999999999 0.99999999300000008695 0.00000000099999999999 0.00000000099999999999 0.00000000099999999999 0.00000000099999999999 0.00000000099999999999 0.00000000099999999999 
0.00754486961743773814 0.36308289213780386984 0.02267367060075201404 0.04293971883604432577 0.44845130318080911325 0.02488564097392721719 0.01004312814524060786 0.08037877650798519458 
0.00000000100000000000 0.36577837117137379508 0.06169419710759316278 0.03322400021348698163 0.49435357333694007753 0.00003142782330053685 0.00374327531956492477 0.04117515402774041960 
0.00428683498553899481 0.41869018466455987237 0.05459442710628963080 0.02001131982083848015 0.49011012759064476185 0.00000159597673820532 0.01230537241611816095 0.00000013743927193352 
0.02493492627497863670 0.38904354044561534343 0.00000000100000000000 0.00001301351615872719 0.36291430486512094022 0.00000000100000000000 0.00000000100000000000 0.22309421189812636555 
0.00000000100000000000 0.45449226489668032025 0.23091832039522888764 0.00000000100000000000 0.09321452138691461997 0.18390415828519263153 0.00000163486963594827 0.03746909816634747675 
0.00000000099999999998 0.99999999300000019797 0.00000000099999999998 0.00000000099999999998 0.00000000099999999998 0.00000000099999999998 0.00000000099999999998 0.00000000099999999998 
0.01219877148110018114 0.77552870811649299299 0.00000000100000000000 0.00000000515080349038 0.21227251125160334633 0.00000000100000000000 0.00000000100000000000 0.00000000100000000000 
0.02082163995006739224 0.42742498083779306706 0.06427196905864396292 0.00000000100000000000 0.42614937547589543110 0.02639568726944932150 0.02470499684099865603 0.01023134956715199273 
0.01022792343691890024 0.40988318493608488780 0.00000000100000000000 0.00000000100000000000 0.46663076659339164376 0.00000000100000000000 0.01577085501058631684 0.09748726702301827030 
0.00000000128080552898 0.45414149801382408533 0.04059424861951155955 0.02026437885583979442 0.42867377467952894055 0.03388448596741609753 0.02175346852921217211 0.00068814405386191657 
0.00000781838686955453 0.71031090416434583545 0.00000000100000000000 0.09938101473183233447 0.19030025855459387074 0.00000000116235846666 0.00000000100000000000 0.00000000100000000000 
0.00000000099999999996 0.00000000099999999996 0.00000000099999999996 0.00000000099999999996 0.99999999299999997593 0.00000000099999999996 0.00000000099999999996 0.00000000099999999996 
0.00166357643723499945 0.38965784802950764742 0.03477938020656617946 0.00000000100000000000 0.49986179089373061757 0.03211235358664241146 0.00403109765655142258 0.03789395218976665536 
0.00000000099999999999 0.00000000099999999999 0.19561446028444504086 0.00000000099999999999 0.52407425660706319359 0.13430892388725529374 0.00000000099999999999 0.14600235522123661269 
0.00000000100000000000 0.27199431431887105548 0.00000000100000000000 0.05805515453740064252 0.52995387891143896919 0.09544153773676893049 0.00000009821518265807 0.04455501428033776384 
0.00000032800086835690 0.55904534448527531953 0.05115673663969583923 0.02481566363954040150 0.34660937516662787550 0.01805858935663512410 0.00000001981925334319 0.00031394289210375176 
0.00000000099999999999 0.00000000099999999999 0.00000000099999999999 0.00000000099999999999 0.99962487645074471487 0.00000000099999999999 0.00037511754925527771 0.00000000099999999999 
0.00000009711999688959 0.38159712202003120973 0.02790478233134309483 0.07446798760602929557 0.40031133364054177770 0.04084285043265947768 0.00000000241649205468 0.07487582443290624612 
0.00000000100000000000 0.60487279473751587311 0.00952610951569677657 0.00000000100000000000 0.34552236673518882393 0.04007872501159857187 0.00000000100000000000 0.00000000100000000000 
0.00000000099999999998 0.99999999300000008695 0.00000000099999999998 0.00000000099999999998 0.00000000099999999998 0.00000000099999999998 0.00000000099999999998 0.00000000099999999998 
0.00000000733315527842 0.31405029633446757131 0.05349345709956197792 0.00549635963591181987 0.49492654158718552004 0.00580034627971971490 0.01967267942021522567 0.10656031230978287028 
0.00000000100000000000 0.59815756594858615625 0.00000000147786822683 0.00000000100000000000 0.36834456340654836426 0.03012924487364150930 0.00216093232716528310 0.00120768996619036910 
0.01930257520246445035 0.38861319084444145844 0.02532661770506357615 0.00000000358115969677 0.41925272872560537252 0.03788411967240475076 0.00000000100000000000 0.10962076326886076305 
0.00329694321955290590 0.60746459256961005124 0.00313295241854061627 0.00002993073476466926 0.32492679021446058130 0.01829439582522402949 0.00035079111155603962 0.04250360390629124435 
0.00000000099999999999 0.84342190227379898460 0.00000000099999999999 0.00000000099999999999 0.14663825205972455534 0.00000000099999999999 0.00993984066647649912 0.00000000099999999999 
0.00000000100000000000 0.42394886219009869643 0.06343613317406722463 0.04716996426378512047 0.39375520973364397381 0.00528707683637294912 0.01928093117039441848 0.04712182163163763232 
0.00000000162088244341 0.81510181893899325001 0.01420702769113008253 0.00000001292895896469 0.17068148573123934075 0.00000000100000000000 0.00000965108879588890 0.00000000100000000000 
0.00459179129603991352 0.36067959528076948272 0.01029675536185727797 0.00188677201024151217 0.53084502305017500223 0.00661289201798514852 0.03914110513207331998 0.04594606585085830169 
0.00078888872624933916 0.37709939974677386676 0.01210507217075542860 0.06931714932671918794 0.45482559310547127085 0.03895584702525647924 0.04690804889877450701 0.00000000100000000000 
0.00000000100000000000 0.00000000100000000000 0.06586583818348924757 0.00000000100000000000 0.20861959455145917541 0.00487627244403228931 0.02702987343300200865 0.69360841838801734482 
0.00000000099999999999 0.00000000099999999999 0.00000000099999999999 0.00000000099999999999 0.00000000099999999999 0.00000000099999999999 0.00000000099999999999 0.99999999299999997593 
0.00000013581230365473 0.00000000100000000000 0.10290949348577523026 0.00359733478802965910 0.17481526254649235042 0.00002591194294914944 0.01468177649360874124 0.70397008393084115063 
0.00000000099999999997 0.00000000099999999997 0.00000000099999999997 0.00000000099999999997 0.00000000099999999997 0.00000000099999999997 0.00000000099999999997 0.99999999299999997593 
0.02208438829951666488 0.00000000100000000000 0.06621295717992028984 0.00854577469220930107 0.14051418921542993545 0.00014094301967570446 0.07262473790378771998 0.68987700868946044697 
0.00000000099999999998 0.00000000099999999998 0.00000000099999999998 0.00000000099999999998 0.00000000099999999998 0.00000000099999999998 0.00000000099999999998 0.99999999299999997593 
0.00000000099999999999 0.00000000099999999999 0.00000000099999999999 0.00000000099999999999 0.00000000099999999999 0.00000000099999999999 0.00000000099999999999 0.99999999299999997593 
0.00000000099999999998 0.00000000099999999998 0.00000000099999999998 0.00000000099999999998 0.00000000099999999998 0.00000000099999999998 0.00000000099999999998 0.99999999299999997593 
0.00000000099999999999 0.00000000099999999999 0.00000000099999999999 0.00000000099999999999 0.00000000099999999999 0.00000000099999999999 0.00000000099999999999 0.99999999300000008695 
0.00000000099999999998 0.00000000099999999998 0.00000000099999999998 0.00000000099999999998 0.00000000099999999998 0.00000000099999999998 0.00000000099999999998 0.99999999300000008695 
0.00000000100000000000 0.00000000100000000000 0.00000017405892999950 0.00000000100000000000 0.11260017129156126015 0.11509885696668822885 0.00000000100000000000 0.77230079368282056329 
0.00000000099999999999 0.00000000099999999999 0.00000000099999999999 0.00000000099999999999 0.00000000099999999999 0.10076924987510679776 0.00000001583760857467 0.89923072928728475794 
0.00000000099999999998 0.00000000099999999998 0.00000000099999999998 0.00000000099999999998 0.00000000099999999998 0.00000000099999999998 0.00000000099999999998 0.99999999300000008695 
0.00000000099999999998 0.00000000099999999998 0.00000045871687963302 0.00000000099999999998 0.00000000099999999998 0.00000000099999999998 0.00000000099999999998 0.99999953528312046647 
0.00000000099999999998 0.00000000099999999998 0.00000000099999999998 0.00000000099999999998 0.00000000099999999998 0.00000000099999999998 0.00000000099999999998 0.99999999300000008695 
0.00000000099999999998 0.00000000099999999998 0.00000000099999999998 0.00000000099999999998 0.00000000099999999998 0.00000000099999999998 0.00000000099999999998 0.99999999300000008695 
0.00000000099999999999 0.00000000099999999999 0.00000000099999999999 0.00000000099999999999 0.00000000099999999999 0.00000000099999999999 0.00000000099999999999 0.99999999299999997593 
0.00000000099999999998 0.00000000099999999998 0.00000000492790805875 0.00000000099999999998 0.00000000099999999998 0.00000000099999999998 0.00000000099999999998 0.99999998907209197707 
0.00000000099999999998 0.00000000099999999998 0.00000000099999999998 0.00000000099999999998 0.00000000099999999998 0.00000000099999999998 0.00000416406541801416 0.99999582993458213664 
0.01896735391124899223 0.23624315419900854263 0.06652000333402563470 0.13334255365424932394 0.07198561761443876550 0.06860029374822847192 0.00000000100000000000 0.40434102253880033206 
0.00000000099999999999 0.00000000099999999999 0.00000000099999999999 0.00000000099999999999 0.00000000099999999999 0.00000000099999999999 0.00000000099999999999 0.99999999299999997593 
0.00000000099999999996 0.00000000099999999996 0.00000000099999999996 0.00000000099999999996 0.00000000099999999996 0.00000000099999999996 0.00000000099999999996 0.99999999299999997593 
0.00000000099999999999 0.00000000099999999999 0.00000000099999999999 0.00000000099999999999 0.00000000099999999999 0.00000000099999999999 0.00000000099999999999 0.99999999300000008695 
0.00000021346696731036 0.00000000099999999999 0.00000000099999999999 0.00000000099999999999 0.00000000099999999999 0.00000000099999999999 0.00000000099999999999 0.99999978053303273384 
0.00000000099999999999 0.00000000099999999999 0.00000000099999999999 0.00000000099999999999 0.00000000099999999999 0.10279665468868696976 0.00000000099999999999 0.89720333931131313054 
0.00000000099999999999 0.00000000099999999999 0.00000000099999999999 0.00000000099999999999 0.00000000099999999999 0.14022087516469894375 0.00000000099999999999 0.85977911883530111492 
0.00000000099999999998 0.00000000099999999998 0.00000000099999999998 0.00000000099999999998 0.00000000099999999998 0.00000000099999999998 0.00000000099999999998 0.99999999299999997593 
0.00000000100000000000 0.05095051482791842362 0.00000000100000000000 0.06434226748812142682 0.00000000100000000000 0.07959462429733678290 0.02163462620512648926 0.78347796418149695530 
0.00000000099999999997 0.00000000099999999997 0.00000000099999999997 0.00000000099999999997 0.00000000099999999997 0.00000000099999999997 0.00000000099999999997 0.99999999299999997593 
0.00000005063991075982 0.08501138870519939217 0.04356246248259876969 0.00843653018750917943 0.11472113162996853963 0.06598150944270365914 0.01566937372064862097 0.66661755319146109855 
0.00000000099999999999 0.00000000099999999999 0.00000000099999999999 0.00000000099999999999 0.00000000099999999999 0.00000000099999999999 0.00000000099999999999 0.99999999300000008695 
0.00000000099999999995 0.00000000099999999995 0.00000000099999999995 0.00000000099999999995 0.00000000099999999995 0.00000000099999999995 0.99999999299999997593 0.00000000099999999995 
0.00000000099999999996 0.00000000099999999996 0.00000000099999999996 0.00000000099999999996 0.00000000099999999996 0.00000000099999999996 0.99999999299999986491 0.00000000099999999996 
0.00000000099999999994 0.00000000099999999994 0.00000000099999999994 0.00000000099999999994 0.00000000099999999994 0.00000000099999999994 0.99999999299999997593 0.00000000099999999994 
0.00000000099999999995 0.00000000099999999995 0.00000000099999999995 0.00000000099999999995 0.00000000099999999995 0.00000000099999999995 0.99999999299999997593 0.00000000099999999995 
0.00000000099999999994 0.00000000099999999994 0.00000000099999999994 0.00000000099999999994 0.00000000099999999994 0.00000000099999999994 0.99999999299999986491 0.00000000099999999994 
0.00000000099999999993 0.00000000099999999993 0.00000000099999999993 0.00000000099999999993 0.00000000099999999993 0.00000000099999999993 0.99999999299999997593 0.00000000099999999993 
0.00000000099999999994 0.00000000099999999994 0.00000000099999999994 0.00000000099999999994 0.00000000099999999994 0.00000000099999999994 0.99999999299999997593 0.00000000099999999994 
0.00000000099999999995 0.00000000099999999995 0.00000000099999999995 0.00000000099999999995 0.00000000099999999995 0.00000000099999999995 0.99999999299999986491 0.00000000099999999995 
0.00000000099999999993 0.00000000099999999993 0.00000000099999999993 0.00000000099999999993 0.00000000099999999993 0.00000000099999999993 0.99999999299999986491 0.00000000099999999993 
0.00000000099999999993 0.00000000099999999993 0.00000000099999999993 0.00000000099999999993 0.00000000099999999993 0.00000000099999999993 0.99999999299999997593 0.00000000099999999993 
0.00000000099999999994 0.00000000099999999994 0.00000000099999999994 0.00000000099999999994 0.00000000099999999994 0.00000000099999999994 0.99999999299999997593 0.00000000099999999994 
0.00000000099999999995 0.00000000099999999995 0.00000000099999999995 0.00000000099999999995 0.00000000099999999995 0.00000000099999999995 0.99999999299999986491 0.00000000099999999995 
0.00000000099999999994 0.00000000099999999994 0.00000000099999999994 0.00000000099999999994 0.00000000099999999994 0.99999999299999997593 0.00000000099999999994 0.00000000099999999994 
0.00000000099999999993 0.00000000099999999993 0.00000000099999999993 0.00000000099999999993 0.00000000099999999993 0.00000000099999999993 0.99999999299999997593 0.00000000099999999993 
0.00000000099999999994 0.00000000099999999994 0.00000000099999999994 0.00000000099999999994 0.00000000099999999994 0.00000000099999999994 0.99999999299999986491 0.00000000099999999994 
0.00000000099999999993 0.00000000099999999993 0.00000000099999999993 0.00000000099999999993 0.00000000099999999993 0.00000000099999999993 0.99999999299999986491 0.00000000099999999993 
0.00000000099999999996 0.00000000099999999996 0.00000000099999999996 0.00000000099999999996 0.00000000099999999996 0.00000000099999999996 0.99999999299999997593 0.00000000099999999996 
0.00000000099999999994 0.00000000099999999994 0.00000000099999999994 0.00000000099999999994 0.00000000099999999994 0.00000000099999999994 0.99999999299999997593 0.00000000099999999994 
0.00000000099999999993 0.00000000099999999993 0.00000000099999999993 0.00000000099999999993 0.00000000099999999993 0.00000000099999999993 0.99999999299999986491 0.00000000099999999993 
0.00000000099999999994 0.00000000099999999994 0.00000000099999999994 0.00000000099999999994 0.00000000099999999994 0.00000000099999999994 0.99999999299999986491 0.00000000099999999994 
0.00000000100000000000 0.00000000100000000000 0.23747670461599462710 0.00000000100000000000 0.00000000100000000000 0.33133424675851341767 0.43118904362549193010 0.00000000100000000000 
0.00000000099999999994 0.00000000099999999994 0.00000000099999999994 0.00000000099999999994 0.00000000099999999994 0.00000000099999999994 0.99999999299999986491 0.00000000099999999994 
0.00000000099999999999 0.00000000099999999999 0.22073647760899975379 0.00000000099999999999 0.00000000099999999999 0.28634095247858654121 0.49292256491241370764 0.00000000099999999999 
0.00000000099999999994 0.00000000099999999994 0.00000000099999999994 0.00000000099999999994 0.00000000099999999994 0.00000000099999999994 0.99999999299999986491 0.00000000099999999994 
0.00000000099999999995 0.00000000099999999995 0.00000000099999999995 0.00000000099999999995 0.00000000099999999995 0.00000000099999999995 0.99999999299999986491 0.00000000099999999995 
0.00000000099999999993 0.00000000099999999993 0.00000000099999999993 0.00000000099999999993 0.00000000099999999993 0.00000000099999999993 0.99999999299999997593 0.00000000099999999993 
0.71814460956519965418 0.00000000100000000000 0.00000000100000000000 0.20824325863944712078 0.05033195873501807721 0.00000000100000000000 0.00000000100000000000 0.02328016906033510830 
0.00000000099999999999 0.00000000099999999999 0.00000000099999999999 0.99999999300000008695 0.00000000099999999999 0.00000000099999999999 0.00000000099999999999 0.00000000099999999999 
0.00451188091389500157 0.00000000099999999999 0.00000000099999999999 0.99548811308610507531 0.00000000099999999999 0.00000000099999999999 0.00000000099999999999 0.00000000099999999999 
0.81050579857787530269 0.04985140697340306043 0.00000011831923975254 0.13964267212948189290 0.00000000100000000000 0.00000000100000000000 0.00000000100000000000 0.00000000100000000000 
0.00000001073215351122 0.00000004211493909049 0.00000000099999999999 0.99999994215290743949 0.00000000099999999999 0.00000000099999999999 0.00000000099999999999 0.00000000099999999999 
0.00000003975418847807 0.00000000099999999999 0.00000000099999999999 0.99999991413754640845 0.00000004110826521430 0.00000000099999999999 0.00000000099999999999 0.00000000099999999999 
0.00000000099999999999 0.00000000099999999999 0.00000000099999999999 0.99999999299999997593 0.00000000099999999999 0.00000000099999999999 0.00000000099999999999 0.00000000099999999999 
0.04841903824355867775 0.08187676399904648961 0.00000000099999999999 0.86970419275739496712 0.00000000099999999999 0.00000000099999999999 0.00000000099999999999 0.00000000099999999999 
0.00000000099999999998 0.00000000099999999998 0.00000000099999999998 0.99999999300000008695 0.00000000099999999998 0.00000000099999999998 0.00000000099999999998 0.00000000099999999998 
0.00000000099999999999 0.00000000099999999999 0.01070612174910367045 0.98929387225089648883 0.00000000099999999999 0.00000000099999999999 0.00000000099999999999 0.00000000099999999999 
0.04987588705369928183 0.00000000099999999999 0.00000000099999999999 0.92323414417410087918 0.02688996377219968203 0.00000000099999999999 0.00000000099999999999 0.00000000099999999999 
0.00000006970692690796 0.00232432230476428778 0.00000000100000000000 0.99767560298830892940 0.00000000100000000000 0.00000000100000000000 0.00000000100000000000 0.00000000100000000000 
0.48182581110294836479 0.06021514226677118775 0.00000000100000000000 0.38757387066979276380 0.05346706019459300518 0.00000000100000000000 0.00000000100000000000 0.01691811276589470434 
0.03474814904118706665 0.34135430574507646950 0.02325948066198975372 0.55895153892781013205 0.01340690502894269567 0.00000000100000000000 0.00000000100000000000 0.02827961859499384181 
0.02682524606706428172 0.00000000099999999999 0.00000000099999999999 0.97317474793293579083 0.00000000099999999999 0.00000000099999999999 0.00000000099999999999 0.00000000099999999999 
0.05149857156017788318 0.00000000099999999999 0.00000000099999999999 0.94850142243982216161 0.00000000099999999999 0.00000000099999999999 0.00000000099999999999 0.00000000099999999999 
0.01946674562020907218 0.00000657105509967525 0.00000000100000000000 0.96048241183557514500 0.00000001917775853388 0.00000000100000000000 0.02004424931135757176 0.00000000100000000000 
0.04536342551248106342 0.05387166242705489910 0.00000000100000000000 0.86447546497252325537 0.00000000100000000000 0.00000000100000000000 0.00000000100000000000 0.03628944308794093687 
0.99999999300000019797 0.00000000099999999995 0.00000000099999999995 0.00000000099999999995 0.00000000099999999995 0.00000000099999999995 0.00000000099999999995 0.00000000099999999995 
0.07520144861852574858 0.00000000100000000000 0.00000000100000000000 0.89160332725336033377 0.03319521912811403824 0.00000000100000000000 0.00000000100000000000 0.00000000100000000000 
0.77470901083012699839 0.00000000417198233343 0.01160110011154227502 0.13593454180972033840 0.06468173239147059772 0.00000000100000000000 0.01307360868515748328 0.00000000100000000000 
0.71231089410511061466 0.07299476665666920772 0.00000000100000000000 0.16003969577762180987 0.03976159396625825182 0.00000000100000000000 0.01454348531066220439 0.00034956218367784028 
0.00000000099999999999 0.00000000099999999999 0.00000000099999999999 0.99999999299999997593 0.00000000099999999999 0.00000000099999999999 0.00000000099999999999 0.00000000099999999999 
0.00000001469216561051 0.00000000099999999999 0.00000000099999999999 0.99999997930783446343 0.00000000099999999999 0.00000000099999999999 0.00000000099999999999 0.00000000099999999999 
0.73517168450113556943 0.02631838102162155010 0.00000000100000000000 0.18120637765131464292 0.02580006390582932629 0.03150348992009886773 0.00000000100000000000 0.00000000100000000000 
0.00009649773844713332 0.00000000099999999999 0.00000000099999999999 0.99990349626155294871 0.00000000099999999999 0.00000000099999999999 0.00000000099999999999 0.00000000099999999999 
0.00000000099999999999 0.00000000099999999999 0.00000000328776796421 0.98231043442586307712 0.00000000099999999999 0.01768955728636888158 0.00000000099999999999 0.00000000099999999999 
0.78990381601820247592 0.05357299593259026715 0.00000027731267390988 0.12547777934301987401 0.03104512839351350126 0.00000000100000000000 0.00000000100000000000 0.00000000100000000000 
0.00000002330435333817 0.00000000099999999999 0.00000000099999999999 0.99999997069564672270 0.00000000099999999999 0.00000000099999999999 0.00000000099999999999 0.00000000099999999999 
0.00000369948744238122 0.00000000099999999998 0.00000000099999999998 0.99999629451255778179 0.00000000099999999998 0.00000000099999999998 0.00000000099999999998 0.00000000099999999998 
0.74463127236159054601 0.03584456060196186677 0.03585048410143937270 0.16567430520554818352 0.00515855553807518727 0.00000000100000000000 0.00000000100000000000 0.01284082019138490724 
0.00001436353408640317 0.04781121932827259169 0.00000000099999999999 0.95217441213764109076 0.00000000099999999999 0.00000000099999999999 0.00000000099999999999 0.00000000099999999999 
0.76495064309867899510 0.02652909542777208418 0.00000000100000000000 0.18498104830525710640 0.02353920916829174356 0.00000000100000000000 0.00000000100000000000 0.00000000100000000000 
0.80045420321203408776 0.00000000100000000000 0.00000000100000000000 0.14480223022114538378 0.05473041886246441529 0.00001314370435623041 0.00000000100000000000 0.00000000100000000000 
0.76800376659290736647 0.04450657911991987015 0.00000000100000000000 0.15134487231056420464 0.03614477797660864411 0.00000000100000000000 0.00000000100000000000 0.00000000100000000000 
0.82164157137438376122 0.09575157317880325647 0.00000000100000000000 0.08259754937133113872 0.00000754597900791107 0.00000175709647400147 0.00000000100000000000 0.00000000100000000000 
0.00000000099999999998 0.00000000099999999998 0.00000000099999999998 0.99999999299999997593 0.00000000099999999998 0.00000000099999999998 0.00000000099999999998 0.00000000099999999998 
0.00000000099999999999 0.00000000099999999999 0.00000138898211819726 0.96346204674656055200 0.03653655927132130193 0.00000000099999999999 0.00000000099999999999 0.00000000099999999999 
0.07673253746651428897 0.00000029883206010738 0.00000000099999999999 0.88236013620748321440 0.04090702349394245013 0.00000000099999999999 0.00000000099999999999 0.00000000099999999999 
0.05567452125357345849 0.09727551625588048978 0.00001487511323387796 0.83674510640923538407 0.00000006826485250707 0.00000000100000000000 0.01028991070322430104 0.00000000100000000000 
0.09068381439114622800 0.02368986787105547762 0.00000000099999999999 0.88562631255991908219 0.00000000117787929122 0.00000000099999999999 0.00000000099999999999 0.00000000099999999999 
0.63756120911623948011 0.00000000100000000000 0.02234799078078379339 0.25684017786800344973 0.04110304339051821382 0.02534287103607930566 0.00000000100000000000 0.01680470580837572017 
0.00000000375951284721 0.00000000100000000000 0.01874243029646217515 0.98125739704511327766 0.00000000100000000000 0.00000000100000000000 0.00000000100000000000 0.00000016489891176765 
0.06975347494159728212 0.00000000099999999999 0.00000000099999999999 0.91588772628857462177 0.00000000099999999999 0.00000000099999999999 0.00000000099999999999 0.01435879376982833293 
0.00000003439499566160 0.00000000099999999998 0.00000000099999999998 0.99999995960500442926 0.00000000099999999998 0.00000000099999999998 0.00000000099999999998 0.00000000099999999998 
0.38052111110035302666 0.05588064617576501275 0.00000000099999999999 0.52604851861108770095 0.00000000099999999999 0.00000000099999999999 0.00000000099999999999 0.03754972011279440053 
0.52221041333946704999 0.01626063590194760239 0.02813853647425088381 0.42511765373257037748 0.00000012202177824879 0.00000000100000000000 0.00812695045967979507 0.00014568707030590962 
0.04492269705250340195 0.00090186058883395023 0.00000000099999999999 0.95417361028428171466 0.00000182807438099774 0.00000000099999999999 0.00000000099999999999 0.00000000099999999999 
0.00590403277314768219 0.00000000100000000000 0.00000000100000000000 0.99409596117186205255 0.00000000100000000000 0.00000000100000000000 0.00000000105499018169 0.00000000100000000000 
0.62479682599031116652 0.00002728370834374631 0.00000000100000000000 0.37441618991907094083 0.00075969638227415355 0.00000000100000000000 0.00000000100000000000 0.00000000100000000000 
0.68298470947820721921 0.03824718438234804563 0.02186254194222327432 0.21360266311811662576 0.02241234410469528093 0.00000032690814484696 0.01099084070444836768 0.00989938936181631625 
0.58676480683286258433 0.08551216251649547406 0.00423014274643667906 0.30643307393283453210 0.00000000670472175641 0.00000000100000000000 0.00000000182276469192 0.01705980444388426054 
0.00001923602719018233 0.00000000445012550084 0.00000000099999999999 0.99998075452268431196 0.00000000099999999999 0.00000000099999999999 0.00000000099999999999 0.00000000099999999999 
0.05245497971534913290 0.00000000099999999999 0.00000000099999999999 0.94754501428465087720 0.00000000099999999999 0.00000000099999999999 0.00000000099999999999 0.00000000099999999999 
0.07962911615619557015 0.10057319000134234965 0.00000000099999999999 0.79090911724063894805 0.00000000099999999999 0.00000000099999999999 0.00000000099999999999 0.02888857260182321751 
0.72500803721758655396 0.03550807677144924429 0.00000000100000000000 0.22742670849594473492 0.00005637855324782074 0.01200079596177168126 0.00000000100000000000 0.00000000100000000000 
0.71328277337349099696 0.00629756426564441734 0.00000000100000000000 0.24227232252092290032 0.00000000100000000000 0.03814733583994183580 0.00000000100000000000 0.00000000100000000000 
0.03185409794114022614 0.00007788261621256928 0.00000000100000000000 0.94002231748871323269 0.00000000100000000000 0.00000000100000000000 0.00000000100000000000 0.02804569795393407547 
0.00000000099999999999 0.00000002246200838670 0.00000000099999999999 0.99999997153799158323 0.00000000099999999999 0.00000000099999999999 0.00000000099999999999 0.00000000099999999999 
0.00000000099999999999 0.00000296921779663008 0.00000000099999999999 0.99999702478220331425 0.00000000099999999999 0.00000000099999999999 0.00000000099999999999 0.00000000099999999999 
0.00000000099999999999 0.00021159725516013499 0.00000003668852970575 0.99978836105631019304 0.00000000099999999999 0.00000000099999999999 0.00000000099999999999 0.00000000099999999999 
0.04692064779737024904 0.00000000099999999999 0.00000000099999999999 0.95307934620262979575 0.00000000099999999999 0.00000000099999999999 0.00000000099999999999 0.00000000099999999999 
0.04242212375772959343 0.08152402054826723976 0.00000000100000000000 0.87605225040016099225 0.00000000100000000000 0.00000000100000000000 0.00000000100000000000 0.00000160129384227247 
