0.05784219352158759264 0.03509571599875512676 0.00000000100000000000 0.03995154122529906426 0.02683075359363662135 0.72334900183081862757 0.05661624125813418534 0.06031455157176855014 
0.00000000099999999998 0.00000000099999999998 0.00000000099999999998 0.00000000099999999998 0.00000000099999999998 0.95166497309882958078 0.04833502090117039462 0.00000000099999999998 
0.00000000100000000000 0.00000000100000000000 0.13760891746418935089 0.00000000100000000000 0.00208012383725752516 0.86031091964311301457 0.00000000100000000000 0.00000003505544007067 
0.00000000100000000000 0.01793871971923200956 0.04167454390469402248 0.05906521352857471013 0.08507242452696386903 0.74044749207371440836 0.00406349171621533944 0.05173811353060577684 
0.10580605885509984654 0.01610025771517752113 0.00000000412675923173 0.06696750815176126526 0.00000011543518659198 0.73936366294559718870 0.02793058079774324645 0.04383181197267509155 
0.00000002310806402168 0.00188145608907034430 0.03065891537724407465 0.00000097731745898779 0.16677498180487054791 0.80036113205206760313 0.00000000100000000000 0.00032251325122446150 
0.10346288861674657333 0.01422845535953547180 0.00006070924727866933 0.00005519737172840978 0.07487844607123296525 0.67877506611401827730 0.00000000100000000000 0.12853923621945970157 
0.03733992248975811362 0.02671328278998621325 0.06021814616979222212 0.00000035418989870275 0.04513136319322146039 0.81075228732845994184 0.00054026867878638734 0.01930437516009689616 
0.13592203327218682629 0.05552274193355784260 0.04584430324771779364 0.00000342536227591836 0.02401366731568039398 0.73867898260530506782 0.00000199927243089823 0.00001284699084513808 
0.00005717821638917921 0.07311048418657525860 0.00000002746904109849 0.02984363621012440376 0.00000000100000000000 0.76044037931246666329 0.03853841162187734981 0.09800988198352597602 
0.15489423984058839356 0.02358311454664995671 0.02659489856732061633 0.04398828352998187391 0.00000000643294643308 0.70203308367842165438 0.04890637240409093089 0.00000000100000000000 
0.10534569830095211196 0.00209264318152328765 0.00000000100000000000 0.00095766825503095941 0.00000000199454367627 0.86644833697234824310 0.02515564842437157875 0.00000000187123018056 
0.08816116101878782030 0.00000000100000000000 0.10914247322927339567 0.00000000100000000000 0.00067109349998222879 0.79636250795393226376 0.00566276129802432016 0.00000000100000000000 
0.00000000100000000000 0.00000000100000000000 0.00000000703150049598 0.00048608652694912810 0.00000006168347109442 0.79338415637702042194 0.00000000100000000000 0.20612968538105896910 
0.01096223186173109383 0.00669615882910151033 0.00000240233410373541 0.00000019583875436678 0.18423954019673330351 0.74423175223728366134 0.05386771770229236561 0.00000000100000000000 
0.17007970247743459113 0.00000000100000000000 0.00166361628037464118 0.03755881514812159372 0.06803511817405036299 0.72266112456244535611 0.00000162135757345691 0.00000000100000000000 
0.10796759916685078062 0.04995498823181838965 0.00001665277060642852 0.04394224520941854978 0.00000000100000000000 0.79811559524594521964 0.00000291737536072520 0.00000000100000000000 
0.14311020320661788086 0.00000000100000000000 0.00000000100000000000 0.03787945460319058072 0.08238420134884814894 0.70701673548350774112 0.02952201684996567932 0.00008738650786988843 
0.09351848653311474469 0.00000001695339968785 0.00000037741906355032 0.05205339036596852431 0.00000000100000000000 0.75939672197134433507 0.09453920538186909306 0.00049180037524009532 
0.17207790791247473683 0.01514493138853887332 0.04992121246221871422 0.00000001150131021336 0.00408867488924889288 0.70436041481425948341 0.05440684603194909097 0.00000000100000000000 
0.00473702220267200810 0.00000000100000000000 0.00000000167005636388 0.06167731796824370283 0.08052056538202866098 0.76310327842888570071 0.08996179652296368290 0.00000001682514990504 
0.08641034318649047641 0.00000000198462398722 0.00420642613671521129 0.04457838774203990578 0.00000000100000000000 0.79581353596294390762 0.06899130298718660070 0.00000000100000000000 
0.10313495296921298960 0.01773862274945867123 0.00003016271380705972 0.02197957454322377324 0.10461412258933580621 0.71250849988322628725 0.03999406355173531352 0.00000000100000000000 
0.12797937949010926295 0.00000000100000000000 0.02816770908286218844 0.00000342901560396332 0.00000000100000000000 0.84383688681583612912 0.00000000100000000000 0.00001259259558845964 
0.12519431886452503377 0.00000001697830321727 0.00000000100000000000 0.03259562392703207329 0.12410090433634468621 0.69140015519820163803 0.02670897869559329257 0.00000000100000000000 
0.11826793114213138280 0.03431378496883430440 0.00001082826802604239 0.00000003860819211110 0.06143765651724998611 0.77110583304494884072 0.00020623744224829293 0.01465769000836895236 
0.14170926964423943839 0.00000035859155098280 0.00000126948783818564 0.01585020061163604221 0.12908676154001375025 0.68571172860472118238 0.02763911365129126038 0.00000129786870919313 
0.06415255685418458365 0.04098347905084091108 0.00024944535442744182 0.03737298709836421595 0.06229302672706397287 0.74527228708602755169 0.04967621682909131170 0.00000000100000000000 
0.07474911188132604689 0.00000000100000000000 0.04904073779249349535 0.02255444795736471705 0.01826301365130457086 0.75946974447045223489 0.07592293399178770552 0.00000000925527114032 
0.10594162135078191711 0.00000019590750091260 0.00475220304423880618 0.04313080883754510930 0.00004734167825505848 0.79783742683998259970 0.04829040097739943638 0.00000000136429614438 
0.07067493854733315761 0.00835904349357228897 0.07621552549665944198 0.00000000100000000000 0.08652506367836786116 0.72224840727390837714 0.03597701951015887939 0.00000000100000000000 
0.15185039473412109690 0.00000000100000000000 0.00000001935616541696 0.03517452116871332135 0.01147430629272111480 0.71945011213004028683 0.00000000100000000000 0.08205064431823884397 
0.16452995600439501711 0.01376181407305323429 0.00000021648671134999 0.07589739749548193859 0.02605197704636571035 0.69028073373154752446 0.02947790416244527520 0.00000000100000000000 
0.08667264591207725355 0.00000044169400844067 0.00000281898150223105 0.00000000100000000000 0.00000000100000000000 0.86468234740190219600 0.00000000100000000000 0.04864174301050998989 
0.02773668674963444825 0.04319972248909226265 0.06680044217540315188 0.00000205214041672710 0.00000000100000000000 0.76693060260858325616 0.00530769854103409645 0.09002279429583590065 
0.02751816383107614367 0.05828599674455241936 0.07637638246992005386 0.00010967292564889178 0.00000000100000000000 0.71304186658993817804 0.06822626196904249540 0.05644165446982179341 
0.00000000099999999998 0.00000000099999999998 0.00000000099999999998 0.00000000099999999998 0.00000000099999999998 0.96441563452978296134 0.03558435947021714590 0.00000000099999999998 
0.01058600457496520347 0.02806094136692600938 0.04145268240278500438 0.00055393473874412367 0.13015121461941386860 0.72992380636492870671 0.05927141493223694185 0.00000000100000000000 
0.00025682501829686036 0.02322469846690455517 0.00000000099999999999 0.00000000099999999999 0.00000000099999999999 0.97651847151479853615 0.00000000099999999999 0.00000000099999999999 
0.16062481177362669671 0.03014179153678142251 0.00000000241096965325 0.05261150828626000309 0.00000000100000000000 0.75662132439072016243 0.00000055960164196362 0.00000000100000000000 
0.09314432650272430614 0.00892751078123256610 0.00000000100000000000 0.03857272853420473657 0.00000000100000000000 0.81360006293735720462 0.04575441117700592558 0.00000095806747523863 
0.20092433481999935618 0.00001106165253353294 0.00000000100000000000 0.04711938804917693152 0.00000000100000000000 0.68423108652921049710 0.00000015628392840344 0.06771397066515133512 
0.00000030262186698651 0.05120722633650202221 0.00000000100000000000 0.00017162763414898337 0.11040922731114563571 0.79233071109361952189 0.04588090300271679273 0.00000000100000000000 
0.05035942408853576191 0.01752113961850145299 0.00000000100000000000 0.04561380389400255392 0.11703558438996861102 0.71037456257838493823 0.05909548343060657544 0.00000000100000000000 
0.08468026004581118149 0.01677918491981156626 0.00000000100000000000 0.00015514306956070919 0.14707355795170282131 0.72698054677743617624 0.02433130523567744730 0.00000000100000000000 
0.16701666896527636585 0.00005504965487399813 0.00000120991287920065 0.00000000100000000000 0.00000004680176353864 0.78126466811505512755 0.01564764749564741264 0.03601470805450427554 
0.10988283998751632864 0.00000000100000000000 0.00000000100000000000 0.00000000141007630465 0.08903092954726030128 0.70717633650566158465 0.05934040370414894738 0.03456948684533652644 
0.12737367465129079136 0.04258128337016918452 0.05946252501483853536 0.00002301102561555919 0.08112543558462573245 0.67314036949498756712 0.01628758734937117009 0.00000611350910149101 
0.07005501388910775895 0.00009184160450342718 0.00000011968089526502 0.00000000100000000000 0.18917946896786369537 0.66680648558295663175 0.07315355924782639130 0.00071351002684692452 
0.00000000099999999999 0.00000000099999999999 0.00000066731882976030 0.00754657154766967628 0.24236885937499311194 0.75008389775850758951 0.00000000099999999999 0.00000000099999999999 
0.14212860552998277108 0.00505327029220620835 0.01644646084515928586 0.04058198293154385849 0.06977522603766829479 0.70139484864910794926 0.02443216988921913940 0.00018743582511241471 
0.08756958137524177566 0.04461352688135784145 0.00000000100000000000 0.00000000100000000000 0.09780600467770579620 0.67426060677860122361 0.09575011246648132412 0.00000016582061206507 
0.00100638921188879330 0.05382106479885873790 0.05967047774821488543 0.00537350306587134913 0.00000000100000000000 0.79571199966741346099 0.03019972816454107728 0.05421683634321169953 
0.13608852741168020462 0.01096210600390870073 0.00221819423658063458 0.00106574941220536506 0.07345535743199313461 0.68605015831918392255 0.04733718328179219864 0.04282272390265590145 
0.00150352376555307156 0.00629196979452785379 0.08473652761353273055 0.00000000504779312479 0.16680909872260155091 0.73770208053757369004 0.00295679286304902306 0.00000000165536887615 
0.07467606971131747484 0.02790700507462051325 0.04452963013972607853 0.05886278821624062879 0.03844684618891722194 0.68794323696927717204 0.06763442269990091460 0.00000000100000000000 
0.10792034064435550300 0.07459773679656570011 0.00000000099999999999 0.00000000099999999999 0.00000000099999999999 0.51130282733752707713 0.30617909122155156920 0.00000000099999999999 
0.06367538691628436831 0.00000000100000000000 0.09519424198696106731 0.00000045438694019006 0.08840583484651412527 0.72369596668776448034 0.02901763234862596297 0.00001048182690980935 
0.12745842857981640184 0.00000013791916082938 0.00000000499994468982 0.03937209985671369372 0.06906688424350010402 0.72821782921085198570 0.03588461419001228586 0.00000000100000000000 
0.08980685870583861308 0.03829332776619567141 0.11643412094979423144 0.00010848033270914964 0.02923246570246226805 0.60359551394029942184 0.12252923160270060010 0.00000000100000000000 
0.15858825360364975365 0.01110906444357072365 0.02327209300446017246 0.01814324170007199782 0.09221451076217747345 0.64768674159034811399 0.04887982971961308404 0.00010626517610882773 
0.07059204528546882129 0.00000000100000000000 0.06918832256502396860 0.00000000100000000000 0.06570041320930855577 0.79218205109800765573 0.00000000100000000000 0.00233716484219102620 
0.09754213684311746624 0.05554423696216411604 0.00082780651274840498 0.00000000100000000000 0.00325832177948181916 0.70688831845114952213 0.00012535513713782896 0.13581382331420072118 
0.17711797514918684038 0.01918833846054062917 0.00007676065153116976 0.00450155797461825220 0.00100204020209019164 0.77783781678562724515 0.02024861839082322743 0.00002689238558242114 
0.07141927081707900860 0.01100884691931548059 0.06766930701470115495 0.00000004747944628093 0.09594979145674256693 0.69719759495588706777 0.01844637444048844929 0.03830876691633997716 
0.00887700296195744268 0.00826216641276742922 0.05751683677153261037 0.00122358670932847186 0.08190205715632399575 0.81290904898502591713 0.02930929425308651318 0.00000000674997754004 
0.05548186187360214239 0.00000000100000000000 0.00000038088239132389 0.00000000657939781000 0.00000000100000000000 0.69707313175749441303 0.00001926076092980747 0.24742535614618443862 
0.13437129334854444607 0.01836417585280934392 0.01654832588082566502 0.02045751012200743707 0.11347744207873088074 0.65438236777884717377 0.03920787966492539356 0.00319100527330968024 
0.10167418531681013394 0.00000160312105845591 0.01168267030452513518 0.00002947194804336234 0.00000000100000000000 0.70665534850426903191 0.06600347222340749442 0.11395324758188626890 
0.03794483554560688227 0.00991885940674791348 0.06970553719381898661 0.00000000100000000000 0.00029153510955371364 0.74805607985527522441 0.06184356408480531225 0.07223958780419191539 
0.26448008128198413624 0.00000000100000000000 0.07647287275850615795 0.00000000100000000000 0.00000001146595256803 0.56862169425708330994 0.00000000100000000000 0.09042533723647375177 
0.06598263465232311054 0.06281882400115203213 0.00000000100000000000 0.00492228058093763590 0.04195928673272698861 0.49784740333021409997 0.32646923381247827667 0.00000033589016775262 
0.00000000100000000000 0.00000000100000000000 0.00000000890723969910 0.07064584796545379797 0.16088585207262226517 0.76846828681527745708 0.00000000100000000000 0.00000000123940685382 
0.00000000100000000000 0.00000000100000000000 0.08056986943150819258 0.00071568068436928672 0.06550137345778409004 0.75996529764006703900 0.00000000100000000000 0.09324777578627137242 
0.06856406093468785101 0.02997325004710254051 0.00000134765849044299 0.08581179054455947974 0.00000000100000000000 0.73181252500608184874 0.08383686930515446556 0.00000015550392338635 
0.14671453936105077753 0.02115340890833273743 0.00000000100000000000 0.07420690349385011819 0.00137690103838809461 0.73371644615156672575 0.00000000100000000000 0.02283179904681153366 
0.05811642786676712857 0.03404488535648544922 0.01890399253847194205 0.00017948218134885687 0.00000152910236280504 0.71090062949454424501 0.05736983270287650954 0.12048322075714308632 
0.00000000100000000000 0.00000000100000000000 0.05124211980029514529 0.00000000100000000000 0.00000000102407512397 0.72081043019331492161 0.00000000100000000000 0.22794744498231475638 
0.00000000100000000000 0.00000000100000000000 0.00000000100000000000 0.00137098283341156326 0.00000000100000000000 0.99862899728040699365 0.00000000100000000000 0.00000001488618159767 
0.09425754358258690846 0.01648627050806626346 0.06024928994498727347 0.00341810485348825483 0.00000000100000000000 0.77372294737749569560 0.05071846165465302564 0.00114738107872264998 
0.26675317499946743505 0.02028898689702313476 0.00000000099999999999 0.00000000099999999999 0.00000000099999999999 0.39467066248980031684 0.31828717161370895239 0.00000000099999999999 
0.11601203000917902075 0.03554063778723973166 0.00000345149924887087 0.00000000100000000000 0.00000000100000000000 0.66607147284563594791 0.05622117310149681718 0.12615123275719974938 
0.04210823941675323479 0.00000049395393270067 0.04109120466863130233 0.00000000100000000000 0.00000001147187159571 0.73011983859876994352 0.05769978120927489462 0.12898042968076631198 
0.13311869018379643426 0.05222253980701793696 0.00000005495632632457 0.05963891438892815478 0.00012824488838207652 0.71571395922758551666 0.03917759554796351740 0.00000000100000000000 
0.14089056422830614768 0.00194979793721103975 0.00237438930509873726 0.00312694173911667742 0.00000000100000000000 0.63189309737275622947 0.05185497558323355627 0.16791023283427755630 
0.00075204002675957214 0.01519899271626205632 0.02956464849907999848 0.00123201461948538229 0.00000000100000000000 0.78840481761097336300 0.04251366424824040008 0.12233382127919918692 
0.00000000143334833473 0.00000000100000000000 0.00000000100000000000 0.00000000100000000000 0.25775069448540405270 0.73597028662934593779 0.00627901345190179198 0.00000000100000000000 
0.16607459384358308485 0.02230788611577394151 0.00000000100000000000 0.03679620744376769365 0.01620287697079320771 0.66942613498371983383 0.05764151793699414522 0.03155078170536806254 
0.08203541961011094619 0.00532962913154182583 0.03404744513288817526 0.00000000100000000000 0.00000000100000000000 0.75701686517213506722 0.00083439458782433448 0.12073624436549956762 
0.15905717822031345543 0.00000510140345857657 0.00000002617374433274 0.05529836569102231786 0.03634443337266783647 0.66394052901792766086 0.06078076835210899365 0.02457359776875678997 
0.06368413170063456918 0.00799807957283519937 0.03013699799292349560 0.00609029636111183686 0.16688730382045163791 0.70542382949583803953 0.01977936005620520993 0.00000000100000000000 
0.00000000100000000000 0.00488419915599444272 0.05179472886902301149 0.00000000100000000000 0.17147533408765316953 0.77184573388732946597 0.00000000100000000000 0.00000000100000000000 
0.08169858399513507674 0.02093883462461052294 0.00000000100000000000 0.02717666490857261613 0.00001169796280175358 0.67461425343967784674 0.07120045919924014588 0.12435950486996202868 
0.00000012626657015740 0.00016826540868552318 0.00000029712057623389 0.05288146081811136157 0.00000247785549772926 0.77331844830806695246 0.00000005885447927967 0.17362886536801264148 
0.10052874710227656385 0.04719319749989546453 0.00709862019471569055 0.02718336174002606784 0.00000000100000000000 0.72667545234383246200 0.01736671887004442860 0.07395390124920943331 
0.00273048155970237374 0.07239174597684215617 0.03698354039817172006 0.00000000100000000000 0.14109938541952737889 0.69776654546686189828 0.04699043615521576733 0.00203786402367860889 
0.69964908363112099376 0.03922935293351593328 0.00000025611414364035 0.00067832197356869155 0.00000000100000000000 0.17214746924771490155 0.07262563904286174765 0.01566987605707396980 
0.99999999300000008695 0.00000000099999999999 0.00000000099999999999 0.00000000099999999999 0.00000000099999999999 0.00000000099999999999 0.00000000099999999999 0.00000000099999999999 
0.70511034336953770651 0.02171899128612125862 0.03709017248660977789 0.00000000100000000000 0.00002881498355890385 0.09855236904584545321 0.12347454963348809820 0.01402475819483889850 
0.99999999300000008695 0.00000000099999999997 0.00000000099999999997 0.00000000099999999997 0.00000000099999999997 0.00000000099999999997 0.00000000099999999997 0.00000000099999999997 
0.70561971414450608275 0.06856174642839961419 0.02640070333434346717 0.00000000100000000000 0.04275515451616147822 0.08570216051052532980 0.07096051906606401505 0.00000000100000000000 
0.99999999300000019797 0.00000000099999999999 0.00000000099999999999 0.00000000099999999999 0.00000000099999999999 0.00000000099999999999 0.00000000099999999999 0.00000000099999999999 
0.99999999300000019797 0.00000000099999999999 0.00000000099999999999 0.00000000099999999999 0.00000000099999999999 0.00000000099999999999 0.00000000099999999999 0.00000000099999999999 
0.99999999300000019797 0.00000000099999999998 0.00000000099999999998 0.00000000099999999998 0.00000000099999999998 0.00000000099999999998 0.00000000099999999998 0.00000000099999999998 
0.99999999300000008695 0.00000000099999999999 0.00000000099999999999 0.00000000099999999999 0.00000000099999999999 0.00000000099999999999 0.00000000099999999999 0.00000000099999999999 
0.99998594196825363323 0.00001405203174646406 0.00000000099999999999 0.00000000099999999999 0.00000000099999999999 0.00000000099999999999 0.00000000099999999999 0.00000000099999999999 
0.99999999300000008695 0.00000000099999999999 0.00000000099999999999 0.00000000099999999999 0.00000000099999999999 0.00000000099999999999 0.00000000099999999999 0.00000000099999999999 
0.99149310867070872266 0.00849641795049638215 0.00000000099999999999 0.00000000099999999999 0.00000000099999999999 0.00000000099999999999 0.00001046837879492682 0.00000000099999999999 
0.99999999300000008695 0.00000000099999999998 0.00000000099999999998 0.00000000099999999998 0.00000000099999999998 0.00000000099999999998 0.00000000099999999998 0.00000000099999999998 
0.99328482447320920468 0.00000000099999999998 0.00000000099999999998 0.00000000099999999998 0.00000000099999999998 0.00000000099999999998 0.00671516952679098583 0.00000000099999999998 
0.99999999300000019797 0.00000000099999999998 0.00000000099999999998 0.00000000099999999998 0.00000000099999999998 0.00000000099999999998 0.00000000099999999998 0.00000000099999999998 
0.99999999300000019797 0.00000000099999999998 0.00000000099999999998 0.00000000099999999998 0.00000000099999999998 0.00000000099999999998 0.00000000099999999998 0.00000000099999999998 
0.79553493699243627013 0.02883682552550223890 0.00000000100000000000 0.00000000220183506924 0.00000000100000000000 0.00000000100000000000 0.09411132624017996828 0.08151690604004664664 
0.90897262163424596970 0.00000000099999999999 0.00000000099999999999 0.00000000099999999999 0.00000000099999999999 0.00000000099999999999 0.09102737236575410285 0.00000000099999999999 
0.96781987141142222786 0.03217968040992461726 0.00000000099999999999 0.00000000099999999999 0.00000000099999999999 0.00000000099999999999 0.00000044317865319633 0.00000000099999999999 
0.41662579167706248473 0.01413191550600906461 0.06102032377304805744 0.00000085822468094731 0.04135290923709086103 0.21806800892702241090 0.11406290032427078562 0.13473729233081541135 
0.99999999300000008695 0.00000000099999999999 0.00000000099999999999 0.00000000099999999999 0.00000000099999999999 0.00000000099999999999 0.00000000099999999999 0.00000000099999999999 
0.99999999300000008695 0.00000000099999999997 0.00000000099999999997 0.00000000099999999997 0.00000000099999999997 0.00000000099999999997 0.00000000099999999997 0.00000000099999999997 
0.99999999300000019797 0.00000000099999999999 0.00000000099999999999 0.00000000099999999999 0.00000000099999999999 0.00000000099999999999 0.00000000099999999999 0.00000000099999999999 
0.98830259642229878470 0.00000000099999999999 0.01143674644962422611 0.00026065212807717441 0.00000000099999999999 0.00000000099999999999 0.00000000099999999999 0.00000000099999999999 
0.99999999300000008695 0.00000000099999999998 0.00000000099999999998 0.00000000099999999998 0.00000000099999999998 0.00000000099999999998 0.00000000099999999998 0.00000000099999999998 
0.99999980573651503502 0.00000018826348513663 0.00000000099999999999 0.00000000099999999999 0.00000000099999999999 0.00000000099999999999 0.00000000099999999999 0.00000000099999999999 
0.99999999240704129377 0.00000000159295878688 0.00000000099999999999 0.00000000099999999999 0.00000000099999999999 0.00000000099999999999 0.00000000099999999999 0.00000000099999999999 
0.84561663589353797121 0.06027759966710660028 0.00000000100000000000 0.00000000100000000000 0.00000000100000000000 0.00000000100000000000 0.00000001898720004427 0.09410574145215552799 
0.99999999300000008695 0.00000000099999999997 0.00000000099999999997 0.00000000099999999997 0.00000000099999999997 0.00000000099999999997 0.00000000099999999997 0.00000000099999999997 
0.69840839656642550448 0.04184502531371129402 0.00000000100000000000 0.00005684149482162940 0.00000001221499997540 0.14059798543309989793 0.07529193855437783800 0.04379979942256381764 
0.99999999300000019797 0.00000000099999999999 0.00000000099999999999 0.00000000099999999999 0.00000000099999999999 0.00000000099999999999 0.00000000099999999999 0.00000000099999999999 
0.00000000099999999995 0.99999999300000019797 0.00000000099999999995 0.00000000099999999995 0.00000000099999999995 0.00000000099999999995 0.00000000099999999995 0.00000000099999999995 
0.00000000099999999995 0.99999999300000008695 0.00000000099999999995 0.00000000099999999995 0.00000000099999999995 0.00000000099999999995 0.00000000099999999995 0.00000000099999999995 
0.00000000099999999994 0.99999999300000019797 0.00000000099999999994 0.00000000099999999994 0.00000000099999999994 0.00000000099999999994 0.00000000099999999994 0.00000000099999999994 
0.00000000099999999995 0.99999999300000019797 0.00000000099999999995 0.00000000099999999995 0.00000000099999999995 0.00000000099999999995 0.00000000099999999995 0.00000000099999999995 
0.00000000099999999994 0.99999999300000019797 0.00000000099999999994 0.00000000099999999994 0.00000000099999999994 0.00000000099999999994 0.00000000099999999994 0.00000000099999999994 
0.00000000099999999993 0.99999999300000019797 0.00000000099999999993 0.00000000099999999993 0.00000000099999999993 0.00000000099999999993 0.00000000099999999993 0.00000000099999999993 
0.00000000099999999994 0.99999999300000008695 0.00000000099999999994 0.00000000099999999994 0.00000000099999999994 0.00000000099999999994 0.00000000099999999994 0.00000000099999999994 
0.00000000099999999995 0.99999999300000019797 0.00000000099999999995 0.00000000099999999995 0.00000000099999999995 0.00000000099999999995 0.00000000099999999995 0.00000000099999999995 
0.00000000099999999993 0.99999999300000019797 0.00000000099999999993 0.00000000099999999993 0.00000000099999999993 0.00000000099999999993 0.00000000099999999993 0.00000000099999999993 
0.00000000099999999993 0.99999999300000019797 0.00000000099999999993 0.00000000099999999993 0.00000000099999999993 0.00000000099999999993 0.00000000099999999993 0.00000000099999999993 
0.00000000099999999994 0.99999999300000019797 0.00000000099999999994 0.00000000099999999994 0.00000000099999999994 0.00000000099999999994 0.00000000099999999994 0.00000000099999999994 
0.00000000099999999995 0.99999999300000019797 0.00000000099999999995 0.00000000099999999995 0.00000000099999999995 0.00000000099999999995 0.00000000099999999995 0.00000000099999999995 
0.00000000099999999999 0.37612719477816680680 0.00000000099999999999 0.00000000099999999999 0.00000000099999999999 0.00000000099999999999 0.62387279922183291880 0.00000000099999999999 
0.00000000099999999993 0.99999999300000008695 0.00000000099999999993 0.00000000099999999993 0.00000000099999999993 0.00000000099999999993 0.00000000099999999993 0.00000000099999999993 
0.00000000099999999994 0.99999999300000019797 0.00000000099999999994 0.00000000099999999994 0.00000000099999999994 0.00000000099999999994 0.00000000099999999994 0.00000000099999999994 
0.00000000099999999994 0.99999999300000019797 0.00000000099999999994 0.00000000099999999994 0.00000000099999999994 0.00000000099999999994 0.00000000099999999994 0.00000000099999999994 
0.00000000099999999996 0.99999999300000019797 0.00000000099999999996 0.00000000099999999996 0.00000000099999999996 0.00000000099999999996 0.00000000099999999996 0.00000000099999999996 
0.00000000099999999994 0.99999999300000008695 0.00000000099999999994 0.00000000099999999994 0.00000000099999999994 0.00000000099999999994 0.00000000099999999994 0.00000000099999999994 
0.00000000099999999993 0.99999999300000019797 0.00000000099999999993 0.00000000099999999993 0.00000000099999999993 0.00000000099999999993 0.00000000099999999993 0.00000000099999999993 
0.00000000099999999994 0.99999999300000019797 0.00000000099999999994 0.00000000099999999994 0.00000000099999999994 0.00000000099999999994 0.00000000099999999994 0.00000000099999999994 
0.00000000099999999999 0.54520346745448533543 0.00000000099999999999 0.00000000099999999999 0.00000000099999999999 0.00000000099999999999 0.45479652654551472324 0.00000000099999999999 
0.00000000099999999994 0.99999999300000008695 0.00000000099999999994 0.00000000099999999994 0.00000000099999999994 0.00000000099999999994 0.00000000099999999994 0.00000000099999999994 
0.00000000099999999999 0.59405370837670445905 0.00000000099999999999 0.00000000099999999999 0.00000000099999999999 0.00000000099999999999 0.40594628562329576615 0.00000000099999999999 
0.00000000099999999994 0.99999999300000008695 0.00000000099999999994 0.00000000099999999994 0.00000000099999999994 0.00000000099999999994 0.00000000099999999994 0.00000000099999999994 
0.00000000099999999995 0.99999999300000019797 0.00000000099999999995 0.00000000099999999995 0.00000000099999999995 0.00000000099999999995 0.00000000099999999995 0.00000000099999999995 
0.00000000099999999992 0.99999999300000008695 0.00000000099999999992 0.00000000099999999992 0.00000000099999999992 0.00000000099999999992 0.00000000099999999992 0.00000000099999999992 
0.02882862182762087333 0.00000000100000000000 0.52949913221806199637 0.28816098263373518540 0.11348359530451235244 0.00000000100000000000 0.00000000100000000000 0.04002766501606960098 
0.00000000099999999999 0.00000000099999999999 0.00000000099999999999 0.00000000099999999999 0.32961599023279891663 0.00000000099999999999 0.00000000099999999999 0.67038400376720097551 
0.00000000099999999997 0.00000000099999999997 0.00000000099999999997 0.00000000099999999997 0.00000000099999999997 0.00000000099999999997 0.00000000099999999997 0.99999999300000008695 
0.00000000099999999999 0.00000000099999999999 0.66363709441507134912 0.24437017256318438463 0.09199272802174417174 0.00000000099999999999 0.00000000099999999999 0.00000000099999999999 
0.00000000099999999999 0.00000000099999999999 0.00000000099999999999 0.00000000099999999999 0.43730291048889674554 0.00000000099999999999 0.00000000099999999999 0.56269708351110303557 
0.00000000099999999994 0.00000000099999999994 0.00000000099999999994 0.00000000099999999994 0.99999999300000008695 0.00000000099999999994 0.00000000099999999994 0.00000000099999999994 
0.00000000099999999999 0.00000000099999999999 0.00000000099999999999 0.00000000099999999999 0.32385572361681996822 0.00000000099999999999 0.00000000099999999999 0.67614427038317981289 
0.00000000100000000000 0.00000000100000000000 0.00000000100000000000 0.03850908574444571186 0.42525069989418612382 0.00000015175215749897 0.00000000100000000000 0.53624005860921075683 
0.00000000099999999998 0.00000000099999999998 0.00000000099999999998 0.00000000099999999998 0.43645613545927636201 0.00000000099999999998 0.00000000099999999998 0.56354385854072375217 
0.00000000099999999999 0.00000000099999999999 0.00000000099999999999 0.00000000099999999999 0.43082395924244709651 0.00000000099999999999 0.00000000099999999999 0.56917603475755296216 
0.00000000099999999998 0.00000000099999999998 0.00000000099999999998 0.00000000099999999998 0.00000000099999999998 0.00000000099999999998 0.00000000099999999998 0.99999999300000008695 
0.00000000099999999999 0.00000000099999999999 0.00000000099999999999 0.00000000099999999999 0.42629235482474320262 0.00000000099999999999 0.00000000099999999999 0.57370763917525668951 
0.00000000099999999999 0.00000000099999999999 0.58097796394791278995 0.00849120812920962920 0.41053082292287745858 0.00000000099999999999 0.00000000099999999999 0.00000000099999999999 
0.02464216723737858161 0.00000000100000000000 0.09339693482562663740 0.00000000100000000000 0.33346384030557263412 0.26843463564720493331 0.00103064345675492547 0.27903177652746219417 
0.00000000099999999999 0.00000000099999999999 0.00000000099999999999 0.01825705596320630064 0.48708677187661425512 0.00000000099999999999 0.00000000099999999999 0.49465616716017940524 
0.00000000099999999997 0.00000000099999999997 0.00000000099999999997 0.00000000099999999997 0.00000000099999999997 0.00000000099999999997 0.00000000099999999997 0.99999999300000008695 
0.00000000100000000000 0.00300593806670704667 0.00000000100000000000 0.00211718984152956934 0.44218821999212643004 0.00000000214091497793 0.00000000100000000000 0.55268864695872188531 
0.00000000099999999992 0.00000000099999999992 0.00000000099999999992 0.00000000099999999992 0.99999999299999997593 0.00000000099999999992 0.00000000099999999992 0.00000000099999999992 
0.00000000099999999990 0.00000000099999999990 0.00000000099999999990 0.99999999299999997593 0.00000000099999999990 0.00000000099999999990 0.00000000099999999990 0.00000000099999999990 
0.00000000099999999999 0.00000000099999999999 0.00000906032835450461 0.03838060667820670374 0.46924483589939519623 0.00000000099999999999 0.00000000099999999999 0.49236549309404359365 
0.00000000100000000000 0.00904736747581495401 0.68028452984501130985 0.20612001093486315151 0.10453315078205585587 0.00001485748545264519 0.00000008147680211025 0.00000000100000000000 
0.00044522610401809449 0.00809792952785467167 0.60252347633759362200 0.23302967450245631875 0.10917450171879615473 0.04665881567341698816 0.00000000100000000000 0.00007037513586417468 
0.00000000099999999998 0.00000000099999999998 0.00000000099999999998 0.00000000099999999998 0.00000000099999999998 0.00000000099999999998 0.00000000099999999998 0.99999999299999997593 
0.00000000099999999998 0.00000000099999999998 0.00000000099999999998 0.00000000099999999998 0.49255570233239415190 0.00000000099999999998 0.00000000099999999998 0.50744429166760574024 
0.00441512924794210202 0.00480782730307747694 0.69503663906538248884 0.18236722438676170044 0.11334695795558184794 0.00002622004125449173 0.00000000100000000000 0.00000000100000000000 
0.00000000099999999999 0.00000000099999999999 0.00000000099999999999 0.00000000099999999999 0.41867263797777803935 0.00000000099999999999 0.00000000099999999999 0.58132735602222196380 
0.00000000099999999999 0.00000000099999999999 0.00000000099999999999 0.00000000099999999999 0.46010585032050210774 0.00000000099999999999 0.00017834843008978504 0.53971579624940801967 
0.00000000100000000000 0.00000000100000000000 0.71654732984664393225 0.22900495420364772037 0.00000003296208337385 0.00000000100000000000 0.00000000100000000000 0.05444767898762501585 
0.00000000099999999992 0.00000000099999999992 0.00000000099999999992 0.00000000099999999992 0.99999999299999997593 0.00000000099999999992 0.00000000099999999992 0.00000000099999999992 
0.00000000099999999997 0.00000000099999999997 0.00000000099999999997 0.00000000099999999997 0.00000000099999999997 0.00000000099999999997 0.00000000099999999997 0.99999999300000008695 
0.00000004541927028011 0.00000000100000000000 0.77017982250566840996 0.14390759435006436617 0.06790694745522003750 0.00000000100000000000 0.01800558726977669749 0.00000000100000000000 
0.00000000099999999999 0.00000000099999999999 0.00000000099999999999 0.00000000099999999999 0.42715664730932167981 0.00000000099999999999 0.00000000099999999999 0.57284334669067815682 
0.00000000099999999999 0.00000000099999999999 0.63666107343018563114 0.25990048212677191453 0.10327860123717681751 0.00000000099999999999 0.00000000099999999999 0.00015983920586565146 
0.00000000099999999998 0.00000000099999999998 0.99999999300000008695 0.00000000099999999998 0.00000000099999999998 0.00000000099999999998 0.00000000099999999998 0.00000000099999999998 
0.00000000099999999998 0.00000000099999999998 0.00040789044428423885 0.58441343439034476592 0.41517867016537102209 0.00000000099999999998 0.00000000099999999998 0.00000000099999999998 
0.00000000099999999999 0.00000000099999999999 0.80086268171411378880 0.19913731228588626987 0.00000000099999999999 0.00000000099999999999 0.00000000099999999999 0.00000000099999999999 
0.00000000099999999997 0.00000000099999999997 0.00000000099999999997 0.00000000099999999997 0.00000000099999999997 0.00000000099999999997 0.00000000099999999997 0.99999999299999997593 
0.00000000099999999999 0.00000000099999999999 0.00000000099999999999 0.00000000099999999999 0.48025654762889802285 0.00000000099999999999 0.00000000099999999999 0.51974344637110192480 
0.00000000099999999999 0.00000000099999999999 0.05147838241888502003 0.00000000099999999999 0.48773201081807754376 0.00000000099999999999 0.00000000099999999999 0.46078960176303757068 
0.00000000100000000000 0.00031128668498961096 0.00062646736528336174 0.01940832847050367668 0.49224568363041815156 0.01413960848538953555 0.00000000100000000000 0.47326862336341557480 
0.00000000099999999999 0.00000000099999999999 0.00043455508784415804 0.03334090433882327259 0.52926904187204937280 0.00000000099999999999 0.00000000099999999999 0.43695549470128330904 
0.01391815730895358885 0.00000000100000000000 0.57449255983669667014 0.18818165103006301297 0.08021710530563122554 0.00000000100000000000 0.04217906589264022732 0.10101145862601527969 
0.00000000099999999998 0.00000000099999999998 0.00000000099999999998 0.00000000099999999998 0.00000000099999999998 0.00000000099999999998 0.00000000099999999998 0.99999999299999997593 
0.00000000099999999999 0.00000000099999999999 0.00000000099999999999 0.03717146272151589104 0.44702259258342935677 0.00000000099999999999 0.00000000099999999999 0.51580593969505472707 
0.00000000099999999998 0.00000000099999999998 0.00000000099999999998 0.00000000099999999998 0.39311589606490909832 0.00000000099999999998 0.00000000099999999998 0.60688409793509079382 
0.03021277048435032711 0.00000000099999999999 0.23406598348125745579 0.18483578721826041114 0.27925639737007373897 0.00000000099999999999 0.00000000099999999999 0.27162905844605805816 
0.00000234623880470702 0.00757420317342205520 0.50811519668801441441 0.11479998954873993355 0.20852074440011095224 0.00000000100000000000 0.00511725637912505225 0.15587026257178285271 
0.00000000099999999999 0.00000000099999999999 0.00000000099999999999 0.01893444805000911793 0.46852232131422671957 0.00000000099999999999 0.00000000099999999999 0.51254322563576404370 
0.00000000099999999993 0.00000000099999999993 0.00000000099999999993 0.00000000099999999993 0.99999999300000008695 0.00000000099999999993 0.00000000099999999993 0.00000000099999999993 
0.00000000099999999999 0.00000000099999999999 0.50318126997625656216 0.21014368444682765547 0.11780403752461381106 0.00000000099999999999 0.00000000099999999999 0.16887100405230218159 
0.00000000099999999999 0.00000000099999999999 0.99999999299999997593 0.00000000099999999999 0.00000000099999999999 0.00000000099999999999 0.00000000099999999999 0.00000000099999999999 
0.00000000100000000000 0.00000000100000000000 0.57652225411511259789 0.13429493064460096274 0.28918281024028635873 0.00000000100000000000 0.00000000100000000000 0.00000000100000000000 
0.00000000099999999999 0.00000000099999999999 0.00000000099999999999 0.00060994605748318053 0.38740248344483346754 0.00000000099999999999 0.00000000099999999999 0.61198756549768329460 
0.00000000099999999997 0.00000000099999999997 0.00000000099999999997 0.00000000099999999997 0.00000000099999999997 0.00000000099999999997 0.00000000099999999997 0.99999999300000008695 
0.00001231581505890835 0.00000000100000000000 0.00000900206382685993 0.04658684596503416542 0.45568205198035999226 0.00000000100000000000 0.00000000100000000000 0.49770978117572012289 
0.00000000099999999999 0.00000000099999999999 0.68877688057334607308 0.18897951723196146356 0.12202230131746009956 0.00000000099999999999 0.00000000099999999999 0.00022129687723236699 
0.00000000100000000000 0.00108265095201697968 0.70027479115210600202 0.17276321892463411545 0.12539376517030859093 0.00000000100000000000 0.00000000100000000000 0.00048557080093438744 
0.00000000099999999994 0.00000000099999999994 0.00000000099999999994 0.00000000099999999994 0.99999999300000008695 0.00000000099999999994 0.00000000099999999994 0.00000000099999999994 
0.00000000099999999999 0.00000000099999999999 0.00000000099999999999 0.00000000099999999999 0.42541864938210327551 0.00000000099999999999 0.00000000099999999999 0.57458134461789667213 
0.00000000099999999999 0.00000000099999999999 0.00000000099999999999 0.00000000099999999999 0.45476553329851332474 0.00000000099999999999 0.00000000099999999999 0.54523446070148651188 
0.00000000099999999999 0.00000000099999999999 0.00000000099999999999 0.00000000099999999999 0.48943992037266492723 0.00000000099999999999 0.00000000099999999999 0.51056007362733502042 
0.00000000099999999997 0.00000000099999999997 0.00000000099999999997 0.00000000099999999997 0.00000000099999999997 0.00000000099999999997 0.00000000099999999997 0.99999999300000008695 
0.00000000099999999999 0.00000000099999999999 0.00009286055641876840 0.00003647011246216788 0.54740280784672856740 0.00000000099999999999 0.00000000099999999999 0.45246785748439055652 
