0.00000000099999999999 0.00000000099999999999 0.00000000099999999999 0.94856393988751785962 0.00000000099999999999 0.00000000099999999999 0.05143605411248221987 0.00000000099999999999 
0.00000000099999999993 0.00000000099999999993 0.00000000099999999993 0.99999999300000008695 0.00000000099999999993 0.00000000099999999993 0.00000000099999999993 0.00000000099999999993 
0.00000000099999999998 0.00000000099999999998 0.00000000099999999998 0.00000000099999999998 0.00000000099999999998 0.99999999300000008695 0.00000000099999999998 0.00000000099999999998 
0.00000000099999999998 0.00000000099999999998 0.00000000099999999998 0.00000000099999999998 0.00000000099999999998 0.99999999299999997593 0.00000000099999999998 0.00000000099999999998 
0.00000000099999999999 0.00000000099999999999 0.06702556483896005002 0.93297442916104000865 0.00000000099999999999 0.00000000099999999999 0.00000000099999999999 0.00000000099999999999 
0.00000000100000000000 0.00000000100000000000 0.00000000100000000000 0.29684756621276120470 0.02920133196038151094 0.66576259057339126635 0.00818850725346591257 0.00000000100000000000 
0.04002062153765217206 0.00000000100000000000 0.00000000100000000000 0.53566011433902793737 0.00001464255494065928 0.27077498633805413553 0.15121525319479914296 0.00231438003552593028 
0.00002205159791035591 0.00034582785069178063 0.00000000100000000000 0.47442356776389560391 0.02620894247053910664 0.48360197563408685584 0.00000000100000000000 0.01539763268287625692 
0.05648501076196278670 0.00000000102627670952 0.00000000100000000000 0.53101702425942753916 0.00980510047098637899 0.35554838426607732194 0.00000000100000000000 0.04714447721526927176 
0.00000000100000000000 0.01251552769383969255 0.02367168832502435094 0.53914056060151183125 0.00000000100000000000 0.35669403706094793272 0.01672268190754013298 0.05125550241113603633 
0.08611313390401659218 0.03310273505279152234 0.00545425638761388651 0.58117466517474236642 0.04166895546049810550 0.23362052071169456258 0.00000000100000000000 0.01886573230864311071 
0.03126439699111275422 0.02053056230734536663 0.00000000100000000000 0.55285018418679687802 0.00000000100000000000 0.39214198196064808943 0.00000000100000000000 0.00321287155409702083 
0.01083149198523048959 0.00747848282977570025 0.00000000099999999999 0.52800856517437688709 0.05871142526460640387 0.39497003174601058584 0.00000000099999999999 0.00000000099999999999 
0.00000000099999999998 0.00000000099999999998 0.00000000099999999998 0.00000000099999999998 0.00000000099999999998 0.99999999299999997593 0.00000000099999999998 0.00000000099999999998 
0.00000010878115357613 0.04490119120348280007 0.00259427256739843022 0.37171449887911328647 0.00000419616954921939 0.54795528591247133487 0.03280214785920874954 0.00002829862762262711 
0.08401432231119530802 0.00000000100000000000 0.00000000100000000000 0.56485172441787256936 0.06276957856008262560 0.28828744510499287879 0.00007692660585655519 0.00000000100000000000 
0.00000000099999999998 0.00000000099999999998 0.00000000099999999998 0.99999999300000008695 0.00000000099999999998 0.00000000099999999998 0.00000000099999999998 0.00000000099999999998 
0.08333457564135969553 0.01247503134662108527 0.01144631437338074556 0.50916302994375683966 0.00000000100000000000 0.37042574996475718940 0.01315529673012462430 0.00000000100000000000 
0.02156932043378269326 0.08512604438171865462 0.01941105657302920687 0.53316369277632258417 0.00000000100000000000 0.34072988283514693553 0.00000000100000000000 0.00000000100000000000 
0.00000000099999999999 0.00000000099999999999 0.00000000099999999999 0.99999999299999997593 0.00000000099999999999 0.00000000099999999999 0.00000000099999999999 0.00000000099999999999 
0.00000000100000000000 0.04519755489275063126 0.04080069463628027693 0.53343706275168267794 0.00000000100000000000 0.38037116833569362129 0.00019351638359290575 0.00000000100000000000 
0.00000000099999999998 0.00000000099999999998 0.00000000099999999998 0.99999999300000008695 0.00000000099999999998 0.00000000099999999998 0.00000000099999999998 0.00000000099999999998 
0.05038717693133370340 0.02892965673065456961 0.01550524570233361224 0.50673548297393888884 0.00000000100000000000 0.38970359788780017940 0.00000001954917510522 0.00873881922476405296 
0.00000000099999999997 0.00000000099999999997 0.00000000099999999997 0.99999999299999997593 0.00000000099999999997 0.00000000099999999997 0.00000000099999999997 0.00000000099999999997 
0.07606305375519785417 0.00669089551144028995 0.01526565738564822187 0.48718654915185893861 0.00050507176982576959 0.38571264845281494349 0.02857612297321395281 0.00000000100000000000 
0.05985018958342840784 0.00000000100000000000 0.00000000100000000000 0.49051499707991680355 0.00000000100000000000 0.42083040474539434861 0.00000000193300814937 0.02880440365825210139 
0.00000000099999999999 0.00000000099999999999 0.00000000099999999999 0.94154080468437073570 0.00000000099999999999 0.00000000099999999999 0.05845918931562912174 0.00000000099999999999 
0.00000000099999999999 0.00000000099999999999 0.00000000099999999999 0.99999999300000008695 0.00000000099999999999 0.00000000099999999999 0.00000000099999999999 0.00000000099999999999 
0.00033984958074110471 0.05956174481507736651 0.00000000100000000000 0.56052668645724257335 0.04991180669125418884 0.32965990945568479642 0.00000000100000000000 0.00000000100000000000 
0.00000000099999999999 0.00000000099999999999 0.00000000099999999999 0.99999999299999997593 0.00000000099999999999 0.00000000099999999999 0.00000000099999999999 0.00000000099999999999 
0.01330458195489152111 0.02599714914437288582 0.00000000100000000000 0.47827919574763211319 0.06025299552521974633 0.41780950645630005047 0.00000000100000000000 0.00435656917158382378 
0.11727113226135475743 0.00000000099999999999 0.00675481403485274877 0.34242236939947312546 0.00000000099999999999 0.53265808043460016741 0.00089360086971904064 0.00000000099999999999 
0.10483060704107156902 0.00000086875389534266 0.01143097195365500723 0.57978208244058115906 0.06306108242316142698 0.23178907254639738444 0.00000000100000000000 0.00910531384123816796 
0.00000000100000000000 0.00000000100000000000 0.00000000100000000000 0.71723467232190152298 0.00000000100000000000 0.28276531995896381222 0.00000000271913447202 0.00000000100000000000 
0.00324059993751016438 0.00440050602298483560 0.00248719731642252188 0.31110273530947679665 0.00000000100000000000 0.64235646375448973711 0.00000000100000000000 0.03641249565911593850 
0.00000001128242243969 0.04294776225874786385 0.00000000100000000000 0.56506061393779138946 0.07363858326162234236 0.27380531985791395355 0.00024939530125035411 0.04429831310025143798 
0.00000000099999999993 0.00000000099999999993 0.00000000099999999993 0.99999999299999997593 0.00000000099999999993 0.00000000099999999993 0.00000000099999999993 0.00000000099999999993 
0.00000000100000000000 0.03698820235517158439 0.01487236753114948642 0.46279412686556764545 0.02339474332711212468 0.44559604459210444549 0.00000000100000000000 0.01635451332889471115 
0.00143755447953272317 0.00000000099999999999 0.00000000099999999999 0.54067583035729804841 0.00000000099999999999 0.44982521052222368407 0.00000000099999999999 0.00806140064094579278 
0.00000000099999999998 0.00000000099999999998 0.00000000099999999998 0.99999999300000008695 0.00000000099999999998 0.00000000099999999998 0.00000000099999999998 0.00000000099999999998 
0.00000000099999999998 0.00000000099999999998 0.00000000099999999998 0.99999999299999997593 0.00000000099999999998 0.00000000099999999998 0.00000000099999999998 0.00000000099999999998 
0.14347807057917155715 0.00000000100000000000 0.03431479969825811799 0.47344789332012360283 0.00000000100000000000 0.34813555334031848210 0.00062368006212828488 0.00000000100000000000 
0.00000000100000000000 0.02326121069903180905 0.00000000100000000000 0.44817327736180118114 0.00000000100000000000 0.49183949384761382895 0.00000000100000000000 0.03672601409155321073 
0.00543392359568907034 0.04322116151912924059 0.02381237861840755990 0.45688701546462917591 0.00000000100000000000 0.44359564832204301243 0.00869883384605585862 0.01835103763404613911 
0.00000000402359230595 0.00000000221125396850 0.00000000100000000000 0.62089762906135192999 0.00000000100000000000 0.31460766343185897487 0.06449469501858047515 0.00000000425336246234 
0.00000000099999999998 0.00000000099999999998 0.00000000099999999998 0.99999999299999997593 0.00000000099999999998 0.00000000099999999998 0.00000000099999999998 0.00000000099999999998 
0.06380574312101451595 0.03861548853535562431 0.00000000100000000000 0.46816156083402865606 0.00000000100000000000 0.39578343555486678040 0.03363376895473450812 0.00000000100000000000 
0.06913953073263566507 0.00012612175619967838 0.00000000100000000000 0.52080602887281313151 0.04540851198233043784 0.30989302777049659854 0.01565470015825555852 0.03897207772726903746 
0.01617212567669774892 0.05566971419796912929 0.00000000100000000000 0.50641381336182378359 0.00000000147587350920 0.31159223630987070708 0.10957008058724515553 0.00058202739051992655 
0.00000000099999999998 0.00000000099999999998 0.00000000099999999998 0.00000000099999999998 0.00000000099999999998 0.99999999300000008695 0.00000000099999999998 0.00000000099999999998 
0.08402550465151874259 0.00000008228897449666 0.01751804624494092411 0.57597136292250494805 0.02718746664882750949 0.27797738161143631386 0.01731970905325083340 0.00000044657854628981 
0.01819599612385062667 0.08215503090183449986 0.00000000100000000000 0.57662043671379925591 0.00000000100000000000 0.25067912666818836787 0.03338176284650868492 0.03896764474581852766 
0.00000000100000000000 0.00603168885800583598 0.01268069051166302065 0.47246267336241132284 0.00000229440177659946 0.46910032273433566186 0.00000000100000000000 0.03972232813180748279 
0.00000000099999999999 0.00000000099999999999 0.00000000099999999999 0.99999999299999997593 0.00000000099999999999 0.00000000099999999999 0.00000000099999999999 0.00000000099999999999 
0.00000000631433622336 0.00000069427413733421 0.00000000100000000000 0.22697790995498592914 0.04437602767273703119 0.68996042080898911664 0.03706759431907021007 0.00161734565574411229 
0.00000000100000000000 0.00001013110024638989 0.00000000100000000000 0.83292913351036435010 0.14885467595123247353 0.00000000100000000000 0.00000000100000000000 0.01820605543815685332 
0.00000000099999999998 0.26839554391662068245 0.00000000099999999998 0.68902689814914852562 0.00000000099999999998 0.00000000099999999998 0.00000000099999999998 0.04257755293423089171 
0.01976037922557532731 0.01889276302707183428 0.00000000100000000000 0.42556702293007492299 0.08311647844650092709 0.45266335337077701073 0.00000000100000000000 0.00000000100000000000 
0.07411786223680522090 0.01345810252931902394 0.01735929771626171583 0.51508494554290840117 0.00001351858797643528 0.37996627138672905977 0.00000000100000000000 0.00000000100000000000 
0.04036855353520057282 0.10806278403100375018 0.00000000100000000000 0.45207588952035593355 0.10911188845845957995 0.25252820395444042223 0.00000000100000000000 0.03785267850053971456 
0.10016884672663896316 0.03033436609267345374 0.00000000100000000000 0.57218221542368108423 0.04802565039077978659 0.19898973253227550395 0.04902148813513433623 0.00127769969881682058 
0.03249047670765329437 0.00000000100000000000 0.00000000100000000000 0.42266524400262678318 0.03292637633815728715 0.51191789895156258883 0.00000000100000000000 0.00000000100000000000 
0.03659353231881497942 0.00000000100000000000 0.00000000100000000000 0.51800781425306774430 0.00000000100000000000 0.32217093713481137485 0.07890386320451910074 0.04432385008878688554 
0.00000000099999999999 0.00000000099999999999 0.00000000099999999999 0.99999999300000008695 0.00000000099999999999 0.00000000099999999999 0.00000000099999999999 0.00000000099999999999 
0.03924036581773997223 0.01197211096883987747 0.00000000100000000000 0.36156063755784673130 0.03975707628519083159 0.49927429334688877560 0.04114663534901094599 0.00704887967448286634 
0.00000000100000000000 0.01024412984330533467 0.01129305207072425071 0.40597455991093894800 0.00000104423872030752 0.56839346374858346067 0.00000000100000000000 0.00409374818772755087 
0.00000000099999999999 0.00000000099999999999 0.00000000099999999999 0.00000000099999999999 0.00000000099999999999 0.99999999299999997593 0.00000000099999999999 0.00000000099999999999 
0.07667725489928305105 0.02190780237023142590 0.02117371168935747866 0.50571248013784075859 0.00000007704705458062 0.30181367520169172236 0.05727963528362368245 0.01543536337091729917 
0.03312366898694096146 0.04998056914401310946 0.00005005678485512190 0.55378869263676755441 0.00001332720627133335 0.30407608006472319762 0.05896760417642867014 0.00000000100000000000 
0.00000000099999999999 0.00000000099999999999 0.00000000099999999999 0.87155256369519973347 0.12841370010543121105 0.00000041724341816316 0.00003331495595088592 0.00000000099999999999 
0.21888349152064556780 0.00000000100000000000 0.00000000100000000000 0.38654024944366638383 0.05726752421247766761 0.32218325268285341600 0.01512547914035702878 0.00000000100000000000 
0.04720780132270870760 0.34598224968381896538 0.00000000100000000000 0.04599489476279910311 0.00000000100000000000 0.49433296505336532523 0.00000000100000000000 0.06648208617730792802 
0.00000000099999999998 0.00000000099999999998 0.00000000099999999998 0.00000000099999999998 0.00000000099999999998 0.99999999300000008695 0.00000000099999999998 0.00000000099999999998 
0.00000000099999999998 0.00000000099999999998 0.00000000099999999998 0.00000000099999999998 0.00000000099999999998 0.99999999300000008695 0.00000000099999999998 0.00000000099999999998 
0.00054931655621103274 0.07000519448711786663 0.04280836961518062755 0.50947086309611155919 0.00000000100000000000 0.35143078055765364365 0.00000000100000000000 0.02573547368772534025 
0.08110480153872816345 0.00000000100000000000 0.04127666651641634377 0.54588051558933003982 0.00000000100000000000 0.32522207634993433034 0.00000000100000000000 0.00651593700559121788 
0.01353187784632012627 0.04374562911952338540 0.00236300827978644943 0.46768092367987751379 0.00000000100000000000 0.40875847228555978186 0.03763581321969539095 0.02628427456923742439 
0.00000000100000000000 0.00000000100000000000 0.00000000100000000000 0.19661094152583025174 0.02927040804170549099 0.65343039406439107353 0.12068825236807317891 0.00000000100000000000 
0.00000000099999999999 0.00000000099999999999 0.00029851795494885517 0.52518393047396105811 0.00000000099999999999 0.47451754657109002089 0.00000000099999999999 0.00000000099999999999 
0.01576056582248363744 0.04548908737529471641 0.02015435449469074949 0.56272420885090135290 0.00000000100000000000 0.34285572731771052357 0.00000000100000000000 0.01301605413891920686 
0.14227380637516565121 0.29566145027999135575 0.00000000099999999998 0.56136227528938531517 0.00000000099999999998 0.00000000099999999998 0.00000000099999999998 0.00070246405545773473 
0.05122206871596940436 0.04099646644977955612 0.00000000100000000000 0.59379838625264047547 0.00000000100000000000 0.20762591299882976470 0.08060711092472117034 0.02575005265805982782 
0.01310994748274871280 0.04844892629606982470 0.00000001064421541001 0.36737970614224513266 0.00136585546052943058 0.52520767544195268162 0.04448787753223881064 0.00000000100000000000 
0.00000000099999999999 0.00000000099999999999 0.00073107449025853458 0.99920506871606107335 0.00000000099999999999 0.00000000099999999999 0.00000000099999999999 0.00006385179368052082 
0.08925942031865592707 0.04552804009804248264 0.00006472067344305534 0.41280523052488388158 0.00000000818886730132 0.36475705160986737763 0.08758402417020090536 0.00000150441603914381 
0.00000000100000000000 0.03651366965531728515 0.00000000100000000000 0.34479754702489889828 0.00000000133203238967 0.61868835552803658206 0.00000000718123450073 0.00000041727848044660 
0.00000000099999999998 0.00000000099999999998 0.00000000099999999998 0.00000000099999999998 0.00000000099999999998 0.99999999300000008695 0.00000000099999999998 0.00000000099999999998 
0.08785666791491029970 0.04529693924639079800 0.01754362926470036041 0.60024581123900633273 0.00000000100000000000 0.20361812531361286882 0.02761605566740021542 0.01782277035397920872 
0.04189240628714462761 0.00000000100000000000 0.00008533321051577096 0.39089553936646859178 0.00000297075020985991 0.55493845764787230745 0.01218529073778896327 0.00000000100000000000 
0.10603022504762425748 0.04749594343315938216 0.03908320170518095327 0.45375070576870535355 0.00000000100000000000 0.35363988449537342440 0.00000003754995647102 0.00000000100000000000 
0.03816476123604288506 0.00996743992951541237 0.01687803523547518059 0.33254808203316654769 0.00001179795449930790 0.58787859904942207923 0.01119730184663997492 0.00335398271523864363 
0.00000000099999999998 0.00000000099999999998 0.00000000099999999998 0.00000000099999999998 0.00000000099999999998 0.99999999300000008695 0.00000000099999999998 0.00000000099999999998 
0.03069585768611509530 0.05825735708200847213 0.00000000100000000000 0.46202366804183442328 0.00000000100000000000 0.35731798576407991508 0.07320174644425872512 0.01850338298170339096 
0.00000000099999999999 0.00000000099999999999 0.00000000099999999999 0.00000000099999999999 0.00000000099999999999 0.99999999299999997593 0.00000000099999999999 0.00000000099999999999 
0.01908944035273122883 0.00423320584389634026 0.00000000100000000000 0.61932737698969808626 0.04061722140483274568 0.27375817548829556314 0.00336284991878800076 0.03961172900175793932 
0.00000000100000000000 0.01539104470729963856 0.00000000100000000000 0.51360368871349715292 0.02375146895206622921 0.31055372829086252962 0.07726247199921809639 0.05943759533705634396 
0.68861924938804441876 0.05684744859325194938 0.00000000100000000000 0.22533612863450649955 0.00000000100000000000 0.00000000100000000000 0.00000000100000000000 0.02919716938419726973 
0.99999999300000019797 0.00000000099999999999 0.00000000099999999999 0.00000000099999999999 0.00000000099999999999 0.00000000099999999999 0.00000000099999999999 0.00000000099999999999 
0.69066887628518902620 0.10167026296865996904 0.00000000100000000000 0.17148422713843658460 0.01628581242432283402 0.00000000100000000000 0.00069557805569353374 0.01919524112769793733 
0.99999999300000008695 0.00000000099999999998 0.00000000099999999998 0.00000000099999999998 0.00000000099999999998 0.00000000099999999998 0.00000000099999999998 0.00000000099999999998 
0.68581449717890741180 0.06543453979547023125 0.00000000100000000000 0.13307029157548766474 0.04746511565012875161 0.00001835370905375695 0.00000776676807946985 0.06818943432287270789 
0.99999999300000008695 0.00000000099999999999 0.00000000099999999999 0.00000000099999999999 0.00000000099999999999 0.00000000099999999999 0.00000000099999999999 0.00000000099999999999 
0.99999999300000019797 0.00000000099999999999 0.00000000099999999999 0.00000000099999999999 0.00000000099999999999 0.00000000099999999999 0.00000000099999999999 0.00000000099999999999 
0.99999999300000008695 0.00000000099999999998 0.00000000099999999998 0.00000000099999999998 0.00000000099999999998 0.00000000099999999998 0.00000000099999999998 0.00000000099999999998 
0.99999999300000008695 0.00000000099999999999 0.00000000099999999999 0.00000000099999999999 0.00000000099999999999 0.00000000099999999999 0.00000000099999999999 0.00000000099999999999 
0.99999999300000008695 0.00000000099999999998 0.00000000099999999998 0.00000000099999999998 0.00000000099999999998 0.00000000099999999998 0.00000000099999999998 0.00000000099999999998 
0.99999999300000008695 0.00000000099999999999 0.00000000099999999999 0.00000000099999999999 0.00000000099999999999 0.00000000099999999999 0.00000000099999999999 0.00000000099999999999 
0.99477838488299286102 0.00000000099999999999 0.00000000099999999999 0.00000000099999999999 0.00000000099999999999 0.00000000099999999999 0.00000000099999999999 0.00522160911700723582 
0.99999999300000008695 0.00000000099999999998 0.00000000099999999998 0.00000000099999999998 0.00000000099999999998 0.00000000099999999998 0.00000000099999999998 0.00000000099999999998 
0.99996484683468622734 0.00003514716531377696 0.00000000099999999998 0.00000000099999999998 0.00000000099999999998 0.00000000099999999998 0.00000000099999999998 0.00000000099999999998 
0.99999999300000008695 0.00000000099999999998 0.00000000099999999998 0.00000000099999999998 0.00000000099999999998 0.00000000099999999998 0.00000000099999999998 0.00000000099999999998 
0.99999999300000008695 0.00000000099999999998 0.00000000099999999998 0.00000000099999999998 0.00000000099999999998 0.00000000099999999998 0.00000000099999999998 0.00000000099999999998 
0.99999999300000019797 0.00000000099999999999 0.00000000099999999999 0.00000000099999999999 0.00000000099999999999 0.00000000099999999999 0.00000000099999999999 0.00000000099999999999 
0.89202690609590462589 0.10797308790409552992 0.00000000099999999999 0.00000000099999999999 0.00000000099999999999 0.00000000099999999999 0.00000000099999999999 0.00000000099999999999 
0.95818661329541554572 0.00000000099999999999 0.00000000099999999999 0.00000000099999999999 0.00000000099999999999 0.00000000099999999999 0.00000000099999999999 0.04181338070458470030 
0.41581718484023288962 0.11432712499874364553 0.00000010837532047224 0.07108637167847345339 0.04139442712036652677 0.22594834155007967325 0.12358667094798887753 0.00783977048879445741 
0.99999999300000019797 0.00000000099999999999 0.00000000099999999999 0.00000000099999999999 0.00000000099999999999 0.00000000099999999999 0.00000000099999999999 0.00000000099999999999 
0.99999999300000019797 0.00000000099999999997 0.00000000099999999997 0.00000000099999999997 0.00000000099999999997 0.00000000099999999997 0.00000000099999999997 0.00000000099999999997 
0.99999999300000008695 0.00000000099999999999 0.00000000099999999999 0.00000000099999999999 0.00000000099999999999 0.00000000099999999999 0.00000000099999999999 0.00000000099999999999 
0.98652985533301629228 0.00000000099999999999 0.01346969677382203398 0.00000000099999999999 0.00000044289316174088 0.00000000099999999999 0.00000000099999999999 0.00000000099999999999 
0.99999999300000019797 0.00000000099999999998 0.00000000099999999998 0.00000000099999999998 0.00000000099999999998 0.00000000099999999998 0.00000000099999999998 0.00000000099999999998 
0.99999999300000008695 0.00000000099999999999 0.00000000099999999999 0.00000000099999999999 0.00000000099999999999 0.00000000099999999999 0.00000000099999999999 0.00000000099999999999 
0.99999999300000008695 0.00000000099999999999 0.00000000099999999999 0.00000000099999999999 0.00000000099999999999 0.00000000099999999999 0.00000000099999999999 0.00000000099999999999 
0.99999974270184299741 0.00000000099999999999 0.00000000099999999999 0.00000000099999999999 0.00000000099999999999 0.00000000099999999999 0.00000025129815721399 0.00000000099999999999 
0.99999999300000019797 0.00000000099999999997 0.00000000099999999997 0.00000000099999999997 0.00000000099999999997 0.00000000099999999997 0.00000000099999999997 0.00000000099999999997 
0.68002123442570328038 0.06925975581016581561 0.00000000100000000000 0.12121109396352068577 0.00007547355425219205 0.07754316944135626610 0.01128678500885487400 0.04060248679614691242 
0.99999999300000008695 0.00000000099999999999 0.00000000099999999999 0.00000000099999999999 0.00000000099999999999 0.00000000099999999999 0.00000000099999999999 0.00000000099999999999 
0.13692506038449561712 0.00000000099999999996 0.00000000099999999996 0.00000000099999999996 0.00000000099999999996 0.00000000099999999996 0.00000000099999999996 0.86307493361550446931 
0.00000000099999999995 0.00000000099999999995 0.00000000099999999995 0.00000000099999999995 0.00000000099999999995 0.00000000099999999995 0.00000000099999999995 0.99999999300000008695 
0.00000000099999999995 0.00000000099999999995 0.00000000099999999995 0.00000000099999999995 0.00000000099999999995 0.00000000099999999995 0.00000000099999999995 0.99999999300000008695 
0.00000000099999999995 0.00000000099999999995 0.00000000099999999995 0.00000000099999999995 0.00000000099999999995 0.00000000099999999995 0.00000000099999999995 0.99999999300000008695 
0.00000000099999999994 0.00000000099999999994 0.00000000099999999994 0.00000000099999999994 0.00000000099999999994 0.00000000099999999994 0.00000000099999999994 0.99999999300000008695 
0.00000000099999999993 0.00000000099999999993 0.00000000099999999993 0.00000000099999999993 0.00000000099999999993 0.00000000099999999993 0.00000000099999999993 0.99999999299999997593 
0.00000000099999999994 0.00000000099999999994 0.00000000099999999994 0.00000000099999999994 0.00000000099999999994 0.00000000099999999994 0.00000000099999999994 0.99999999300000008695 
0.00000000099999999995 0.00000000099999999995 0.00000000099999999995 0.00000000099999999995 0.00000000099999999995 0.00000000099999999995 0.00000000099999999995 0.99999999299999997593 
0.00000000099999999993 0.00000000099999999993 0.00000000099999999993 0.00000000099999999993 0.00000000099999999993 0.00000000099999999993 0.00000000099999999993 0.99999999299999997593 
0.00000000099999999993 0.00000000099999999993 0.00000000099999999993 0.00000000099999999993 0.00000000099999999993 0.00000000099999999993 0.00000000099999999993 0.99999999300000008695 
0.00000000099999999994 0.00000000099999999994 0.00000000099999999994 0.00000000099999999994 0.00000000099999999994 0.00000000099999999994 0.00000000099999999994 0.99999999299999997593 
0.00000000099999999995 0.00000000099999999995 0.00000000099999999995 0.00000000099999999995 0.00000000099999999995 0.00000000099999999995 0.00000000099999999995 0.99999999299999997593 
0.00000000099999999999 0.62140618422825133482 0.00000000099999999999 0.00000000099999999999 0.00000000099999999999 0.00000000099999999999 0.00000000099999999999 0.37859380977174883487 
0.00000000099999999993 0.00000000099999999993 0.00000000099999999993 0.00000000099999999993 0.00000000099999999993 0.00000000099999999993 0.00000000099999999993 0.99999999300000008695 
0.00000000099999999994 0.00000000099999999994 0.00000000099999999994 0.00000000099999999994 0.00000000099999999994 0.00000000099999999994 0.00000000099999999994 0.99999999300000008695 
0.00000000099999999994 0.00000000099999999994 0.00000000099999999994 0.00000000099999999994 0.00000000099999999994 0.00000000099999999994 0.00000000099999999994 0.99999999300000008695 
0.00000000099999999996 0.00000000099999999996 0.00000000099999999996 0.00000000099999999996 0.00000000099999999996 0.00000000099999999996 0.00000000099999999996 0.99999999300000008695 
0.00000000099999999994 0.00000000099999999994 0.00000000099999999994 0.00000000099999999994 0.00000000099999999994 0.00000000099999999994 0.00000000099999999994 0.99999999299999997593 
0.00000000099999999993 0.00000000099999999993 0.00000000099999999993 0.00000000099999999993 0.00000000099999999993 0.00000000099999999993 0.00000000099999999993 0.99999999299999997593 
0.00000000099999999994 0.00000000099999999994 0.00000000099999999994 0.00000000099999999994 0.00000000099999999994 0.00000000099999999994 0.00000000099999999994 0.99999999300000008695 
0.00000000099999999999 0.45322240712942174490 0.00000000099999999999 0.00000000099999999999 0.00000000099999999999 0.00000000099999999999 0.00000000099999999999 0.54677758687057809173 
0.00000000099999999994 0.00000000099999999994 0.00000000099999999994 0.00000000099999999994 0.00000000099999999994 0.00000000099999999994 0.00000000099999999994 0.99999999300000008695 
0.00000000099999999999 0.40486372809788201410 0.00000000099999999999 0.00000000099999999999 0.00000000099999999999 0.00000000099999999999 0.00000000099999999999 0.59513626590211776701 
0.00000000099999999994 0.00000000099999999994 0.00000000099999999994 0.00000000099999999994 0.00000000099999999994 0.00000000099999999994 0.00000000099999999994 0.99999999300000008695 
0.00000000099999999995 0.00000000099999999995 0.00000000099999999995 0.00000000099999999995 0.00000000099999999995 0.00000000099999999995 0.00000000099999999995 0.99999999299999997593 
0.00000000099999999992 0.00000000099999999992 0.00000000099999999992 0.00000000099999999992 0.00000000099999999992 0.00000000099999999992 0.00000000099999999992 0.99999999299999997593 
0.00593312233981046523 0.00000000100000000000 0.29773703324273881332 0.03667362256068476545 0.53601362568834376443 0.00000000100000000000 0.12364259316842229897 0.00000000100000000000 
0.00000000099999999999 0.00000000099999999999 0.00000000099999999999 0.00000000099999999999 0.00000000099999999999 0.00000000099999999999 0.99999999299999997593 0.00000000099999999999 
0.00000000099999999999 0.00000000099999999999 0.00000000099999999999 0.00000000099999999999 0.04601184306427327092 0.00000000099999999999 0.95398815093572675305 0.00000000099999999999 
0.00000000099999999999 0.00000000099999999999 0.28233441890772464911 0.00000000099999999999 0.71323928500113098483 0.00000000099999999999 0.00442629109114422038 0.00000000099999999999 
0.00000000099999999999 0.00000000099999999999 0.01476058115407449974 0.00000000099999999999 0.00000000158576368651 0.00000000099999999999 0.98523941226016176209 0.00000000099999999999 
0.00000000099999999999 0.00000000099999999999 0.00000000099999999999 0.00002007208560351222 0.05941408789993355560 0.00000000099999999999 0.94056583501446289208 0.00000000099999999999 
0.00000000099999999999 0.00000000099999999999 0.00000000099999999999 0.00000000099999999999 0.00045243034010767767 0.00000000099999999999 0.99954756365989227973 0.00000000099999999999 
0.00000000099999999999 0.00000000099999999999 0.04778192102966385274 0.00000000099999999999 0.01356478424317607116 0.07841898247979212089 0.86023430824736790701 0.00000000099999999999 
0.00000000099999999999 0.00000000099999999999 0.00000000099999999999 0.00000000099999999999 0.00000000099999999999 0.00000000099999999999 0.99999999299999997593 0.00000000099999999999 
0.00000000100000000000 0.00009241826621354941 0.00000002750266634815 0.00000000100000000000 0.00000000100000000000 0.00000000100000000000 0.99990754923112001862 0.00000000100000000000 
0.00000000100000000000 0.00000000100000000000 0.05533221978857138373 0.01638244010180319246 0.00162614971909645894 0.00000000100000000000 0.92665918639052891059 0.00000000100000000000 
0.00000000100000000000 0.00000000100000000000 0.00000000100000000000 0.00000000100000000000 0.04784704039515812884 0.00963173958177621602 0.94252121502306562828 0.00000000100000000000 
0.01535830025090457497 0.00000000100000000000 0.12984258012766350388 0.00000006070235480765 0.48690897935653820738 0.06745133855062185324 0.30043873901191708864 0.00000000100000000000 
0.04234995095247763575 0.00549079804132087540 0.00000000100000000000 0.00011160634324355630 0.08723684148836803598 0.33629230102366980404 0.52851850015092016744 0.00000000100000000000 
0.00000000099999999999 0.00000000099999999999 0.06240725810963961701 0.00000000099999999999 0.00000000099999999999 0.00000000099999999999 0.93759273589036040697 0.00000000099999999999 
0.00000000099999999999 0.00000000099999999999 0.07174485788355676463 0.00000000099999999999 0.00000000099999999999 0.00000000099999999999 0.92825513611644316914 0.00000000099999999999 
0.00000000100000000000 0.00000000100000000000 0.04512453884184022823 0.00000197959132603423 0.00000000100000000000 0.00000000549714823849 0.93934149287746304680 0.01553198019222251473 
0.02693248297443386063 0.00000000100000000000 0.00000000100000000000 0.00000000100000000000 0.10541771354729305432 0.04310962481320942258 0.82454017466506368539 0.00000000100000000000 
0.00000000099999999989 0.00000000099999999989 0.99999999299999997593 0.00000000099999999989 0.00000000099999999989 0.00000000099999999989 0.00000000099999999989 0.00000000099999999989 
0.00000000100000000000 0.00000000100000000000 0.00051348766610399333 0.02320161267789171838 0.13904576260201237381 0.00000000100000000000 0.83723913305399189078 0.00000000100000000000 
0.00000000100000000000 0.00000000100000000000 0.22992920778324463238 0.03666124833757693907 0.73340951564527356865 0.00000000100000000000 0.00000001887213525188 0.00000000636176965548 
0.00000041421385975980 0.00000000100000000000 0.23923637248980583747 0.00094302357520599143 0.62246536418197950802 0.06975787990893708712 0.05872721440645228136 0.00886973022375961428 
0.00000000099999999999 0.00000000099999999999 0.01940164716760768571 0.00000000099999999999 0.00000000099999999999 0.00000000099999999999 0.98059834683239233133 0.00000000099999999999 
0.00000000099999999999 0.00000000099999999999 0.01985152866189561494 0.00000000099999999999 0.00000000099999999999 0.00000000099999999999 0.98014846533810440210 0.00000000099999999999 
0.00333078843872188857 0.00000000100000000000 0.23767236535049304780 0.00000000100000000000 0.65852908709450697078 0.03608948603016537415 0.05859836923714423912 0.00577990184896845244 
0.00000000099999999999 0.00000000099999999999 0.00000023076937493626 0.00000000099999999999 0.05752232135855503414 0.00000000099999999999 0.94247744287207002589 0.00000000099999999999 
0.00000000099999999999 0.01318078747836003844 0.00000381921631768893 0.00000000099999999999 0.00000000099999999999 0.00000000099999999999 0.98681538830532222750 0.00000000099999999999 
0.00000000099999999999 0.00000000099999999999 0.26148303960482033315 0.00000000099999999999 0.71000198620819032769 0.00088495664169932573 0.02763001354529001988 0.00000000099999999999 
0.00000000099999999999 0.00000000099999999999 0.00531172329627922768 0.00000000099999999999 0.00000030850867721419 0.00000000099999999999 0.99468796319504337866 0.00000000099999999999 
0.00000000099999999998 0.00000000099999999998 0.03067088433932045610 0.00000000099999999998 0.00000000099999999998 0.00000000099999999998 0.96932910966067953318 0.00000000099999999998 
0.00000000099999999997 0.00000000099999999997 0.00000000099999999997 0.00000000099999999997 0.99999999299999997593 0.00000000099999999997 0.00000000099999999997 0.00000000099999999997 
0.00000000099999999999 0.00000000099999999999 0.03362918068393671439 0.00000000099999999999 0.00000000099999999999 0.03874042457175354975 0.92763038974430978012 0.00000000099999999999 
0.00000000099999999999 0.00000000099999999999 0.28492468088027611550 0.00000000099999999999 0.64144431004525659379 0.00000000099999999999 0.07363100407446712681 0.00000000099999999999 
0.00000000099999999999 0.00000000099999999999 0.18925620649922544891 0.00000000099999999999 0.81074378750077458200 0.00000000099999999999 0.00000000099999999999 0.00000000099999999999 
0.00000000100000000000 0.00000000100000000000 0.29333449657589799608 0.00868655418498524498 0.62930976924548864826 0.00145741311991741504 0.06721176387371077809 0.00000000100000000000 
0.00000000099999999998 0.00000000099999999998 0.00000000099999999998 0.00000000099999999998 0.99999999300000008695 0.00000000099999999998 0.00000000099999999998 0.00000000099999999998 
0.00000000099999999998 0.00000000099999999998 0.00826137127382232939 0.00000000099999999998 0.00000000099999999998 0.00000000099999999998 0.99173862272617752112 0.00000000099999999998 
0.00000000099999999999 0.00071749474000441695 0.00000000099999999999 0.02191192072210598057 0.00000000099999999999 0.00000000099999999999 0.97737057953788952780 0.00000000099999999999 
0.00000000099999999999 0.00000000099999999999 0.00000000099999999999 0.01436951722872241606 0.15204325665464782369 0.00000000099999999999 0.83358722111662986176 0.00000000099999999999 
0.00000000100000000000 0.00000000100000000000 0.00000000100000000000 0.00000000100000000000 0.11440959243311860094 0.08147197263580847892 0.79607909966190948392 0.00803933126916349036 
0.00000000099999999999 0.00000000099999999999 0.00000000099999999999 0.00000000099999999999 0.16853307717323692816 0.00000000099999999999 0.83146691682676310275 0.00000000099999999999 
0.00934838631036603515 0.03904211777226052754 0.19136961454045894881 0.00852730985585754137 0.60490313029141751233 0.00000000100000000000 0.14680943922963946013 0.00000000100000000000 
0.00004127860145201697 0.01180339515875845208 0.01972427641906293258 0.00000000100000000000 0.00000000100000000000 0.00000000100000000000 0.96843104582072658815 0.00000000100000000000 
0.00038338289076324841 0.00000000100000000000 0.00005418275569260602 0.00000000100000000000 0.11388252482765116869 0.00000000100000000000 0.88567990552589292985 0.00000000100000000000 
0.00000000099999999998 0.00000000099999999998 0.01985034103791611867 0.00000000099999999998 0.00000000099999999998 0.00000000099999999998 0.98014965296208389489 0.00000000099999999998 
0.03690479335782496234 0.00000000099999999999 0.19121980700263646602 0.00000000099999999999 0.25965278390571733258 0.01970515714563061613 0.49251745558819071125 0.00000000099999999999 
0.00385845572445129518 0.00883417122450515582 0.17588178463833092913 0.00000001115968848209 0.46881073598564881877 0.00000000100000000000 0.33651889188183026214 0.00609594838554515170 
0.00000000099999999999 0.00000000099999999999 0.00000013269521670482 0.00013848422391796316 0.11023570175599954613 0.00000004009182595060 0.88962563823303975052 0.00000000099999999999 
0.00000000100000000000 0.00000000100000000000 0.00000000100000000000 0.00000003720694026768 0.07425678263206290930 0.00000000100000000000 0.92574300915873863893 0.00000016700225815621 
0.00000000099999999999 0.00000000099999999999 0.24432341708533084068 0.00000000099999999999 0.49294483679955347633 0.00000000099999999999 0.26273174111511576889 0.00000000099999999999 
0.01913581545356373217 0.00658986999102012441 0.18964740157136253385 0.00000000100000000000 0.67725553782078773413 0.00104182738810049201 0.10074245444092852497 0.00558709233423690388 
0.00799349805347964598 0.00000000100000000000 0.18422124624671157300 0.00000000100000000000 0.55520402723418249558 0.03016967906005524336 0.22241154640557100897 0.00000000100000000000 
0.00000000099999999999 0.00000000099999999999 0.05131180071863702952 0.00000000099999999999 0.00000000099999999999 0.00000000099999999999 0.94868819328136289037 0.00000000099999999999 
0.00000000099999999999 0.00000000099999999999 0.00000000099999999999 0.00000000099999999999 0.11788805992982541448 0.00000000099999999999 0.88211193407017451928 0.00000000099999999999 
0.03041647904746955580 0.00000000099999999999 0.00000000099999999999 0.00000000099999999999 0.14360927443693080607 0.05951070592526731123 0.76646353659033239492 0.00000000099999999999 
0.00000000099999999999 0.00000000099999999999 0.22581311779776169768 0.00000000099999999999 0.65649282289367283383 0.00000000099999999999 0.11769405430856541561 0.00000000099999999999 
0.00000000100000000000 0.00000000100000000000 0.22821411250208056831 0.00000000100000000000 0.64853468524125801320 0.00000000100000000000 0.11618841344179871300 0.00706278481486269545 
0.02044401255677819398 0.00000000100000000000 0.00000015045922296551 0.00000000100000000000 0.06589837193222206069 0.00000000100000000000 0.91365746105177680914 0.00000000100000000000 
0.00000000099999999999 0.00000000099999999999 0.00000000099999999999 0.00000000099999999999 0.00000000099999999999 0.00000000099999999999 0.99999999299999997593 0.00000000099999999999 
0.00000000099999999999 0.00000000099999999999 0.00000000099999999999 0.00000000099999999999 0.00000000099999999999 0.00000000099999999999 0.99999999299999986491 0.00000000099999999999 
0.00000000099999999999 0.00000000099999999999 0.00000000099999999999 0.00000000099999999999 0.00000000099999999999 0.00000000099999999999 0.99999999299999997593 0.00000000099999999999 
0.00000000099999999999 0.00000000099999999999 0.01995091641127013163 0.00000000099999999999 0.06218992928024281303 0.00001078905179659009 0.91784836125669044815 0.00000000099999999999 
0.00000370780071509500 0.00000000100000000000 0.01816979512489429183 0.00000000100000000000 0.06245853736535435935 0.05228344598021893164 0.86708451072881731481 0.00000000100000000000 
