0.00000001204446741345 0.03844010551455881441 0.39493203874699817080 0.03124069011501434331 0.00000000100000000000 0.01794960963373611745 0.46982790300127363903 0.04760963994395134985 
0.00000000099999999988 0.00000000099999999988 0.99999999299999997593 0.00000000099999999988 0.00000000099999999988 0.00000000099999999988 0.00000000099999999988 0.00000000099999999988 
0.00000000099999999998 0.00000000099999999998 0.00000000099999999998 0.00000000099999999998 0.00000000099999999998 0.00000000099999999998 0.99999999299999986491 0.00000000099999999998 
0.00000000099999999998 0.00000000099999999998 0.00000000099999999998 0.00000000099999999998 0.00000000099999999998 0.00000000099999999998 0.99999999299999986491 0.00000000099999999998 
0.03489301142625175767 0.00890067451306545375 0.51889923173757424024 0.01582601134074117927 0.00000000100000000000 0.04412717971279592893 0.37090540064271337872 0.00644848962685810965 
0.00000000300988635601 0.03355628983201709714 0.23005399624247185875 0.00000000100000000000 0.00000000100000000000 0.00000000100000000000 0.73638970691562455340 0.00000000100000000000 
0.00000000100000000000 0.10871468547422820372 0.39243554283645409875 0.00793522360245744497 0.05695811635825556718 0.04935928209979233844 0.38459714762881236361 0.00000000100000000000 
0.00001364374827175809 0.00057052492971420979 0.36137946120392533400 0.01242925231675506142 0.00013378044296693867 0.03283894704362917000 0.59263290739022855824 0.00000148292450908017 
0.00000000100000000000 0.00000000100000000000 0.39683514079413750864 0.04756418958364574956 0.00000012083715418128 0.08689176604944931492 0.46870877636786939524 0.00000000436774386646 
0.00000000100000000000 0.00000000100000000000 0.43499243371961759941 0.05658686682418637148 0.09537181839771069480 0.00000000100000000000 0.40237107609981587197 0.01067780195866942054 
0.02542897101381880187 0.00000000100000000000 0.47929302180775812392 0.02362609821797561141 0.03603903707307145460 0.07713989611849551842 0.31603155268356963870 0.04244142208531086202 
0.00000000100000000000 0.00000000100000000000 0.43045421342813205978 0.00000139797574617588 0.03057289588610802300 0.04228694827653486227 0.46403978952437696659 0.03264475290910190397 
0.00000008297649970505 0.00000000100000000000 0.42992236034373065845 0.00000000100000000000 0.00000056044541431052 0.04009334230065982052 0.52998359821907703449 0.00000005371461847476 
0.00000000099999999999 0.00000000099999999999 0.00000000099999999999 0.00000000099999999999 0.13466415032571346644 0.00000000099999999999 0.86533584367428650896 0.00000000099999999999 
0.00000000100000000000 0.04300022655062556154 0.26228589452413125782 0.00000884886425893635 0.00000000100000000000 0.01471142184247218633 0.62866482943371437830 0.05132877678479752515 
0.02097615260214905769 0.01526330007082306837 0.42179462647168541878 0.00000000100000000000 0.00000000100000000000 0.11082678729355201208 0.43113913056179026251 0.00000000100000000000 
0.00063988834067357401 0.00000000100000000000 0.43908104893870270047 0.04292614759041776112 0.00000000100000000000 0.05637111369184100856 0.46098179843836495362 0.00000000100000000000 
0.00000000100000000000 0.00000000100000000000 0.40061132501225787950 0.00000000100000000000 0.08223561331613678249 0.07012564071943686028 0.41976358830525439814 0.02726382964691415403 
0.00241647700614596025 0.00000000100000000000 0.42821351176478461564 0.00000000100000000000 0.00619410391332412408 0.04838990026578958437 0.43150265349361438538 0.08328335155634150611 
0.00000063241556436569 0.00000000100000000000 0.43061812270967353422 0.00183890352201048998 0.00000000100000000000 0.13291081162640092095 0.38744330534145537959 0.04718822238489515236 
0.02115568496805310741 0.00003057129144829959 0.41377786859414789067 0.00000000100000000000 0.03999940853854846295 0.00000000100000000000 0.46628035512048171540 0.05875610948732032379 
0.00000000099999999996 0.00000000099999999996 0.99999999299999997593 0.00000000099999999996 0.00000000099999999996 0.00000000099999999996 0.00000000099999999996 0.00000000099999999996 
0.00017040524787406025 0.00625672561084304572 0.40124546623537460377 0.00169273055837162903 0.00000000100000000000 0.07744064982293176469 0.48172781747914400485 0.03146620404546077165 
0.00000000099999999995 0.00000000099999999995 0.99999999300000008695 0.00000000099999999995 0.00000000099999999995 0.00000000099999999995 0.00000000099999999995 0.00000000099999999995 
0.00016187835167596999 0.00000010519193447045 0.38469478970130915885 0.00000000100000000000 0.08262299043801235587 0.07801616711775741231 0.44460920795490183055 0.00989486024440889081 
0.00000000100000000000 0.00000570108442921446 0.38396227123374088164 0.03016650473800700644 0.00000000100000000000 0.07915124570905965329 0.50671297259754988218 0.00000130263721335823 
0.00000000100000000000 0.07209663938713085918 0.47916981695465377111 0.00000000100000000000 0.00000003622981031064 0.08671625906837222841 0.34748481579317969103 0.01453243056685322651 
0.01861445832832692507 0.00004569926513242366 0.48155500917368349034 0.03775255125816642798 0.00000000100000000000 0.00795429461971977440 0.41808925191737239535 0.03598873443759867397 
0.01931229565331467335 0.00000000100000000000 0.45687745499113191494 0.00000000100000000000 0.00000000100000000000 0.02229930771191009423 0.43893536616049666499 0.06257557248314650489 
0.00010293615534492367 0.00000000100000000000 0.50668896317154532571 0.00000000100000000000 0.00000000100000000000 0.03145592470128491525 0.41995582314130303070 0.04179634983052186309 
0.03009101675526923425 0.00000000238757444640 0.38838608082350623008 0.00001569078915127688 0.00000000100000000000 0.04331994387697341714 0.51295483581315337585 0.02523242855437208762 
0.00000000099999999999 0.00000000099999999999 0.28827254596099111117 0.00000000099999999999 0.15071499418919034885 0.05976116352200844251 0.50125129232781007182 0.00000000099999999999 
0.04835945961740566179 0.00000000100000000000 0.42415729385980416311 0.00863279128598447298 0.00000000100000000000 0.12260765340352969277 0.37998453406179116820 0.01625826577148489077 
0.00000000099999999996 0.00000000099999999996 0.99999999299999997593 0.00000000099999999996 0.00000000099999999996 0.00000000099999999996 0.00000000099999999996 0.00000000099999999996 
0.00000000100000000000 0.00000000100000000000 0.24018294805575254869 0.03656972492871812114 0.04681284657444678005 0.01747576364515468147 0.65777490492154422341 0.00118380987438371481 
0.03205945099653447622 0.01360986294574022433 0.43648262120984676615 0.04895635877953360970 0.00000000100000000000 0.00029030752773953747 0.41427019348024624046 0.05433120406035921862 
0.00000000099999999989 0.00000000099999999989 0.99999999300000008695 0.00000000099999999989 0.00000000099999999989 0.00000000099999999989 0.00000000099999999989 0.00000000099999999989 
0.02920958260309996363 0.00141012256242201172 0.36963561435597741545 0.01636279852796325776 0.00000000100000000000 0.00321974575795527665 0.53321688766997465958 0.04694524752260739037 
0.00000000099999999994 0.00000000099999999994 0.99999999299999997593 0.00000000099999999994 0.00000000099999999994 0.00000000099999999994 0.00000000099999999994 0.00000000099999999994 
0.01417193129960895095 0.00000000100000000000 0.51713121420091956448 0.01789023644195596868 0.00000000100000000000 0.10132821007446574102 0.34947840498304971746 0.00000000100000000000 
0.00000000100000000000 0.00000000100000000000 0.51095737121515738544 0.00001265611345830194 0.00000000100000000000 0.02891709939098668219 0.41480151698429384988 0.04531135329610375129 
0.00000000100000000000 0.00000000100000000000 0.36256624620074112686 0.00000747596502527888 0.13716681947638750816 0.10475368074756843950 0.39550563703320096298 0.00000013857707672911 
0.00000000100000000000 0.00000000100000000000 0.33815543028070149667 0.04045587962787249720 0.00000000100000000000 0.00000000100000000000 0.58982647345891714430 0.03156221263250882925 
0.00347057467878821371 0.01373961993020282948 0.34803632508884990715 0.01577738833778301666 0.00000000100000000000 0.03007201430203048850 0.54806700584098189122 0.04083707082136356359 
0.00000000100000000000 0.03638237570735523840 0.41730151972594203835 0.00465045478396322164 0.00009965616799908705 0.06725154971922446545 0.46508906717484488347 0.00922537572067111747 
0.00000000099999999996 0.00000000099999999996 0.99999999300000008695 0.00000000099999999996 0.00000000099999999996 0.00000000099999999996 0.00000000099999999996 0.00000000099999999996 
0.00000000100000000000 0.00000000100000000000 0.37913558915925849035 0.00000000100000000000 0.13781549155075148438 0.03136116705943948341 0.39798027756279136247 0.05370747166775906301 
0.01693646425613723472 0.03899276804747144054 0.43481730176876609573 0.03843130435812615320 0.00000000577163559049 0.08667043524353494621 0.38196492343320798124 0.00218679712112056050 
0.00000000100000000000 0.10488891470558842078 0.39927769520601280595 0.00000002980993017890 0.00000000100000000000 0.03717228346243758863 0.40074140873750313530 0.05791966607852794269 
0.00000000099999999997 0.00000000099999999997 0.00000000099999999997 0.00000000099999999997 0.00000000099999999997 0.00000000099999999997 0.99999999299999997593 0.00000000099999999997 
0.03109252984378601745 0.02719856632250426329 0.44275877724948525804 0.00052194070788186167 0.00000890955336689706 0.10072693223730755374 0.38575680734011491557 0.01193553674555333441 
0.00000000100000000000 0.02300233406888192375 0.41986696630321268531 0.03487907592185619104 0.00000000100000000000 0.05380487619690564605 0.38409023111159901198 0.08435651439754444925 
0.00985578327054737954 0.00000000100000000000 0.36304065141086516721 0.04235028713081256946 0.00001977332525241163 0.00000000100000000000 0.56674720374220866059 0.01798629912031363132 
0.00000000100000000000 0.03136926720998600704 0.48682641048533970007 0.00127987775262676496 0.05557661019379236955 0.08359181704571579108 0.31180654008344366179 0.02954947622909573357 
0.00746039800026994989 0.07083921045251415083 0.17588713608137343525 0.00001151380875836541 0.00000000100000000000 0.00771440219823565660 0.73808733745884824717 0.00000000100000000000 
0.00000000099999999997 0.00000000099999999997 0.99999999299999997593 0.00000000099999999997 0.00000000099999999997 0.00000000099999999997 0.00000000099999999997 0.00000000099999999997 
0.00000000099999999997 0.00000000099999999997 0.70468091315744574299 0.00374941476587093304 0.00000000099999999997 0.00000000099999999997 0.00000000099999999997 0.29156966707668324768 
0.02771622106590907256 0.00000038479262952308 0.32865856838911450266 0.00000000100000000000 0.06920565238739316560 0.00609067120656248476 0.53387089945515031619 0.03445760170324074778 
0.00000001218723545696 0.00000000100000000000 0.38869337430683975620 0.00000007120512535212 0.11229067588169305836 0.04187084234456490972 0.41926684447757556207 0.03787817859696573225 
0.05925284672155513993 0.00000000100000000000 0.33052473608973181873 0.03330440671646626299 0.00000000100000000000 0.06196700955682347273 0.39754592003014466162 0.11740507888527865199 
0.01458252998228932139 0.02972663472669615295 0.45935349354535975896 0.00538677977953415377 0.05406583668755220867 0.10790327598743167103 0.29836793990280996436 0.03061350938832681223 
0.01040223372356239261 0.05412435295133247865 0.55040017519498052323 0.00000000100000000000 0.00000000100000000000 0.00001051083875085445 0.38506272429137372582 0.00000000100000000000 
0.00000000100000000000 0.00000427998614982251 0.45737461539161067270 0.05850038715251532767 0.16542628286677013572 0.00013404852088135140 0.31856038408207271173 0.00000000100000000000 
0.00000000100000000000 0.00000000100000000000 0.43327427167888027393 0.01718026724433512412 0.00000000100000000000 0.11306130203995913563 0.41771679621602142429 0.01876735982080401238 
0.00001697544258099938 0.05063413450862336990 0.25193437689654063494 0.00624927957193214742 0.02914964954397795613 0.06163843989853582533 0.58707910295567100611 0.01329804118213803905 
0.00774212706705227054 0.00000000100000000000 0.35843382771217374705 0.00030450499993801231 0.00000000100000000000 0.00016420412023497290 0.61681094149036708174 0.01654439261023387536 
0.00000000099999999999 0.00000000099999999999 0.00000000099999999999 0.00000000099999999999 0.21133859502123461538 0.00000000099999999999 0.78833638280672746479 0.00032501717203808759 
0.00674354864620325088 0.04880787398214849609 0.39581994526195951600 0.01297307881099542086 0.03123335365616559597 0.10213361283869352991 0.38028896758499980413 0.02199961921883424390 
0.00000000100000000000 0.03283225664190805165 0.45006403064975841755 0.00000000100000000000 0.04040550089908337417 0.04030167989119616545 0.38234401576727572447 0.05405251415077830940 
0.00011510844430546446 0.00000224556573738722 0.42555619614343770385 0.00136880809124923343 0.07604986979982737705 0.00014325538137637006 0.44972338437153402957 0.04704113220253234445 
0.00000000099999999999 0.00000000099999999999 0.54687670334707294550 0.00000000099999999999 0.45312329065292700214 0.00000000099999999999 0.00000000099999999999 0.00000000099999999999 
0.00000000100000000000 0.00000000100000000000 0.05657537119514851470 0.05585943017472388972 0.00907111649239082662 0.06383198508844861729 0.47272919230380217037 0.34193290274548604479 
0.00000000099999999998 0.00000000099999999998 0.00000000099999999998 0.00000000099999999998 0.00000000099999999998 0.00000000099999999998 0.99999999299999986491 0.00000000099999999998 
0.00435048825625834398 0.00000000100000000000 0.14014054757269453488 0.00000000100000000000 0.10008447616662685675 0.00000000100000000000 0.75542448400442019363 0.00000000100000000000 
0.03092183437758703676 0.00000000100000000000 0.37880410798808639150 0.02334261834187825735 0.00000000100000000000 0.02495511063952835992 0.46407161478329783666 0.07790471186962213967 
0.00766665793068025195 0.00000000100000000000 0.40569455371267060251 0.01439279604385375159 0.04948721634625713461 0.08523210257977384408 0.43752667138676448744 0.00000000100000000000 
0.00000000100000000000 0.00000000100000000000 0.37365695356996708743 0.03297790964872252678 0.13736084884891866520 0.00000081572584381510 0.41359707459905498128 0.04240639560749288189 
0.00000000099999999998 0.00000000099999999998 0.00000000099999999998 0.00000000099999999998 0.00000000099999999998 0.00000000099999999998 0.99999999299999997593 0.00000000099999999998 
0.00000000099999999995 0.00000000099999999995 0.99999999300000008695 0.00000000099999999995 0.00000000099999999995 0.00000000099999999995 0.00000000099999999995 0.00000000099999999995 
0.00352127892911907603 0.00000000100000000000 0.44558436441738646927 0.00918987379273375309 0.00000000100000000000 0.05365197989004575480 0.44454902011276398177 0.04350348085795079089 
0.00000000099999999998 0.00000000099999999998 0.59493155181860257752 0.00000006302975565872 0.00000000099999999998 0.09536380546847236794 0.00000000099999999998 0.30970457568316944741 
0.00000000099999999999 0.00000000099999999999 0.74493753408463292409 0.00000000099999999999 0.25506245991536702356 0.00000000099999999999 0.00000000099999999999 0.00000000099999999999 
0.00000000100000000000 0.00000000163362079906 0.30078625696040833803 0.00000000100000000000 0.11380098922172993126 0.00000634065289340916 0.53307261690369323048 0.05233379262765436996 
0.00000000099999999998 0.00000000099999999998 0.99999999299999997593 0.00000000099999999998 0.00000000099999999998 0.00000000099999999998 0.00000000099999999998 0.00000000099999999998 
0.00000000100000000000 0.01527371761842134627 0.36114275907619791672 0.00061863083677903170 0.13522281279885012273 0.06874516222316003067 0.37269191126162892758 0.04630500518496279139 
0.00000000100000000000 0.00000000100000000000 0.29684650398441231323 0.00000004551684356201 0.13974796970264619089 0.00000000179227821365 0.53568114081044193586 0.02772433619337786800 
0.00000000099999999998 0.00000000099999999998 0.00000000099999999998 0.00000000099999999998 0.00000000099999999998 0.00000000099999999998 0.99999999299999986491 0.00000000099999999998 
0.00000000100000000000 0.00000000484037680529 0.41882879866335531727 0.01938610318942137964 0.05115806315983387198 0.10753348711355850686 0.35502441350575897339 0.04806912852769534839 
0.00000000100000000000 0.00000000100000000000 0.30943371448233708554 0.01147774135878809262 0.11926853608975244991 0.00001877587823287371 0.55541748215093178498 0.00438374803995784327 
0.01776108666452780663 0.00000000100000000000 0.36949212366479083913 0.00000000194337196146 0.05068699599230910846 0.11340153507935631094 0.39954434191513810148 0.04911391374050591563 
0.00045694279885266751 0.00000004224232415713 0.24629309697422202552 0.00000000537531410405 0.05778867416026158693 0.05636663721687036610 0.63016338135967475687 0.00893121987248031782 
0.00000000099999999998 0.00000000099999999998 0.00000000099999999998 0.00000000099999999998 0.00000000099999999998 0.00000000099999999998 0.99999999299999986491 0.00000000099999999998 
0.00000000100000000000 0.02230210608742903139 0.32464266592346291418 0.01527206666778798197 0.07318146325491699244 0.04794083630714175703 0.45439272581260564676 0.06226813494665561083 
0.00000000099999999998 0.00000000099999999998 0.00000000099999999998 0.00000000099999999998 0.00000000099999999998 0.00000000099999999998 0.99999999299999997593 0.00000000099999999998 
0.00267440359307491091 0.00672462494725016308 0.46619581762337575226 0.04001638499007948574 0.01953727679384116914 0.05348293237001301020 0.40883644240767486044 0.00253211727469056192 
0.00016988752307380865 0.08804136880206026028 0.42084726890279361422 0.05950943975897039079 0.00000000100000000000 0.00000021816464048544 0.40441669380212463825 0.02701512204633694722 
0.00000000884931753276 0.00003123476758595669 0.19189702254017276806 0.01765213803976823856 0.00000000100000000000 0.74982141481298414387 0.00000000100000000000 0.04059817899017133941 
0.00000000099999999999 0.00000000099999999999 0.00000000099999999999 0.00000000099999999999 0.00000000099999999999 0.99999999300000008695 0.00000000099999999999 0.00000000099999999999 
0.00000022966188852520 0.03151462157579908857 0.15443714336779168494 0.01073921891613783576 0.00000000100000000000 0.69781805015667719427 0.00000000100000000000 0.10549073432170559539 
0.00000000099999999997 0.00000000099999999997 0.00000000099999999997 0.00000000099999999997 0.00000000099999999997 0.99999999299999997593 0.00000000099999999997 0.00000000099999999997 
0.01839035951481313505 0.01778001493456194196 0.07854976313021874712 0.06293193949679845578 0.00000000100000000000 0.71054139616773848154 0.05301974570909289558 0.05878678004677623942 
0.00000000099999999998 0.00000000099999999998 0.00000000099999999998 0.00000000099999999998 0.00000000099999999998 0.99999999300000008695 0.00000000099999999998 0.00000000099999999998 
0.00000000099999999999 0.00000000099999999999 0.00000000099999999999 0.00000000099999999999 0.00000000099999999999 0.99999999299999997593 0.00000000099999999999 0.00000000099999999999 
0.00000000099999999998 0.00000000099999999998 0.00000000099999999998 0.00000000099999999998 0.00000000099999999998 0.99999999299999997593 0.00000000099999999998 0.00000000099999999998 
0.00000000099999999999 0.00000000099999999999 0.00000000099999999999 0.00000000099999999999 0.10167816136534017779 0.89832183263465981149 0.00000000099999999999 0.00000000099999999999 
0.00000000099999999998 0.00000000099999999998 0.00000000099999999998 0.00000000099999999998 0.00000000099999999998 0.99999999300000008695 0.00000000099999999998 0.00000000099999999998 
0.00000000099999999999 0.00000000099999999999 0.00000000099999999999 0.00000000099999999999 0.00000000099999999999 0.99999999300000008695 0.00000000099999999999 0.00000000099999999999 
0.00000000099999999999 0.00000000099999999999 0.00000000099999999999 0.00000000099999999999 0.00000000099999999999 0.99999999299999997593 0.00000000099999999999 0.00000000099999999999 
0.00000000099999999998 0.00000000099999999998 0.00000000099999999998 0.00000000099999999998 0.00000000099999999998 0.99999999299999997593 0.00000000099999999998 0.00000000099999999998 
0.00000000099999999999 0.00000000099999999999 0.00000000099999999999 0.02443295160581371306 0.09649542048976549047 0.76294001416721068942 0.00000000099999999999 0.11613160973721020630 
0.00000000099999999999 0.00000000099999999999 0.00000000099999999999 0.06071726824334499478 0.13252706527117710800 0.79412665388898417973 0.00000000099999999999 0.01262900859649364500 
0.00000000099999999998 0.00000000099999999998 0.00000000099999999998 0.00000000099999999998 0.00000000099999999998 0.99999999300000008695 0.00000000099999999998 0.00000000099999999998 
0.00000000100000000000 0.00000000100000000000 0.00000000100000000000 0.02043300620396695105 0.11445000868172025554 0.78514952938857662801 0.00000000100000000000 0.07996745172573610505 
0.00000000099999999998 0.00000000099999999998 0.00000000099999999998 0.00000000099999999998 0.00000000099999999998 0.99999999299999997593 0.00000000099999999998 0.00000000099999999998 
0.00000000099999999999 0.00000000099999999999 0.00000000099999999999 0.06104518602182380099 0.08405043217978339087 0.78816754821174628276 0.00000000099999999999 0.06673682958664650666 
0.00000000099999999999 0.00000000099999999999 0.00000000099999999999 0.00000000099999999999 0.47121731514947712283 0.49468228263384395049 0.00000000099999999999 0.03410039721667895707 
0.00000000099999999999 0.00000000099999999999 0.00000000099999999999 0.00000000099999999999 0.13454349943432641901 0.78845110215546843069 0.00000000099999999999 0.07700539341020511130 
0.00000000099999999996 0.00000000099999999996 0.00000000099999999996 0.00000000099999999996 0.00000000099999999996 0.99999999300000008695 0.00000000099999999996 0.00000000099999999996 
0.00000000099999999998 0.00000000099999999998 0.00000000099999999998 0.00000000099999999998 0.00000000099999999998 0.99999999300000008695 0.00000000099999999998 0.00000000099999999998 
0.03149613676348563679 0.00000000099999999999 0.00000000099999999999 0.00000000099999999999 0.00000000099999999999 0.96850385723651444270 0.00000000099999999999 0.00000000099999999999 
0.00000000099999999998 0.00000000099999999998 0.00000000099999999998 0.00000000099999999998 0.00000000099999999998 0.99999999299999997593 0.00000000099999999998 0.00000000099999999998 
0.00000000099999999999 0.00000000099999999999 0.00000000099999999999 0.00000000099999999999 0.00000000099999999999 0.99999999300000008695 0.00000000099999999999 0.00000000099999999999 
0.00000000099999999999 0.00000000099999999999 0.00000000099999999999 0.00000000099999999999 0.00000000099999999999 0.99999999300000008695 0.00000000099999999999 0.00000000099999999999 
0.00000000099999999999 0.00000000099999999999 0.00000000099999999999 0.03474706539853041065 0.11422302189427903374 0.85102990770719044722 0.00000000099999999999 0.00000000099999999999 
0.00000000099999999997 0.00000000099999999997 0.00000000099999999997 0.00000000099999999997 0.00000000099999999997 0.99999999300000008695 0.00000000099999999997 0.00000000099999999997 
0.00000000100000000000 0.00000000100000000000 0.06377032253754665037 0.04036008800120259588 0.04943269790489678017 0.68286719610370316680 0.09702404714374865402 0.06654564630890216770 
0.00000000099999999998 0.00000000099999999998 0.00000000099999999998 0.00000000099999999998 0.00000000099999999998 0.99999999300000008695 0.00000000099999999998 0.00000000099999999998 
0.00000000099999999996 0.00000000099999999996 0.00000000099999999996 0.91769453775826681508 0.08230545624173313257 0.00000000099999999996 0.00000000099999999996 0.00000000099999999996 
0.00000000099999999995 0.00000000099999999995 0.00000000099999999995 0.99999999299999997593 0.00000000099999999995 0.00000000099999999995 0.00000000099999999995 0.00000000099999999995 
0.00000000099999999995 0.00000000099999999995 0.00000000099999999995 0.99999999300000008695 0.00000000099999999995 0.00000000099999999995 0.00000000099999999995 0.00000000099999999995 
0.00000000099999999995 0.00000000099999999995 0.00000000099999999995 0.99999999299999997593 0.00000000099999999995 0.00000000099999999995 0.00000000099999999995 0.00000000099999999995 
0.00000000099999999994 0.00000000099999999994 0.00000000099999999994 0.99999999299999997593 0.00000000099999999994 0.00000000099999999994 0.00000000099999999994 0.00000000099999999994 
0.00000000099999999993 0.00000000099999999993 0.00000000099999999993 0.99999999299999997593 0.00000000099999999993 0.00000000099999999993 0.00000000099999999993 0.00000000099999999993 
0.00000000099999999994 0.00000000099999999994 0.00000000099999999994 0.99999999300000008695 0.00000000099999999994 0.00000000099999999994 0.00000000099999999994 0.00000000099999999994 
0.00000000099999999995 0.00000000099999999995 0.00000000099999999995 0.99999999299999997593 0.00000000099999999995 0.00000000099999999995 0.00000000099999999995 0.00000000099999999995 
0.00000000099999999993 0.00000000099999999993 0.00000000099999999993 0.99999999299999997593 0.00000000099999999993 0.00000000099999999993 0.00000000099999999993 0.00000000099999999993 
0.00000000099999999993 0.00000000099999999993 0.00000000099999999993 0.99999999300000008695 0.00000000099999999993 0.00000000099999999993 0.00000000099999999993 0.00000000099999999993 
0.00000000099999999994 0.00000000099999999994 0.00000000099999999994 0.99999999299999997593 0.00000000099999999994 0.00000000099999999994 0.00000000099999999994 0.00000000099999999994 
0.00000000099999999995 0.00000000099999999995 0.00000000099999999995 0.99999999300000008695 0.00000000099999999995 0.00000000099999999995 0.00000000099999999995 0.00000000099999999995 
0.00000000099999999999 0.00000000099999999999 0.00000000099999999999 0.37865863213417300104 0.00000000099999999999 0.00000000099999999999 0.00000000099999999999 0.62134136186582700212 
0.00000000099999999993 0.00000000099999999993 0.00000000099999999993 0.99999999299999997593 0.00000000099999999993 0.00000000099999999993 0.00000000099999999993 0.00000000099999999993 
0.00000000099999999994 0.00000000099999999994 0.00000000099999999994 0.99999999300000008695 0.00000000099999999994 0.00000000099999999994 0.00000000099999999994 0.00000000099999999994 
0.00000000099999999994 0.00000000099999999994 0.00000000099999999994 0.99999999300000008695 0.00000000099999999994 0.00000000099999999994 0.00000000099999999994 0.00000000099999999994 
0.00000000099999999996 0.00000000099999999996 0.00000000099999999996 0.99999999299999997593 0.00000000099999999996 0.00000000099999999996 0.00000000099999999996 0.00000000099999999996 
0.00000000099999999994 0.00000000099999999994 0.00000000099999999994 0.99999999299999997593 0.00000000099999999994 0.00000000099999999994 0.00000000099999999994 0.00000000099999999994 
0.00000000099999999993 0.00000000099999999993 0.00000000099999999993 0.99999999300000008695 0.00000000099999999993 0.00000000099999999993 0.00000000099999999993 0.00000000099999999993 
0.00000000099999999994 0.00000000099999999994 0.00000000099999999994 0.99999999300000008695 0.00000000099999999994 0.00000000099999999994 0.00000000099999999994 0.00000000099999999994 
0.00000000099999999999 0.00000000099999999999 0.00000000099999999999 0.54637353761195117663 0.00000000099999999999 0.00000000099999999999 0.00000000099999999999 0.45362645638804899306 
0.00000000099999999994 0.00000000099999999994 0.00000000099999999994 0.99999999300000008695 0.00000000099999999994 0.00000000099999999994 0.00000000099999999994 0.00000000099999999994 
0.00000000099999999999 0.00000000099999999999 0.00000000099999999999 0.59587558244939364815 0.00000000099999999999 0.00000000099999999999 0.00000000099999999999 0.40412441155060641051 
0.00000000099999999994 0.00000000099999999994 0.00000000099999999994 0.99999999300000008695 0.00000000099999999994 0.00000000099999999994 0.00000000099999999994 0.00000000099999999994 
0.00000000099999999995 0.00000000099999999995 0.00000000099999999995 0.99999999300000008695 0.00000000099999999995 0.00000000099999999995 0.00000000099999999995 0.00000000099999999995 
0.00000000099999999993 0.00000000099999999993 0.00000000099999999993 0.99999999299999997593 0.00000000099999999993 0.00000000099999999993 0.00000000099999999993 0.00000000099999999993 
0.71329172092472215017 0.21530930386651705999 0.03905496689495920742 0.00000000100000000000 0.00000000100000000000 0.03234397991754995455 0.00000002539625173354 0.00000000100000000000 
0.00000000099999999999 0.88048263605541254861 0.00000000099999999999 0.00000000099999999999 0.11951735794458766271 0.00000000099999999999 0.00000000099999999999 0.00000000099999999999 
0.00846011061832752272 0.89912531798956984996 0.00000000099999999999 0.00000000099999999999 0.09241456639210264556 0.00000000099999999999 0.00000000099999999999 0.00000000099999999999 
0.80179704922791528166 0.14087685987476986083 0.00000000100000000000 0.00000000100000000000 0.00000000100000000000 0.00000000100000000000 0.05732608589731506832 0.00000000100000000000 
0.00000000099999999999 0.84736373725633762355 0.00000000099999999999 0.00000000099999999999 0.15263625674366240736 0.00000000099999999999 0.00000000099999999999 0.00000000099999999999 
0.00000000577862140834 0.99999998606229134612 0.00000000315908735482 0.00000000099999999999 0.00000000099999999999 0.00000000099999999999 0.00000000099999999999 0.00000000099999999999 
0.00000000099999999999 0.99999999300000019797 0.00000000099999999999 0.00000000099999999999 0.00000000099999999999 0.00000000099999999999 0.00000000099999999999 0.00000000099999999999 
0.04726658119264522812 0.79942794473550449208 0.00000000099999999999 0.00000000099999999999 0.12474795628632137645 0.00000000099999999999 0.02855751378552895403 0.00000000099999999999 
0.00000000099999999999 0.90788299466820809869 0.00000000099999999999 0.00000000099999999999 0.09211699933179205713 0.00000000099999999999 0.00000000099999999999 0.00000000099999999999 
0.00000000099999999999 0.99999999300000019797 0.00000000099999999999 0.00000000099999999999 0.00000000099999999999 0.00000000099999999999 0.00000000099999999999 0.00000000099999999999 
0.04394875541058160251 0.95064965005506263385 0.00540158953435576541 0.00000000099999999999 0.00000000099999999999 0.00000000099999999999 0.00000000099999999999 0.00000000099999999999 
0.00000000100000000000 0.99999999300000019797 0.00000000100000000000 0.00000000100000000000 0.00000000100000000000 0.00000000100000000000 0.00000000100000000000 0.00000000100000000000 
0.47402190461873783267 0.38271904411270740720 0.00812877435842545605 0.00000000100000000000 0.00855796270199718316 0.02946793541661535745 0.09710437679151662227 0.00000000100000000000 
0.02915797265494210477 0.54004379550017800327 0.00000003596990726279 0.00000000100000000000 0.04776272438213666205 0.04664728159893210407 0.33638815977377045652 0.00000002912013346141 
0.00000000451148654802 0.99999998948851365199 0.00000000099999999998 0.00000000099999999998 0.00000000099999999998 0.00000000099999999998 0.00000000099999999998 0.00000000099999999998 
0.02975382060547451801 0.81402318626596581463 0.00000000099999999999 0.00000000099999999999 0.15622298812855975325 0.00000000099999999999 0.00000000099999999999 0.00000000099999999999 
0.00000002206271805243 0.98346331655183438780 0.00000001393628857183 0.01653664344915902959 0.00000000100000000000 0.00000000100000000000 0.00000000100000000000 0.00000000100000000000 
0.04571118109082805692 0.87520420009395527572 0.00000000100000000000 0.00000000100000000000 0.00000000100000000000 0.04710423670011238545 0.03198037811510442974 0.00000000100000000000 
0.99999999300000019797 0.00000000099999999995 0.00000000099999999995 0.00000000099999999995 0.00000000099999999995 0.00000000099999999995 0.00000000099999999995 0.00000000099999999995 
0.07058324377289784679 0.92938157698536805196 0.00003515622317670390 0.00000000100000000000 0.00000000100000000000 0.00000000100000000000 0.00000001901855760455 0.00000000100000000000 
0.75774694046171997552 0.14280634493279051322 0.05134615286900372916 0.01363760601337402414 0.00000000100000000000 0.00000000100000000000 0.02943441409601367867 0.00502853962709821738 
0.69687531227326360295 0.17533609723891221965 0.01440574614649694357 0.00325489176528684669 0.00000000100000000000 0.01676521125680596053 0.09336273931923445846 0.00000000100000000000 
0.00000000099999999999 0.99999999300000019797 0.00000000099999999999 0.00000000099999999999 0.00000000099999999999 0.00000000099999999999 0.00000000099999999999 0.00000000099999999999 
0.00000000099999999998 0.99999999300000019797 0.00000000099999999998 0.00000000099999999998 0.00000000099999999998 0.00000000099999999998 0.00000000099999999998 0.00000000099999999998 
0.71805870017929862570 0.14810241308022076279 0.00000006408906854982 0.00150939316603110373 0.05126369185176812143 0.02654155622699655090 0.05452418040661637794 0.00000000100000000000 
0.00000000099999999999 0.99999999300000008695 0.00000000099999999999 0.00000000099999999999 0.00000000099999999999 0.00000000099999999999 0.00000000099999999999 0.00000000099999999999 
0.00000000099999999999 0.99364674652318196735 0.00000000099999999999 0.00000000099999999999 0.00000000099999999999 0.00000000099999999999 0.00000000099999999999 0.00635324747681812341 
0.77935255804304048866 0.13217520456798187434 0.00000000100000000000 0.00000000100000000000 0.00000000100000000000 0.00000000100000000000 0.08847223238897782005 0.00000000100000000000 
0.00000000099999999998 0.99999999300000008695 0.00000000099999999998 0.00000000099999999998 0.00000000099999999998 0.00000000099999999998 0.00000000099999999998 0.00000000099999999998 
0.00000000099999999998 0.99999999300000008695 0.00000000099999999998 0.00000000099999999998 0.00000000099999999998 0.00000000099999999998 0.00000000099999999998 0.00000000099999999998 
0.73712620786448823651 0.18277620391263599275 0.02379777831419394377 0.00000000100000000000 0.00000000100000000000 0.01434477657684153640 0.01121795101367645091 0.03073708031816388409 
0.00000000099999999999 0.99939145033970699927 0.00000000099999999999 0.00000000099999999999 0.00000000099999999999 0.00000000099999999999 0.00060854366029305332 0.00000000099999999999 
0.75671056942697623171 0.20054556546888085977 0.00000093107113796695 0.00000000100000000000 0.00319265209539183617 0.00000000100000000000 0.03955027893761300234 0.00000000100000000000 
0.78792267119718228940 0.16852952668381318557 0.04337014512276052974 0.00000000100000000000 0.00000000100000000000 0.00000000100000000000 0.00017746149098785019 0.00000019250525621927 
0.75794196850693573708 0.15067057609786274619 0.00065745976632138026 0.00000000100000000000 0.00000000100000000000 0.00000000100000000000 0.09072999162888016611 0.00000000100000000000 
0.81796722362973905973 0.08879503953870708510 0.00000000100000000000 0.00000000100000000000 0.00000001552926094139 0.00000000100000000000 0.09323771730229288290 0.00000000100000000000 
0.00000000099999999998 0.99999999300000008695 0.00000000099999999998 0.00000000099999999998 0.00000000099999999998 0.00000000099999999998 0.00000000099999999998 0.00000000099999999998 
0.00000000099999999999 0.97464544574030931301 0.02534506980181835609 0.00000000099999999999 0.00000000099999999999 0.00000000099999999999 0.00000000099999999999 0.00000947945787233286 
0.07061135313668889801 0.82751982253716738214 0.00003387707151618306 0.00000000099999999999 0.10183494325462764951 0.00000000099999999999 0.00000000099999999999 0.00000000099999999999 
0.04582162504608225384 0.78011072990717944542 0.00000023014807969681 0.00517369142183521889 0.12126780462051628406 0.00000000100000000000 0.04762591685630715443 0.00000000100000000000 
0.07662736074955760202 0.87889115747640977894 0.00000000099999999999 0.00000000099999999999 0.00000000099999999999 0.00000000099999999999 0.04448147677403278127 0.00000000099999999999 
0.62738286726925418524 0.21753609569060561313 0.04063931160568708817 0.00000000100000000000 0.06612264541894991021 0.00356256643762335691 0.00000000100000000000 0.04475651157787986084 
0.00000000100000000000 0.90772291674395755301 0.00000000100000000000 0.00000000100000000000 0.09219127385791982265 0.00000000100000000000 0.00000000100000000000 0.00008580439812293136 
0.06230449638491451086 0.86264020174213640324 0.00000000100000000000 0.00000000100000000000 0.07505522083665744359 0.00000007703629161529 0.00000000100000000000 0.00000000100000000000 
0.00000000099999999998 0.99999999300000008695 0.00000000099999999998 0.00000000099999999998 0.00000000099999999998 0.00000000099999999998 0.00000000099999999998 0.00000000099999999998 
0.37311559919759801351 0.49259895212575055545 0.00000000099999999999 0.00000000099999999999 0.09109121530424059421 0.01188243436680606717 0.03131179600560472093 0.00000000099999999999 
0.50941843676052644962 0.35999502761034563036 0.00000000100000000000 0.00524480144299664837 0.10253613772586767094 0.00000000100000000000 0.00673460125746806228 0.01607099320279554641 
0.04533293705202937757 0.88655837884085664236 0.00010848396699374046 0.00000000099999999999 0.06676229507897449289 0.00000000099999999999 0.00123790206114579820 0.00000000099999999999 
0.00000000100000000000 0.99999999300000019797 0.00000000100000000000 0.00000000100000000000 0.00000000100000000000 0.00000000100000000000 0.00000000100000000000 0.00000000100000000000 
0.60643604884939539268 0.30540441657610301052 0.00000000099999999999 0.00000000099999999999 0.08815952957450165495 0.00000000099999999999 0.00000000099999999999 0.00000000099999999999 
0.67256720806756076225 0.18650133154228901167 0.02588437714378892182 0.00456155675077744242 0.05365716183101970627 0.01108088201583536797 0.02837658232219466767 0.01737090032653409652 
0.57510725050603128672 0.30268176442629052270 0.00000001165245128780 0.00000000100000000000 0.02987665448081526509 0.01943522389857127788 0.07289843618330624220 0.00000065785253415744 
0.00015895522731060798 0.91180712892563298144 0.00000000099999999999 0.00000000099999999999 0.08803390957859426325 0.00000000099999999999 0.00000000226846206526 0.00000000099999999999 
0.03365341605555159654 0.96634657794444855927 0.00000000099999999999 0.00000000099999999999 0.00000000099999999999 0.00000000099999999999 0.00000000099999999999 0.00000000099999999999 
0.05209243678693770141 0.68675746602412290898 0.00000000099999999999 0.00000000099999999999 0.26115009218893947551 0.00000000099999999999 0.00000000099999999999 0.00000000099999999999 
0.71325084219446788225 0.18056127114570152958 0.00000004673282986814 0.00000000100000000000 0.08970746617251609822 0.00000000100000000000 0.01648037075448469460 0.00000000100000000000 
0.70187375268082596858 0.23585828389322155418 0.00000000100000000000 0.02311517573212389445 0.01952161381385763422 0.00000000100000000000 0.01963117087997099525 0.00000000100000000000 
0.00000000099999999999 0.77700423313007216386 0.00000000099999999999 0.00000000099999999999 0.22299576086992786705 0.00000000099999999999 0.00000000099999999999 0.00000000099999999999 
0.00000000099999999999 0.88993118332019760519 0.00000000099999999999 0.00000000099999999999 0.11006881067980257838 0.00000000099999999999 0.00000000099999999999 0.00000000099999999999 
0.00000000099999999999 0.99999999300000019797 0.00000000099999999999 0.00000000099999999999 0.00000000099999999999 0.00000000099999999999 0.00000000099999999999 0.00000000099999999999 
0.00000000099999999999 0.88453326584900038299 0.00000000099999999999 0.00000000099999999999 0.11546672815099960629 0.00000000099999999999 0.00000000099999999999 0.00000000099999999999 
0.02339402503201284608 0.97660585686287348928 0.00000000099999999999 0.00000000099999999999 0.00000000099999999999 0.00000000099999999999 0.00000011310511380327 0.00000000099999999999 
0.03467536807989539394 0.87867245854231579294 0.00000000100000000000 0.00000000100000000000 0.00000000100000000000 0.01148129017842887227 0.07517087919936008000 0.00000000100000000000 
