0.00000362331375305899 0.09660857333866612606 0.03398357126370189080 0.04562880754064791572 0.08478925833795407374 0.00003885491038906686 0.67893506482512500089 0.06001224646976293514 
0.00000000099999999970 0.99999999300000019797 0.00000000099999999970 0.00000000099999999970 0.00000000099999999970 0.00000000099999999970 0.00000000099999999970 0.00000000099999999970 
0.01494321725946467019 0.00000000099999999999 0.00000000099999999999 0.00000000099999999999 0.04532149248234960265 0.00000000099999999999 0.93973528525818572632 0.00000000099999999999 
0.05051149928434087166 0.00000000100000000000 0.01326457695496779422 0.00000000100000000000 0.00000103921493515129 0.10561354677122056223 0.83048044185279035201 0.00012889392174505039 
0.04098841762112883508 0.14035689284650521014 0.01868173077763736131 0.09131854145498558006 0.00459905610529518210 0.02054294522104301024 0.65645425269046697725 0.02705816328293795744 
0.00000000100000000000 0.00000000100000000000 0.00000004236945801865 0.00000000100000000000 0.12506401425927368698 0.00000000100000000000 0.87493593837126826251 0.00000000100000000000 
0.00000000100000000000 0.06855950561378933161 0.01646327369833923415 0.08933879045752328441 0.19272148089870491661 0.00000000100000000000 0.63291694633164319317 0.00000000100000000000 
0.00074267034488499932 0.10079108565580209567 0.02572186383708703269 0.02542939998705352062 0.00000000100000000000 0.08257951164107546482 0.75592373116647781917 0.00881173636761909546 
0.00000000868612084809 0.08553656420183597398 0.05948846180661834099 0.11947612386218227354 0.05192682659581253357 0.00000000100000000000 0.68259925612797633931 0.00097275771945363923 
0.01243873312054445159 0.10771005614100229164 0.06942733292828938418 0.00000000898805144608 0.00000602965946431913 0.06483405230801811414 0.70202195068847250692 0.04356183616615755261 
0.03762055750869638254 0.08156207141479471234 0.02039030108179348127 0.14786588481259801964 0.00000000100000000000 0.00000000100000000000 0.66031120391634789968 0.05224997926576948476 
0.00000000100000000000 0.12214939169213860637 0.00350193718414497585 0.08484181565334210362 0.00138904044685328183 0.00000000100000000000 0.75240630566327781903 0.03571150736024318595 
0.00404290982364443295 0.10039937486218916685 0.00000000100000000000 0.06623487103304036283 0.04394100158056094690 0.00000000100000000000 0.76346488638515841441 0.02191695431540674477 
0.00000000099999999999 0.00000000099999999999 0.00000000099999999999 0.00000000099999999999 0.00000053363771824472 0.16202069298972313072 0.83797876837255858007 0.00000000099999999999 
0.00000000099999999989 0.99999999300000008695 0.00000000099999999989 0.00000000099999999989 0.00000000099999999989 0.00000000099999999989 0.00000000099999999989 0.00000000099999999989 
0.01548277556464308820 0.09836776526832534395 0.00000000100000000000 0.15328791334684055414 0.05810619743744024207 0.00000000100000000000 0.67086511308542007281 0.00389023329733059363 
0.01873997145379865253 0.12007020819518940402 0.04902078661796654274 0.08218786073841061190 0.00000000100000000000 0.00000000100000000000 0.71861629739696941677 0.01136487359766543033 
0.00000000601689160273 0.12432768207139097139 0.00000000100000000000 0.12618854880644961303 0.00000000100000000000 0.09570128344377225316 0.61881627842538289297 0.03496619923611267444 
0.01866639704399452107 0.08569168772437192605 0.00000056515972994206 0.08563532216873373515 0.00074902975387313331 0.00000020406031093248 0.71392733015607412472 0.09532946393291164000 
0.00095403739931444796 0.11032859599247031579 0.01097421097598978018 0.16608085728098576084 0.00000919387921034888 0.00000000100000000000 0.65532168801599632868 0.05633141545603308209 
0.02114748052695267916 0.07594385489748216311 0.00000000100000000000 0.00011228645385932377 0.06660855961829900695 0.00000000100000000000 0.74522895757253393434 0.09095885893087311824 
0.01941368918684354197 0.10203017836677502617 0.00000039475017710491 0.07388030307370668792 0.00000000100000000000 0.00000000100000000000 0.73177198710271595949 0.07290344551978183985 
0.00046835842738912701 0.10375200930751014849 0.01452871492883734371 0.09536295863470491130 0.06680046306171660841 0.00000000100000000000 0.67759154148559130881 0.04149595315425047559 
0.00000000099999999983 0.99999999300000008695 0.00000000099999999983 0.00000000099999999983 0.00000000099999999983 0.00000000099999999983 0.00000000099999999983 0.00000000099999999983 
0.01035185510589428301 0.11052076437238907147 0.00000000100000000000 0.12032798479472865683 0.08009115167279774739 0.00001417518922169239 0.65539880734867916878 0.02329526051628941219 
0.00000000100000000000 0.08032763697385791879 0.03389024808387643140 0.10300484102834756017 0.04990309576860773449 0.00000000603650342832 0.72518718881510924046 0.00768698229369771131 
0.00000000100000000000 0.11845790981431381095 0.00002894093227356381 0.13137439077332999093 0.10763593823193114141 0.00000000100000000000 0.61597706288183406986 0.02652575536631732872 
0.02527251183828384609 0.13036456927398487604 0.04056683182688090861 0.05299303442586182633 0.03249662648545086074 0.00000004055023510723 0.66689756573288427877 0.05140881986641831353 
0.03373187241455926494 0.10289583592506842957 0.00000000100000000000 0.06730090016364501104 0.00376166290814786445 0.00028564409798089861 0.71546948093245477107 0.07655460255814376669 
0.00319610841891330684 0.12247926769785170975 0.00001391773597546807 0.09624033433925581471 0.03492617183945645465 0.00000000100000000000 0.69412513249744534072 0.04901906647110191445 
0.04580220367468233050 0.11217262007378046851 0.00460818865673520792 0.06908304176169623168 0.03721251825769696098 0.00000008396133758325 0.69356963540728822082 0.03755170820678301741 
0.00000013637200707036 0.00041193996590518320 0.00000000100000000000 0.15134677920125216843 0.02313958026182193206 0.05260103605955194356 0.77250052613946162960 0.00000000100000000000 
0.05175631418383504906 0.05354967793567363271 0.01316885778856687235 0.15160655405792433648 0.00000000199488776391 0.00000000171311790551 0.69585056324209804135 0.03406802908389630624 
0.00000000099999999985 0.99999999300000019797 0.00000000099999999985 0.00000000099999999985 0.00000000099999999985 0.00000000099999999985 0.00000000099999999985 0.00000000099999999985 
0.00218626500390070545 0.05465837311484032790 0.04460996220427285858 0.00373018929786280698 0.00000000100000000000 0.10648728545935028100 0.77194212895048464063 0.01638579496928842250 
0.03169073766924397628 0.11443296906954728009 0.05479546832960800751 0.02931527431073760806 0.04934277157626670157 0.00470577697366071548 0.64728086520291305828 0.06843613686802253737 
0.00000000099999999972 0.99999999300000008695 0.00000000099999999972 0.00000000099999999972 0.00000000099999999972 0.00000000099999999972 0.00000000099999999972 0.00000000099999999972 
0.02416068438102837723 0.07861047286417460755 0.02455100505380235915 0.00619833699021504671 0.07191402705370561477 0.00000000100000000000 0.73015998235374934833 0.06440549030332479163 
0.00000000099999999998 0.00000000099999999998 0.00572938447224988819 0.00000000099999999998 0.00000000099999999998 0.00000000099999999998 0.99427060952774992675 0.00000000099999999998 
0.01653647761584754738 0.08490974562386401081 0.02590488923098576909 0.14493564786183674165 0.00000000100000000000 0.00000000100000000000 0.71648329321006565262 0.01122994445740009388 
0.00023619184232902144 0.11853925617932950520 0.00731623800348386952 0.08015189451561943734 0.00062290540554770164 0.00000000100000000000 0.74434087694570960636 0.04879263610798077744 
0.00819769064083847136 0.12225462946773958672 0.00005724301765564281 0.18534949943205211720 0.00000000100000000000 0.08303927880795582139 0.60094830442434432616 0.00015335320941389820 
0.00000000100000000000 0.08672475848884736438 0.04913574547915940810 0.00000000100000000000 0.00000000100000000000 0.03773385832892910824 0.78344788391000874661 0.04295775079305536731 
0.01098031361326288341 0.06049295335093535231 0.01601995604583016444 0.04686694984135879316 0.00000009963341668143 0.07831388036977769695 0.72614975621317445764 0.06117609093224397887 
0.00000000100000000000 0.08232076932385043455 0.01333173695220825350 0.07858372846645733656 0.08960294418496789204 0.00000000100000000000 0.70943602349217471659 0.02672479558034120128 
0.00000000099999999986 0.99999999300000019797 0.00000000099999999986 0.00000000099999999986 0.00000000099999999986 0.00000000099999999986 0.00000000099999999986 0.00000000099999999986 
0.00000000100000000000 0.08879995891672462505 0.00000000100000000000 0.10517005091056534638 0.00062043834975438101 0.08649770181563394555 0.66102398032232767555 0.05788786768499396690 
0.02044852684514255128 0.11116737617685061579 0.04337007717454419153 0.11422650061714280378 0.06668787142675586255 0.00000056162946460406 0.62484218939480429267 0.01925689673529498019 
0.00000000100000000000 0.11369966493342682778 0.00285513627970101916 0.07155877384801101471 0.10041917507054567982 0.05227653392320399245 0.59180819247205462830 0.06738252247305699660 
0.00000000233409038726 0.00000000099999999999 0.00000000099999999999 0.00000000099999999999 0.00008009673135877896 0.18536575154937010024 0.81455414538518067236 0.00000000099999999999 
0.03244594901321436187 0.11346585261921136867 0.00335232103787110741 0.12927775135035010634 0.02888235949570601424 0.02516857330867652148 0.63754095465637494744 0.02986623851859562459 
0.00000000100000000000 0.08270600420531140640 0.04428056025902660925 0.07927881359831884245 0.07249811572948118565 0.00000000100000000000 0.62151309713534852452 0.09972340707251339809 
0.00374995461257233726 0.08209670611066517687 0.05224110637997687184 0.00000000100000000000 0.00000000100000000000 0.09016499987992029896 0.73698562735975936544 0.03476160365710605216 
0.00000000100000000000 0.08842806141438326606 0.01024874810550018001 0.12446196180587840163 0.02805199469398337447 0.05733057939987046270 0.64017739279123531126 0.05130126078914901133 
0.01152185649932283007 0.04423393611748481502 0.00344000435024232427 0.00000007058622617964 0.00039996666695694396 0.17267243862137526822 0.76770932500068744808 0.00002240215770426458 
0.06836860788755631801 0.11388350818089106042 0.02985095511736219481 0.06089533614677439949 0.04465302066318918572 0.00000000100000000000 0.61374876685275514543 0.06859980415147166888 
0.00000000099999999999 0.17059477353045129910 0.07287463238940207477 0.09705358009159668897 0.00000000099999999999 0.00000000099999999999 0.34900695317009267082 0.31047005781845721240 
0.03806839362226099865 0.08612061383218103106 0.00000000100000000000 0.05255772332801252750 0.04787061257893186067 0.03809073491189128580 0.70208285887788912660 0.03520906184883301759 
0.02039242131792759483 0.10594886234895449506 0.00000002046689260737 0.11466549009985825547 0.00000000155706186312 0.04076932152741691295 0.67923280742036695745 0.03899107526152139486 
0.06951696067536099199 0.09813401912140874706 0.03645022592482290158 0.08816895145263985156 0.02381800326396168316 0.00000000100000000000 0.56123666320620924086 0.12267517535559653574 
0.01087787947881132221 0.05477507076774086603 0.00686153570402561405 0.15461777567452439364 0.08035906101337707275 0.00001292601900875316 0.63892132481361874063 0.05357442652889322920 
0.00000001635170809697 0.00000000100000000000 0.00000000100000000000 0.05377531114156378078 0.04709834076168762512 0.00000000100000000000 0.89912614566999493615 0.00000018307504549970 
0.00000000100000000000 0.09865078479759141483 0.05287954962072820286 0.08119288589097867215 0.00703565667890543051 0.11009285827763393151 0.64107638096147911977 0.00907188277268322803 
0.00000000100000000000 0.11470542497146925254 0.01997014116553701840 0.15407283708152505475 0.00211274920168352115 0.00004139800181031549 0.67967950915609087748 0.02941793942188389299 
0.00000116839841251534 0.01546635257316534423 0.00224688651457475956 0.06968182555166377301 0.14603872116766136724 0.00000000100000000000 0.74228363810550834767 0.02428140668901392421 
0.02380690373292685541 0.10153513058343943687 0.01029388521801496807 0.00013617576573022295 0.04291077991724881469 0.00000039333428317838 0.79501605548390430478 0.02630067596445225669 
0.00000000100000000000 0.00744593965381602080 0.00000000100000000000 0.01981094400074393316 0.00000000100000000000 0.25170669647655807832 0.70462203308245974220 0.01641438378642223403 
0.00811915535394232279 0.09195329693862368259 0.01903974309398192080 0.12094745217879541987 0.00037018979814990895 0.10389472823351893205 0.61326431315507679010 0.04241112124791106275 
0.00000000100000000000 0.10865155241036576761 0.00046627473663776292 0.08519653148060730985 0.09035480990481892238 0.00119943800744970182 0.64231714866209121961 0.07181424379802926750 
0.00402114201476724657 0.08982557114728788317 0.00693280492085579861 0.03411587321724219440 0.08107384410293401455 0.00000281595911021265 0.71684370513021478111 0.06718424350758785135 
0.00782637741390163587 0.08869682180633195467 0.00000000100000000000 0.24743260171758338362 0.00000000100000000000 0.13498403586510845931 0.52106015519615633824 0.00000000600091821638 
0.00000000100000000000 0.04151521339031587904 0.06485335804995655262 0.05882618114804166742 0.00034072527438263781 0.01427986186943423080 0.49420770123389390349 0.32597695803397513936 
0.03170327187119491297 0.00000000099999999999 0.00000000099999999999 0.00000000099999999999 0.08625138929258817366 0.00000000099999999999 0.88204533383621674947 0.00000000099999999999 
0.00470959700192674635 0.00000000099999999999 0.00000000099999999999 0.00000000099999999999 0.00000000099999999999 0.16799414406642110276 0.82729625393165207026 0.00000000099999999999 
0.05385152175518679446 0.09550198519423561128 0.03281320313244185521 0.05087013473860788060 0.00000007671287267351 0.00348331828285871996 0.67794888051767476789 0.08553087966612164805 
0.02699274851001974562 0.09912491423124415724 0.02195988651191466828 0.13723812203369806229 0.03779752601079363478 0.00051989848085943872 0.67636690322147030585 0.00000000100000000000 
0.00000001043014334456 0.08180243090391310645 0.03311476137907820583 0.05192561934788791217 0.04332847165704609843 0.05522975235745582190 0.67514668040312009190 0.05945227352135541016 
0.00000000099999999999 0.00000000099999999999 0.00000000099999999999 0.00000000099999999999 0.18780057248453185803 0.00000000252750188541 0.81219941998796618687 0.00000000099999999999 
0.00000000099999999999 0.00000000099999999999 0.00000000099999999999 0.00000000099999999999 0.00000000099999999999 0.00000000099999999999 0.99999999299999986491 0.00000000099999999999 
0.01207813979794083656 0.12007775318029040301 0.01535373449366146323 0.08577898197462668906 0.00000002986008304514 0.02320108397158641284 0.68937415021978820651 0.05413612650202295068 
0.00000000099999999999 0.11791228216938451356 0.02116300164403875014 0.26563130905409038096 0.00000000099999999999 0.00000000099999999999 0.27453832798827926265 0.32075507614420711855 
0.00000000100000000000 0.08594500506768903980 0.03863355650536239722 0.10055661366330800877 0.00000000100000000000 0.09160668258257177732 0.62426321077588553532 0.05899492940518322875 
0.00000008689239772055 0.01973273124904511427 0.00000091610626875534 0.03163429280061797605 0.00000004623850542060 0.12506966625981302821 0.75822274179183790643 0.06533951866151403720 
0.02525986677414493453 0.10061473589182845512 0.05231690172178934950 0.11340905195928858984 0.00757490659361864920 0.00000000100000000000 0.65536064996366405477 0.04546388609566584527 
0.00000003043864228277 0.05003552769385724575 0.00336643623749577955 0.12253909717758995623 0.00000007429974462057 0.14860379073244323056 0.61714898130222062278 0.05830606211800624245 
0.00000000100000000000 0.00000000100000000000 0.00950931844084687908 0.00000000100000000000 0.00000000100000000000 0.10216023481422099872 0.84049079661508663275 0.04783964612984548115 
0.00000000100000000000 0.02945165224077466240 0.00001127288722370737 0.00000000120523878948 0.00000187916090697081 0.19273327617342037033 0.76641594323931316879 0.01138597409312239357 
0.00000000100000000000 0.06297619775606849712 0.02183421052595210451 0.15214879373748421698 0.00006239844810742532 0.03757013800191629643 0.66326411235810645017 0.06214414817236507682 
0.00000000100000000000 0.05781213216705860525 0.00256983843911394189 0.06779257051363950237 0.00004451249259180338 0.10790874322516887107 0.75322194777055251347 0.01065025439187470072 
0.02189752527891752898 0.05188006319435759656 0.00003759801780929805 0.15684457831755257984 0.00000000100000000000 0.06161893512710611004 0.64887093674399509702 0.05885036232026195913 
0.00000439712120634619 0.00000000100000000000 0.00883550992308061896 0.07820409952312214197 0.11369495106110671934 0.00000000100000000000 0.79766238580789028401 0.00159865456359368141 
0.00000000099999999999 0.00000000099999999999 0.00000000099999999999 0.00000000099999999999 0.00000000099999999999 0.12673285023202759958 0.87326714376797232031 0.00000000099999999999 
0.00000000100000000000 0.07250214050311452885 0.02197147374071223291 0.06777173602312891454 0.00000000100000000000 0.11967569543175060609 0.64349073889674734961 0.07458821340454634130 
0.00811775553554318526 0.05641675058617645622 0.00013224071996852736 0.00000000100000000000 0.16450889699010823319 0.00019140896469691386 0.77063291001563460902 0.00000003618787207160 
0.00939914926643058667 0.13336324910896782403 0.04529553157390530521 0.09188809954370570632 0.00001494610989967211 0.05371255033978505899 0.64795972928850142925 0.01836674476880461107 
0.00000900260046679107 0.08951892481542590707 0.06904477314829318702 0.00000311622980994372 0.13467906548674851708 0.00000000100000000000 0.65850053113285500483 0.04824458558640064287 
0.00000000100000000000 0.04341153418039973844 0.04227876488384096215 0.67402507392250132767 0.03282727857876787531 0.00000000100000000000 0.12857640004876350059 0.07888094638572673567 
0.00000000099999999999 0.00000000099999999999 0.00000000099999999999 0.99999999300000008695 0.00000000099999999999 0.00000000099999999999 0.00000000099999999999 0.00000000099999999999 
0.00348636069033549491 0.03364284376890282202 0.01950661892182013746 0.71057647497860576546 0.00000111596296092633 0.02706826941505100642 0.08647539107604404474 0.11924292518627963022 
0.00000000099999999998 0.00000000099999999998 0.00000000099999999998 0.99999999300000008695 0.00000000099999999998 0.00000000099999999998 0.00000000099999999998 0.00000000099999999998 
0.01576432181157033999 0.00000000100000000000 0.07014892429340681412 0.68720556619963801825 0.02194489349809017331 0.00000004526103001566 0.13013349860926809454 0.07480274932699647328 
0.00000000099999999999 0.00000000099999999999 0.00000000099999999999 0.99999999300000008695 0.00000000099999999999 0.00000000099999999999 0.00000000099999999999 0.00000000099999999999 
0.00000000099999999999 0.00000000099999999999 0.00000000099999999999 0.99999999300000008695 0.00000000099999999999 0.00000000099999999999 0.00000000099999999999 0.00000000099999999999 
0.00000000099999999998 0.00000000099999999998 0.00000000099999999998 0.99999999300000008695 0.00000000099999999998 0.00000000099999999998 0.00000000099999999998 0.00000000099999999998 
0.00000000099999999999 0.00000000099999999999 0.00000000099999999999 0.99999999300000008695 0.00000000099999999999 0.00000000099999999999 0.00000000099999999999 0.00000000099999999999 
0.00000000099999999999 0.00000000099999999999 0.00000000099999999999 0.99999999299999997593 0.00000000099999999999 0.00000000099999999999 0.00000000099999999999 0.00000000099999999999 
0.00000000100000000000 0.06697024400962273138 0.00811993948311541362 0.86374494423843894975 0.00000000100000000000 0.00000000100000000000 0.00000000100000000000 0.06116486826882309991 
0.00000000099999999999 0.00000000099999999999 0.00000184796808808527 0.99999814603191194973 0.00000000099999999999 0.00000000099999999999 0.00000000099999999999 0.00000000099999999999 
0.00000000099999999998 0.00000000099999999998 0.00000000099999999998 0.99999999300000008695 0.00000000099999999998 0.00000000099999999998 0.00000000099999999998 0.00000000099999999998 
0.00000000099999999998 0.00000000099999999998 0.00000000099999999998 0.99999509075826731319 0.00000000099999999998 0.00000000099999999998 0.00000000099999999998 0.00000490324173271380 
0.00000000099999999998 0.00000000099999999998 0.00000000099999999998 0.99999999300000008695 0.00000000099999999998 0.00000000099999999998 0.00000000099999999998 0.00000000099999999998 
0.00000000099999999998 0.00000000099999999998 0.00000000099999999998 0.99999999299999997593 0.00000000099999999998 0.00000000099999999998 0.00000000099999999998 0.00000000099999999998 
0.00000000099999999999 0.00000000099999999999 0.00000000099999999999 0.99999999300000008695 0.00000000099999999999 0.00000000099999999999 0.00000000099999999999 0.00000000099999999999 
0.00000000099999999999 0.00000000099999999999 0.00000000099999999999 0.90947355032414822773 0.00000000099999999999 0.00000000099999999999 0.00000000099999999999 0.09052644367585190033 
0.00000000099999999998 0.00000000099999999998 0.00237567189875380509 0.99762432210124618592 0.00000000099999999998 0.00000000099999999998 0.00000000099999999998 0.00000000099999999998 
0.02369680525900109969 0.01883762730292808801 0.00896605540667139850 0.41482598452465607730 0.13235899143302257142 0.05647068256136700271 0.22696524511617935382 0.11787860839617429753 
0.00000000099999999999 0.00000000099999999999 0.00000000099999999999 0.99999999300000008695 0.00000000099999999999 0.00000000099999999999 0.00000000099999999999 0.00000000099999999999 
0.00000000099999999997 0.00000000099999999997 0.00000000099999999997 0.99999999299999997593 0.00000000099999999997 0.00000000099999999997 0.00000000099999999997 0.00000000099999999997 
0.00000000099999999999 0.00000000099999999999 0.00000000099999999999 0.99999999299999997593 0.00000000099999999999 0.00000000099999999999 0.00000000099999999999 0.00000000099999999999 
0.02106252167182803142 0.00000000099999999999 0.00000000099999999999 0.97893747232817207582 0.00000000099999999999 0.00000000099999999999 0.00000000099999999999 0.00000000099999999999 
0.00000000099999999998 0.00000000099999999998 0.00000000099999999998 0.99999999300000008695 0.00000000099999999998 0.00000000099999999998 0.00000000099999999998 0.00000000099999999998 
0.00000000099999999999 0.00000000099999999999 0.00000000099999999999 0.99999999299999997593 0.00000000099999999999 0.00000000099999999999 0.00000000099999999999 0.00000000099999999999 
0.00000000099999999999 0.00000000099999999999 0.00000000099999999999 0.99999999300000008695 0.00000000099999999999 0.00000000099999999999 0.00000000099999999999 0.00000000099999999999 
0.00000000099999999999 0.00000000099999999999 0.00000000099999999999 0.99929886577636817258 0.00070112822363171522 0.00000000099999999999 0.00000000099999999999 0.00000000099999999999 
0.00000000099999999997 0.00000000099999999997 0.00000000099999999997 0.99999999300000008695 0.00000000099999999997 0.00000000099999999997 0.00000000099999999997 0.00000000099999999997 
0.00000000100000000000 0.02501822082380722109 0.04276511677416700019 0.68111133519049127383 0.03868361342027124006 0.00000000100000000000 0.13426572024871205602 0.07815599154255124803 
0.00000000099999999999 0.00000000099999999999 0.00000000099999999999 0.99999999299999997593 0.00000000099999999999 0.00000000099999999999 0.00000000099999999999 0.00000000099999999999 
0.00000000099999999996 0.00000000099999999996 0.86793882102192054795 0.13206117297807951072 0.00000000099999999996 0.00000000099999999996 0.00000000099999999996 0.00000000099999999996 
0.00000000099999999995 0.00000000099999999995 0.99999999300000008695 0.00000000099999999995 0.00000000099999999995 0.00000000099999999995 0.00000000099999999995 0.00000000099999999995 
0.00000000099999999994 0.00000000099999999994 0.99999999300000008695 0.00000000099999999994 0.00000000099999999994 0.00000000099999999994 0.00000000099999999994 0.00000000099999999994 
0.00000000099999999995 0.00000000099999999995 0.99999999299999997593 0.00000000099999999995 0.00000000099999999995 0.00000000099999999995 0.00000000099999999995 0.00000000099999999995 
0.00000000099999999994 0.00000000099999999994 0.99999999299999997593 0.00000000099999999994 0.00000000099999999994 0.00000000099999999994 0.00000000099999999994 0.00000000099999999994 
0.00000000099999999993 0.00000000099999999993 0.99999999299999997593 0.00000000099999999993 0.00000000099999999993 0.00000000099999999993 0.00000000099999999993 0.00000000099999999993 
0.00000000099999999994 0.00000000099999999994 0.99999999299999997593 0.00000000099999999994 0.00000000099999999994 0.00000000099999999994 0.00000000099999999994 0.00000000099999999994 
0.00000000099999999995 0.00000000099999999995 0.99999999299999997593 0.00000000099999999995 0.00000000099999999995 0.00000000099999999995 0.00000000099999999995 0.00000000099999999995 
0.00000000099999999993 0.00000000099999999993 0.99999999300000008695 0.00000000099999999993 0.00000000099999999993 0.00000000099999999993 0.00000000099999999993 0.00000000099999999993 
0.00000000099999999993 0.00000000099999999993 0.99999999299999997593 0.00000000099999999993 0.00000000099999999993 0.00000000099999999993 0.00000000099999999993 0.00000000099999999993 
0.00000000099999999994 0.00000000099999999994 0.99999999299999997593 0.00000000099999999994 0.00000000099999999994 0.00000000099999999994 0.00000000099999999994 0.00000000099999999994 
0.00000000099999999995 0.00000000099999999995 0.99999999299999997593 0.00000000099999999995 0.00000000099999999995 0.00000000099999999995 0.00000000099999999995 0.00000000099999999995 
0.00000000099999999999 0.00000000099999999999 0.37942554257173538579 0.00000000099999999999 0.00000000099999999999 0.00000000099999999999 0.00000000099999999999 0.62057445142826461737 
0.00000000099999999993 0.00000000099999999993 0.99999999300000008695 0.00000000099999999993 0.00000000099999999993 0.00000000099999999993 0.00000000099999999993 0.00000000099999999993 
0.00000000099999999994 0.00000000099999999994 0.99999999299999997593 0.00000000099999999994 0.00000000099999999994 0.00000000099999999994 0.00000000099999999994 0.00000000099999999994 
0.00000000099999999994 0.00000000099999999994 0.99999999299999997593 0.00000000099999999994 0.00000000099999999994 0.00000000099999999994 0.00000000099999999994 0.00000000099999999994 
0.00000000099999999996 0.00000000099999999996 0.99999999299999997593 0.00000000099999999996 0.00000000099999999996 0.00000000099999999996 0.00000000099999999996 0.00000000099999999996 
0.00000000099999999994 0.00000000099999999994 0.99999999299999997593 0.00000000099999999994 0.00000000099999999994 0.00000000099999999994 0.00000000099999999994 0.00000000099999999994 
0.00000000099999999993 0.00000000099999999993 0.99999999299999997593 0.00000000099999999993 0.00000000099999999993 0.00000000099999999993 0.00000000099999999993 0.00000000099999999993 
0.00000000099999999994 0.00000000099999999994 0.99999999300000008695 0.00000000099999999994 0.00000000099999999994 0.00000000099999999994 0.00000000099999999994 0.00000000099999999994 
0.00000000099999999999 0.00000000099999999999 0.54609715220353560738 0.00000000099999999999 0.00000000099999999999 0.00000000099999999999 0.00000000099999999999 0.45390284179646445128 
0.00000000099999999994 0.00000000099999999994 0.99999999299999997593 0.00000000099999999994 0.00000000099999999994 0.00000000099999999994 0.00000000099999999994 0.00000000099999999994 
0.00000000099999999999 0.00000000099999999999 0.59634108182026146494 0.00000000099999999999 0.00000000099999999999 0.00000000099999999999 0.00000000099999999999 0.40365891217973848271 
0.00000000099999999994 0.00000000099999999994 0.99999999300000008695 0.00000000099999999994 0.00000000099999999994 0.00000000099999999994 0.00000000099999999994 0.00000000099999999994 
0.00000000099999999995 0.00000000099999999995 0.99999999300000008695 0.00000000099999999995 0.00000000099999999995 0.00000000099999999995 0.00000000099999999995 0.00000000099999999995 
0.00000000099999999992 0.00000000099999999992 0.99999999299999997593 0.00000000099999999992 0.00000000099999999992 0.00000000099999999992 0.00000000099999999992 0.00000000099999999992 
0.72482800440187256097 0.03231883993429380403 0.00000000100000000000 0.01677762719713799672 0.00025614819419628274 0.22581937727249942749 0.00000000100000000000 0.00000000100000000000 
0.00000000099999999999 0.00000000099999999999 0.00000000099999999999 0.00000000099999999999 0.49849725862596566683 0.50150273537403433632 0.00000000099999999999 0.00000000099999999999 
0.00000000099999999996 0.00000000099999999996 0.00000000099999999996 0.00000000099999999996 0.00000000099999999996 0.99999999300000008695 0.00000000099999999996 0.00000000099999999996 
0.80634033614994804484 0.00000000100000000000 0.00000000100000000000 0.00000000100000000000 0.00002592210634639839 0.19346988881728599541 0.00015142409104939138 0.00001242583537023155 
0.00000000099999999999 0.02754310288384082678 0.00000000099999999999 0.00000000099999999999 0.39838970687279884331 0.57406718524336042275 0.00000000099999999999 0.00000000099999999999 
0.00005965391716390616 0.00000000099999999999 0.00000000099999999999 0.00000000099999999999 0.51123402834651021642 0.48870631273632603175 0.00000000099999999999 0.00000000099999999999 
0.00000000099999999999 0.00000000099999999999 0.00000000099999999999 0.00000000099999999999 0.37560213260956576420 0.62439786139043429447 0.00000000099999999999 0.00000000099999999999 
0.00000000099999999996 0.00000000099999999996 0.00000000099999999996 0.00000000099999999996 0.00000000099999999996 0.99999999299999997593 0.00000000099999999996 0.00000000099999999996 
0.00000000099999999994 0.00000000099999999994 0.00000000099999999994 0.00000000099999999994 0.99999999300000008695 0.00000000099999999994 0.00000000099999999994 0.00000000099999999994 
0.00000000099999999997 0.00000000099999999997 0.00000000099999999997 0.00000000099999999997 0.00000000099999999997 0.99999999299999997593 0.00000000099999999997 0.00000000099999999997 
0.03300034910820797557 0.03458373697084357601 0.00000000099999999999 0.00000000099999999999 0.50025475468976365878 0.43216115523118486808 0.00000000099999999999 0.00000000099999999999 
0.00000000099999999999 0.00000000440732255627 0.00000000099999999999 0.00000000099999999999 0.44732707533706100866 0.55267291525561634824 0.00000000099999999999 0.00000000099999999999 
0.47421149036497639573 0.02882774730891166787 0.00000000100000000000 0.01259329112595196018 0.24248379410712464499 0.19178485737324196814 0.05009881771979332599 0.00000000100000000000 
0.04245255022939550121 0.00000000100000000000 0.00000000100000000000 0.03184772143575964609 0.32860385873624592401 0.29545354547980501314 0.30034885542915573664 0.00129346668963811642 
0.01788803101653707942 0.00000000099999999999 0.00000000099999999999 0.00000000099999999999 0.50604371039510798180 0.47606825358835491713 0.00000000099999999999 0.00000000099999999999 
0.03281408761868124385 0.00000000099999999999 0.00000000099999999999 0.00000000099999999999 0.41426783913648473900 0.55291806824483402671 0.00000000099999999999 0.00000000099999999999 
0.00020773769758440720 0.02213378413291409649 0.00000000100000000000 0.00000000100000000000 0.55463969233583854113 0.42301878183366298236 0.00000000100000000000 0.00000000100000000000 
0.00000000099999999995 0.00000000099999999995 0.00000000099999999995 0.00000000099999999995 0.99999999299999997593 0.00000000099999999995 0.00000000099999999995 0.00000000099999999995 
0.99999999300000019797 0.00000000099999999995 0.00000000099999999995 0.00000000099999999995 0.00000000099999999995 0.00000000099999999995 0.00000000099999999995 0.00000000099999999995 
0.00000000099999999994 0.00000000099999999994 0.00000000099999999994 0.00000000099999999994 0.99999999300000008695 0.00000000099999999994 0.00000000099999999994 0.00000000099999999994 
0.73782250574171459601 0.02629750245699211120 0.01662626245239037098 0.00000000100000000000 0.21537822477952153766 0.00000000100000000000 0.00000001463966884318 0.00387548792971242895 
0.70354837307585127437 0.03785078929083291605 0.01320325331163332665 0.00000192541068989144 0.22620914764231014882 0.00000000100000000000 0.01918650926868245218 0.00000000100000000000 
0.00000008994100336224 0.00000000099999999999 0.00000000099999999999 0.00000000099999999999 0.67445166214724239229 0.32554824291175427087 0.00000000099999999999 0.00000000099999999999 
0.00000000099999999994 0.00000000099999999994 0.00000000099999999994 0.00000000099999999994 0.99999999300000008695 0.00000000099999999994 0.00000000099999999994 0.00000000099999999994 
0.71092076553073846323 0.00000000603944567102 0.00734188688386442322 0.01454232555230620602 0.24039042195550933134 0.00000000100000000000 0.02680459203813585767 0.00000000100000000000 
0.00000760694409965232 0.00000000099999999999 0.00000000099999999999 0.00000000099999999999 0.61556249062056567212 0.38442989743533473312 0.00000000099999999999 0.00000000099999999999 
0.00000000099999999994 0.00000000099999999994 0.00000000099999999994 0.00000000099999999994 0.99999999299999997593 0.00000000099999999994 0.00000000099999999994 0.00000000099999999994 
0.77046561034103211441 0.03378446897225678702 0.00000000099999999999 0.00000000099999999999 0.19574991568671115671 0.00000000099999999999 0.00000000099999999999 0.00000000099999999999 
0.00000000099999999993 0.00000000099999999993 0.00000000099999999993 0.00000000099999999993 0.99999999299999997593 0.00000000099999999993 0.00000000099999999993 0.00000000099999999993 
0.00000117892854813696 0.00000000099999999998 0.00000000099999999998 0.00000000099999999998 0.64847136879160338641 0.35152744727984841511 0.00000000099999999998 0.00000000099999999998 
0.72345242943124188351 0.00000000100000000000 0.00000000100000000000 0.00000081423443467376 0.23886164550065752676 0.00000000100000000000 0.00002048077113406316 0.03766462706253193016 
0.00000000099999999994 0.00000000099999999994 0.00000000099999999994 0.00000000099999999994 0.99999999299999997593 0.00000000099999999994 0.00000000099999999994 0.00000000099999999994 
0.76248017864387718223 0.00509464994426387166 0.00000000100000000000 0.00000000100000000000 0.23242516641185903548 0.00000000100000000000 0.00000000100000000000 0.00000000100000000000 
0.75974823943524449898 0.00000000100000000000 0.00000000100000000000 0.00000000100000000000 0.24024665275841869394 0.00000000100000000000 0.00000193532407230244 0.00000316848226472119 
0.74113117987398979825 0.00000000099999999999 0.00000000099999999999 0.00000000099999999999 0.23402138774166855728 0.00000000099999999999 0.02484742738434177894 0.00000000099999999999 
0.79782803209019115265 0.00155443409806541879 0.00000000100000000000 0.00000000100000000000 0.16254446360597271659 0.00000000100000000000 0.03807306620577068784 0.00000000100000000000 
0.00000000099999999995 0.00000000099999999995 0.00000000099999999995 0.00000000099999999995 0.99999999299999997593 0.00000000099999999995 0.00000000099999999995 0.00000000099999999995 
0.00000000099999999999 0.01410924482787207640 0.00000000099999999999 0.00000000099999999999 0.51038965512160316962 0.47550109505052473580 0.00000000099999999999 0.00000000099999999999 
0.06711247876548591396 0.00000000099999999999 0.00000000099999999999 0.00000000099999999999 0.54139264750509530355 0.39149179204526174392 0.00000307768415697452 0.00000000099999999999 
0.05454635049080829023 0.00000000100000000000 0.00682872085060380694 0.00000000100000000000 0.39234453237667427095 0.49087819114226077799 0.05540220213965288409 0.00000000100000000000 
0.07942011378099644858 0.00000000099999999999 0.00000000099999999999 0.00000000099999999999 0.53187064682070706034 0.38870923157264947179 0.00000000382564689929 0.00000000099999999999 
0.62850586738412606014 0.00101371136904922351 0.00000000100000000000 0.02338931303470470624 0.15122475727269904522 0.14577518298751521164 0.00032693510926650517 0.04976423184263941563 
0.00000000100000000000 0.00000000100000000000 0.00000000100000000000 0.00000000100000000000 0.53493900522718496049 0.46506098877281515369 0.00000000100000000000 0.00000000100000000000 
0.03795238372937582982 0.00000000099999999999 0.00000000099999999999 0.00000000099999999999 0.63878831803741709106 0.32325929323320706787 0.00000000099999999999 0.00000000099999999999 
0.00000000099999999996 0.00000000099999999996 0.00000000099999999996 0.00000000099999999996 0.00000000099999999996 0.99999999299999997593 0.00000000099999999996 0.00000000099999999996 
0.37685861514644514170 0.00000000099999999999 0.00000000099999999999 0.03069630453476936832 0.30026949471347746945 0.29217558071562910182 0.00000000188967886633 0.00000000099999999999 
0.50581087718214323701 0.00000000100000000000 0.00682057628044749169 0.00009652585728300762 0.25981955375853732493 0.20417013667738945215 0.00160141095581243760 0.02168091828838684260 
0.03143438078309820916 0.01056093242836397307 0.00000000099999999999 0.00000000099999999999 0.44632721743355890931 0.51167746535497893312 0.00000000099999999999 0.00000000099999999999 
0.00000000099999999995 0.00000000099999999995 0.00000000099999999995 0.00000000099999999995 0.99999999299999997593 0.00000000099999999995 0.00000000099999999995 0.00000000099999999995 
0.63001821158309634363 0.00000000184215559350 0.00000000099999999999 0.00000000099999999999 0.36998162654803795624 0.00000015602671025786 0.00000000099999999999 0.00000000099999999999 
0.67269145167459332146 0.03771930012919453429 0.00908079747918181038 0.00088082986372254365 0.00000000100000000000 0.26458550957262011449 0.00000000100000000000 0.01504210928068747816 
0.58284130137605727473 0.01731170777830134608 0.00000008460930431322 0.01143679220149091715 0.15979672946445147574 0.20132999881943627885 0.02728137357422591447 0.00000201217673245751 
0.00000000099999999999 0.00000000099999999999 0.00000000099999999999 0.00000000099999999999 0.56385886477519697735 0.43614112922480302581 0.00000000099999999999 0.00000000099999999999 
0.00000000099999999995 0.00000000099999999995 0.00000000099999999995 0.00000000099999999995 0.00000000099999999995 0.99999999300000008695 0.00000000099999999995 0.00000000099999999995 
0.07656198564032959397 0.00000000100000000000 0.00000000100000000000 0.00001060888723963292 0.26578514376675616004 0.65757052758314116225 0.00007173112253349414 0.00000000100000000000 
0.71450225011369539185 0.03502390311079513902 0.00000000100000000000 0.00000000100000000000 0.00003037826601978689 0.25044346450948973271 0.00000000100000000000 0.00000000100000000000 
0.69363083250298951388 0.00000000100000000000 0.02265830072946424523 0.00000000100000000000 0.14810846571330013588 0.13560239705424603773 0.00000000100000000000 0.00000000100000000000 
0.00276556250717885236 0.00000000100000000000 0.00000000100000000000 0.00000000100000000000 0.45822643063129669949 0.53900800186152442173 0.00000000100000000000 0.00000000100000000000 
0.00000000099999999997 0.00000000099999999997 0.00000000099999999997 0.00000000099999999997 0.00000000099999999997 0.99999999299999997593 0.00000000099999999997 0.00000000099999999997 
0.00000000099999999994 0.00000000099999999994 0.00000000099999999994 0.00000000099999999994 0.99999999300000008695 0.00000000099999999994 0.00000000099999999994 0.00000000099999999994 
0.00000000099999999999 0.00000000099999999999 0.00000000099999999999 0.00000000099999999999 0.48712024440488976840 0.51287974959511017925 0.00000000099999999999 0.00000000099999999999 
0.00000000099999999993 0.00000000099999999993 0.00000000099999999993 0.00000000099999999993 0.99999999299999997593 0.00000000099999999993 0.00000000099999999993 0.00000000099999999993 
0.03282000663471212193 0.00000000100000000000 0.00000000100000000000 0.00000106687589476337 0.50385902443723429300 0.45177194213464244577 0.01154795691751620869 0.00000000100000000000 
