0.75341210536649261265 0.03805509648777676002 0.05723223088486206755 0.03635405957191717441 0.05220222875199094503 0.02786385221109233604 0.03440036649539010560 0.00048006023047796027 
0.00000000099999999961 0.99999999300000019797 0.00000000099999999961 0.00000000099999999961 0.00000000099999999961 0.00000000099999999961 0.00000000099999999961 0.00000000099999999961 
0.96731431018140867639 0.00000000100000000000 0.00000062614026808015 0.00000000100000000000 0.00000000100000000000 0.00000000100000000000 0.00000000100000000000 0.03268505867832335876 
0.81125764673028555318 0.00228369759024264979 0.07415894356105397212 0.00000000100000000000 0.00000000100000000000 0.01741354923438664937 0.02470034011490164841 0.07018582076912950607 
0.73191416260361519264 0.08443601699984581987 0.00394698097162466798 0.05723448274940697716 0.00000000100000000000 0.03346149456294535141 0.04729054109261181249 0.04171632001995002198 
0.91326462195342272832 0.00000000100000000000 0.06772777517888804721 0.00000000100000000000 0.00906501536047267693 0.00000184067365149274 0.00000000100000000000 0.00994074383356519618 
0.70168184351380091801 0.03356371185214334502 0.14319316635435863638 0.08979568739427622182 0.00000000100000000000 0.02920873553221276994 0.00255685335320803746 0.00000000100000000000 
0.84334815645704330755 0.04997020976512999563 0.02637225354059308247 0.00373731451099954546 0.00000000100000000000 0.03671443156266299135 0.02663924126177615384 0.01321839190179496457 
0.77394476784255095136 0.03764166504860184947 0.00003909489239640421 0.10415240780475486237 0.00000000100000000000 0.07180794491168948634 0.01238976562025763048 0.00002435287974882398 
0.77990601037542195417 0.04742638843655234970 0.03099217321347300796 0.00000000100000000000 0.04795953436943043574 0.06683563683391234578 0.00968315117221267563 0.01719710459899724195 
0.70704327221990659336 0.03710835508430591900 0.00000000100000000000 0.12567417118498575013 0.00000000100000000000 0.02965188588531176422 0.06919372008141395913 0.03132859354407597358 
0.82574449808477168311 0.04057408375105852477 0.00000000100000000000 0.07104811317248363456 0.00000484568649204211 0.01912740744465486406 0.04350104986053918155 0.00000000100000000000 
0.85563526634716990937 0.04338324302955246653 0.00000000100000000000 0.05697514577986699524 0.02914621116741105550 0.00000000100000000000 0.00448397776388656695 0.01037615391211307858 
0.85458999068619456718 0.00000000100000000000 0.13896273154420238360 0.00000008194278302649 0.00000000100000000000 0.00632299363220381952 0.00012419919461614784 0.00000000100000000000 
0.80598867529120410413 0.03102091686754660307 0.07540514713442253436 0.00000003034077023795 0.06215846346177358872 0.00000000100000000000 0.01892647475726301834 0.00650029114701989458 
0.73783491237810605590 0.06644899305769859377 0.00963662444637420137 0.14373237236120270377 0.00569360066524996107 0.00000000100000000000 0.00923159544605254775 0.02742190064531595597 
0.79015670578794539036 0.04321329094091991979 0.00000000100000000000 0.07049043528621042054 0.02596162252095131004 0.04581601776802940451 0.01281748234919741387 0.01154444434674611539 
0.74039246039203898686 0.04287830072600849751 0.04065949742667288036 0.13425704766800675150 0.00135621639033478895 0.00000028898260366382 0.04034690674159463475 0.00010928167273972211 
0.77497296582790220487 0.02711014992239027879 0.00000000100000000000 0.06926629672850731501 0.05352667643057994196 0.00000000100000000000 0.06412014629863105331 0.01100376279198931467 
0.71595823669208569218 0.04007246629810799765 0.00000000100000000000 0.14654572654734557280 0.00000000100000000000 0.02152787884703127874 0.07588875405369717442 0.00000693556173225852 
0.81919981634950800320 0.03361344995086638920 0.00521894824540238174 0.00279237624207389137 0.01261159646916301842 0.00000000100000000000 0.08609742814998198879 0.04046638359300445270 
0.80283984207309733172 0.03835601685608557715 0.00000000100000000000 0.04729178621782434422 0.10068835955788972558 0.00000000100000000000 0.00000127735371700236 0.01082271594138627287 
0.76739817537678933768 0.03342085068341297399 0.01987349334753302221 0.08779720735650654861 0.00000000100000000000 0.02973331830288863942 0.05122126706015071862 0.01055568687271858132 
0.84870396625401389734 0.02193631269301273695 0.00000000100000000000 0.12935971605297352793 0.00000000100000000000 0.00000000100000000000 0.00000000100000000000 0.00000000100000000000 
0.75301035515746550519 0.02662878518755673260 0.04354939180867695159 0.12569295456157156265 0.00773582373995149522 0.00000315666821659033 0.02835781770940857746 0.01502171516715262653 
0.81266604511793405496 0.01928626297859690683 0.00393594086356688789 0.10247738598366183671 0.00000000100000000000 0.04424510790817106493 0.01738925514806919162 0.00000000100000000000 
0.73472757679989098012 0.03020546637151022909 0.05684981536629180737 0.14264920812208320422 0.00045523344401763254 0.00367971888629695489 0.03143296521409458255 0.00000001579581458503 
0.77442439589996991955 0.04936712906817371238 0.00000003890189494346 0.03809266327957566006 0.02857768004831521755 0.04767503685491668308 0.03513964884411064499 0.02672340710304333539 
0.77199739536606681867 0.05794075713592060362 0.00000000100000000000 0.04330949376802108175 0.00000000100000000000 0.00000623243927006657 0.10008468447860452422 0.02666143481211689231 
0.78096472468877309314 0.06709230716522353311 0.00000000100000000000 0.07289439593385646510 0.00000000100000000000 0.01094385681619773447 0.06168807020762731574 0.00641664318832169643 
0.82017311607276421892 0.01276271729375102679 0.00000000100000000000 0.05204694788039534309 0.06249172276861867520 0.00000815608581601805 0.00289587631365530737 0.04962146258499946366 
0.79762449228411846924 0.00000384853390852674 0.03714969409280886870 0.16358298719606259586 0.00000000099999999999 0.00000000099999999999 0.00000000099999999999 0.00163897489310163092 
0.73169213711881453399 0.01121915493419096792 0.00000000100000000000 0.14506882928030248592 0.00061762960890896900 0.01925580840069442135 0.04510656044286333322 0.04703987921422516510 
0.00000000099999999980 0.99999999300000008695 0.00000000099999999980 0.00000000099999999980 0.00000000099999999980 0.00000000099999999980 0.00000000099999999980 0.00000000099999999980 
0.81238076133483139163 0.04553621826709635528 0.04720857099872986101 0.00379314245276682685 0.03261097996515379543 0.03650267468973072971 0.00000000263217168575 0.02196764965951944482 
0.72593580698101833892 0.06215364400691100050 0.02450966477467139693 0.00786102511442555996 0.02342135115143022944 0.06250343795927980339 0.05893414787096038637 0.03468092214130343021 
0.00000000099999999963 0.99999999300000008695 0.00000000099999999963 0.00000000099999999963 0.00000000099999999963 0.00000000099999999963 0.00000000099999999963 0.00000000099999999963 
0.79250213856866624784 0.03799548729713993211 0.02537090006709979279 0.00102053763963898042 0.04927632206240796509 0.01277094173023675047 0.04053396024725668817 0.04052971238755381095 
0.95546751832015364148 0.00000000099999999999 0.00000000099999999999 0.00000000099999999999 0.00000002977654518088 0.04171190071935534233 0.00282054718394596183 0.00000000099999999999 
0.76235519772619264600 0.03744246991342724956 0.00000000100000000000 0.11006849887104420971 0.00000000100000000000 0.04192943578098792812 0.03756335703427348544 0.01064103867407463662 
0.81108323560445416689 0.03779175653096165932 0.00000000100000000000 0.07156040105261331219 0.02334112816303733282 0.00924179115843838314 0.04698168549049509812 0.00000000100000000000 
0.68800794006394971891 0.05306264068207648676 0.02497069574406593842 0.18224848550917657763 0.00000000100000000000 0.00565812972659471020 0.02069842162317558562 0.02535368565096091792 
0.86262316747293199537 0.03508221088861926407 0.00000802242748547483 0.00000000100000000000 0.01429928235818356090 0.05023636973851700049 0.03775094511426287103 0.00000000100000000000 
0.79656929905121764968 0.01002283138333600991 0.04149126041243657304 0.03575774613547313963 0.01844215967337600390 0.02190797428331668975 0.05793913517197872565 0.01786959388886519284 
0.82240221021012271940 0.00034030502686512617 0.03645715763869927795 0.08439552202672447045 0.00005098537040380398 0.02120791708295441738 0.03514590164423027352 0.00000000100000000000 
0.78677805750212159719 0.02572742465613997789 0.00000000100000000000 0.14354526430984793084 0.03096652748986756729 0.00194169199079833612 0.01104103205122469386 0.00000000100000000000 
0.75009121078294604956 0.02164202237691390668 0.05196101626234438803 0.10999727395021184628 0.01184880243525855519 0.00000000100000000000 0.05445967219232508011 0.00000000100000000000 
0.71250429915033697270 0.04327393891261042957 0.03391348419430785521 0.09251029429759891065 0.07627831245719186859 0.01641644982775603348 0.00000000100000000000 0.02510322016019790256 
0.68161417522338507702 0.04409399839471080801 0.12263044023365395063 0.06510100367409257793 0.03374974417771614554 0.00001502925315088657 0.05279560804329053864 0.00000000100000000000 
0.84905745280554179022 0.00000000099999999998 0.15094242351145781278 0.00000000099999999998 0.00000000099999999998 0.00000000099999999998 0.00000000099999999998 0.00000011868300043799 
0.71363214510877459595 0.04890298458628716122 0.02671069503944656365 0.11925518943294241558 0.03777651000481806881 0.00000003655402780997 0.01640421757783135440 0.03731822169587202531 
0.70640378462600705856 0.02681176666434828548 0.03621792143737927183 0.06731252272284990457 0.03954931904728356540 0.04373135026619329180 0.07997333423593855350 0.00000000100000000000 
0.83619486892525562993 0.02816334682226483838 0.00539838841971715389 0.00000000100000000000 0.00102058365467544844 0.06961194301605935775 0.02766308539537152070 0.03194778276665600353 
0.70605265433261577002 0.03891393416015242329 0.06175242388276514643 0.11188814652098262592 0.03145746390670638853 0.01366382422643336314 0.03627155197034418604 0.00000000100000000000 
0.79814188371437533309 0.00299843421623070252 0.13791457896978834285 0.00000000100000000000 0.03441877302869326971 0.00000000100000000000 0.00000000100000000000 0.02652632707091254205 
0.68138524475649242529 0.07024165485063131598 0.00000000100000000000 0.04807263370368668187 0.05068802000391786633 0.02151695282432035741 0.04450005816484751270 0.08359543469610397626 
0.43569219048419138840 0.08190750030326746089 0.00000000099999999999 0.07540709221660603367 0.15398868725877620789 0.04011793532989872679 0.21288659240726018340 0.00000000099999999999 
0.77360051640163307596 0.02997414060017637022 0.04384829463865499294 0.05829213558618947383 0.00000069139683339625 0.00000000100000000000 0.04522053745573162420 0.04906368292078114313 
0.75653255657256068822 0.04705651997965707573 0.00000000100000000000 0.11741436086302250996 0.02396130943882800179 0.00000000100000000000 0.02668466745930144282 0.02835058368663041437 
0.62718129574478664878 0.04709526377984547124 0.00000000100000000000 0.07371765835188998084 0.08742290068562211247 0.01065955238599507714 0.08081966119398402426 0.07310366685787661467 
0.68508230601757535982 0.02068635878015923080 0.04884630288209667465 0.14729969441509466188 0.00241190344040346323 0.02349958244710377217 0.05179055117300287309 0.02038330084456399516 
0.89545469385669296258 0.00000000100000000000 0.00241343186019229517 0.08015838018858069403 0.00330278263547335166 0.00000000100000000000 0.00011512446960597038 0.01855558498945491380 
0.70321201933205068624 0.04726034546450991886 0.09081894008864750678 0.05647555426839191012 0.07879244773982978234 0.02344069110657021754 0.00000000100000000000 0.00000000100000000000 
0.74901752016540978918 0.04181221046996038554 0.00000000100000000000 0.12898791569880962982 0.03230214377091675942 0.02396844267585151317 0.02391176521905195862 0.00000000100000000000 
0.74724534539693632240 0.02644808101094016373 0.10505831894540368365 0.05448869011458393891 0.00000000100000000000 0.00892563209635812913 0.04460974322124546670 0.01322418821453224744 
0.85008251893676867184 0.06674946751301069625 0.00087310198307336342 0.00000022122110555725 0.00946500290635309167 0.00627824516486413017 0.03134376804087180002 0.03520767423395263634 
0.71925549246399644865 0.01293449046517155220 0.18332782155054649920 0.08353611084576015311 0.00000005290562484299 0.00000000100000000000 0.00094602976890054147 0.00000000100000000000 
0.69366439719947248221 0.01783972716168882519 0.07044061683173960531 0.12568448543605725831 0.03304396793813315497 0.01422457687128657160 0.02932428862200844172 0.01577793993961368324 
0.71578909230276954734 0.05268842938035141893 0.06551646048004688971 0.08128238230722570345 0.00003869802819216837 0.01419186641020331319 0.07049307009121079381 0.00000000100000000000 
0.80511471020735458914 0.02029543317453238321 0.04378752433448066667 0.01694257602495128148 0.02224645549200784250 0.01443289799006372207 0.06253354371765158792 0.01464685905895815599 
0.60764302194309016691 0.03440788523319456005 0.05792255006298952652 0.27147648629710241508 0.00000000100000000000 0.00000000100000000000 0.00000000100000000000 0.02855005346362339200 
0.54126933869075544159 0.00103235106449197311 0.00007793172654665245 0.04960760412191637242 0.19280604421196820275 0.00000605830881549525 0.21520067087550590057 0.00000000100000000000 
0.87161106819532307988 0.00000000100000000000 0.07948172405774824034 0.00000000100000000000 0.00000000100000000000 0.00000000100000000000 0.00000000100000000000 0.04890720274692875180 
0.86343214105960131022 0.00000000100000000000 0.10244725518092859251 0.00000000100000000000 0.00000000100000000000 0.00000000100000000000 0.00000286823182419945 0.03411773152764601552 
0.74545354452746392937 0.02966677048566190508 0.00000000100000000000 0.04321821956414513555 0.03894353808235218734 0.02888515501252747128 0.06769161584444086111 0.04614115548340842754 
0.75527018567628634305 0.03991893719802706852 0.00000979357833058794 0.14037057040520781181 0.00000000100000000000 0.03008699765192917805 0.00000000100000000000 0.03434351349021896871 
0.74138977507226300201 0.02955867661410706282 0.07278360084202122049 0.04929027785058510275 0.03879330179298262626 0.02672711751933129487 0.04145724913719616572 0.00000000117151358844 
0.80195185462057072545 0.00000000100000000000 0.18985421679497285763 0.00000000100000000000 0.00669668936748464561 0.00000000100000000000 0.00000000100000000000 0.00149723521697183327 
0.98923937832577069074 0.00000000099999999999 0.00000000099999999999 0.00000000099999999999 0.00201233098308624793 0.00874828569114321879 0.00000000099999999999 0.00000000099999999999 
0.77212460618182388039 0.05208755272974038147 0.00000000100000000000 0.07768122458355990190 0.02849338388480260331 0.01311925330526326344 0.04565819610386720462 0.01083578221094284345 
0.33495721966455554997 0.05782151150696203390 0.00000000099999999999 0.23791408290235271927 0.16292410155880515665 0.00000000099999999999 0.20638308136732450015 0.00000000099999999999 
0.71496218289763502352 0.02554499215032644127 0.05538392391585376245 0.08849403783390345779 0.09843428836015238881 0.01545174394269536663 0.00172882989943365264 0.00000000100000000000 
0.79076585731333670637 0.00000000100000000000 0.09064516552909769598 0.04643350455151413342 0.03364116718990051158 0.00000000100000000000 0.03835372351685131798 0.00016057989929976058 
0.71964448241865264233 0.04632923134501307216 0.00000000100000000000 0.09209199972095208353 0.00000000320734871917 0.07095492594120045293 0.05143857295042603833 0.01954078341640680741 
0.65546412199160830614 0.03266122647807494228 0.11639999409907608729 0.11376917753917882570 0.05213596132974809144 0.00000001601559239327 0.02951944246500209923 0.00005006008171934598 
0.84347275114198549950 0.01337788580633659206 0.06754292681546329724 0.00000000100000000000 0.05784877196061750937 0.00000000290802239172 0.01775764669244470073 0.00000001367513005975 
0.79855173469533768937 0.00000000100000000000 0.16240248521499484058 0.00000000100000000000 0.03904577508966746574 0.00000000100000000000 0.00000000100000000000 0.00000000100000000000 
0.71632998240402168122 0.01687448628291258676 0.01803262899391510840 0.14770713864340992427 0.01974416744192644679 0.02364849307008973570 0.05766310216372450698 0.00000000100000000000 
0.77232091263165891792 0.05628246764690368609 0.07493217456017636779 0.07039160485650851340 0.02513651739173218547 0.00000091225160576882 0.00000000100000000000 0.00093540966141455496 
0.69049101468058593500 0.03253350104563959566 0.02349996151253728668 0.14262435372357784580 0.04438374593781293370 0.00000000100000000000 0.03517116169840331374 0.03129626040144314197 
0.80242707100287236077 0.00000000100000000000 0.06832091873788570524 0.07162072566591608236 0.02269258339111286660 0.00361597682423890968 0.00893532249437571993 0.02238740088359843575 
0.89918945544647366219 0.00000000099999999999 0.08908142985227639199 0.00000000099999999999 0.00000000099999999999 0.01008398064445341878 0.00000000099999999999 0.00164513005679670240 
0.69431831962881762621 0.03901802527882556465 0.09198010163916024717 0.06536087577116184155 0.02573825839546942454 0.02074845143284722443 0.06283596685371799218 0.00000000100000000000 
0.76909046185762675041 0.04173681572149624125 0.14699961073151904256 0.00000000100000000000 0.00000000100000000000 0.00635562939955614664 0.01375607702972375147 0.02206140326007811556 
0.74561778824951974176 0.05799190406664598424 0.01843456958195695272 0.08634852975161616540 0.02297221946947106824 0.04651405977992970758 0.00882134584559210629 0.01329958325526812805 
0.72541687894698969608 0.03886351847118908048 0.10038216848327272124 0.00000003847464333981 0.05761845813750859913 0.05449660592247513452 0.01926651477324261771 0.00395581679067893467 
0.15187339593034526741 0.03678598892436612394 0.00000000100000000000 0.69120390428507572089 0.00238806946199311525 0.04253535577673987073 0.07521328362148005375 0.00000000100000000000 
0.00000000099999999999 0.00000000099999999999 0.00000000099999999999 0.99999999300000008695 0.00000000099999999999 0.00000000099999999999 0.00000000099999999999 0.00000000099999999999 
0.07932267246853573484 0.03570586352939458807 0.02537918590903165406 0.71904541814744848960 0.00841544021451533404 0.02218049247806348073 0.10948071056611477503 0.00047021668689586893 
0.00000000099999999998 0.00000000099999999998 0.00000000099999999998 0.99999999299999997593 0.00000000099999999998 0.00000000099999999998 0.00000000099999999998 0.00000000099999999998 
0.13383688087963538371 0.00000000100000000000 0.00001732387655970260 0.69726899364745142940 0.00206266277358683938 0.07736989568630067704 0.06922497426592143233 0.02021926787054453833 
0.00000000099999999999 0.00000000099999999999 0.00000000099999999999 0.99999999300000008695 0.00000000099999999999 0.00000000099999999999 0.00000000099999999999 0.00000000099999999999 
0.00000000099999999999 0.00000000099999999999 0.00000000099999999999 0.99999999299999997593 0.00000000099999999999 0.00000000099999999999 0.00000000099999999999 0.00000000099999999999 
0.00000000099999999998 0.00000000099999999998 0.00000000099999999998 0.99999999299999997593 0.00000000099999999998 0.00000000099999999998 0.00000000099999999998 0.00000000099999999998 
0.00000000099999999999 0.00000000099999999999 0.00000000099999999999 0.99999999299999997593 0.00000000099999999999 0.00000000099999999999 0.00000000099999999999 0.00000000099999999999 
0.00000000099999999999 0.00000000099999999999 0.00000000099999999999 0.99992918529357877055 0.00000000099999999999 0.00007080870642122560 0.00000000099999999999 0.00000000099999999999 
0.00000000099999999999 0.00000000099999999999 0.00000000099999999999 0.99999999299999997593 0.00000000099999999999 0.00000000099999999999 0.00000000099999999999 0.00000000099999999999 
0.00000000100000000000 0.00000000100000000000 0.00000000100000000000 0.88649130545730614461 0.11242711498003905846 0.00108157456265469982 0.00000000100000000000 0.00000000100000000000 
0.00000000099999999998 0.00000000099999999998 0.00000000099999999998 0.99999999300000008695 0.00000000099999999998 0.00000000099999999998 0.00000000099999999998 0.00000000099999999998 
0.00000000099999999999 0.00000000099999999999 0.00000000099999999999 0.91536896031554493280 0.00000000099999999999 0.00000000099999999999 0.08463103368445498709 0.00000000099999999999 
0.00000000099999999998 0.00000000099999999998 0.00000000099999999998 0.99999999300000008695 0.00000000099999999998 0.00000000099999999998 0.00000000099999999998 0.00000000099999999998 
0.00000000099999999998 0.00000000099999999998 0.00000000099999999998 0.99999999300000008695 0.00000000099999999998 0.00000000099999999998 0.00000000099999999998 0.00000000099999999998 
0.00000000099999999999 0.00000000099999999999 0.00000000099999999999 0.99999999300000008695 0.00000000099999999999 0.00000000099999999999 0.00000000099999999999 0.00000000099999999999 
0.00000000099999999999 0.00000000099999999999 0.00000000099999999999 0.91259312350010124426 0.00001307143997000998 0.00000000099999999999 0.08739380005992866685 0.00000000099999999999 
0.00000000099999999999 0.00000000099999999999 0.00000000099999999999 0.95676895042244325396 0.00000000099999999999 0.04323104357755669369 0.00000000099999999999 0.00000000099999999999 
0.23123418723543576192 0.01448624737865500910 0.17385857367554508057 0.41409891089808809062 0.07248953234459827588 0.00000000100000000000 0.06521057566373573977 0.02862197180394203747 
0.00000000099999999999 0.00000000099999999999 0.00000000099999999999 0.99999999300000008695 0.00000000099999999999 0.00000000099999999999 0.00000000099999999999 0.00000000099999999999 
0.00000000099999999997 0.00000000099999999997 0.00000000099999999997 0.99999999299999997593 0.00000000099999999997 0.00000000099999999997 0.00000000099999999997 0.00000000099999999997 
0.00000000099999999999 0.00000000099999999999 0.00000000099999999999 0.99999999299999997593 0.00000000099999999999 0.00000000099999999999 0.00000000099999999999 0.00000000099999999999 
0.00000000099999999999 0.00000000099999999999 0.00000000099999999999 0.99218065065737970354 0.00000000099999999999 0.00000000099999999999 0.00000000099999999999 0.00781934334262043146 
0.00000000099999999999 0.00000000099999999999 0.00000000099999999999 0.89649277891569978394 0.10350721508430031637 0.00000000099999999999 0.00000000099999999999 0.00000000099999999999 
0.00000000099999999999 0.00000000099999999999 0.00000000099999999999 0.86876107839163108082 0.13123891560836906112 0.00000000099999999999 0.00000000099999999999 0.00000000099999999999 
0.00000000099999999999 0.00000000099999999999 0.00000000099999999999 0.99999999299999997593 0.00000000099999999999 0.00000000099999999999 0.00000000099999999999 0.00000000099999999999 
0.00000000099999999999 0.00000000099999999999 0.00000000099999999999 0.99999999300000008695 0.00000000099999999999 0.00000000099999999999 0.00000000099999999999 0.00000000099999999999 
0.00000000099999999998 0.00000000099999999998 0.00000000099999999998 0.99999999300000008695 0.00000000099999999998 0.00000000099999999998 0.00000000099999999998 0.00000000099999999998 
0.15600428312714401113 0.00358528686190792353 0.02093029616626057576 0.69388999655294480995 0.05694486547939549281 0.02107581592856679412 0.04756945488378024056 0.00000000100000000000 
0.00000000099999999999 0.00000000099999999999 0.00000000099999999999 0.99999999299999997593 0.00000000099999999999 0.00000000099999999999 0.00000000099999999999 0.00000000099999999999 
0.00000000099999999995 0.00000000099999999995 0.00000000099999999995 0.00000000099999999995 0.00000000099999999995 0.99999999300000008695 0.00000000099999999995 0.00000000099999999995 
0.00000000099999999996 0.00000000099999999996 0.00000000099999999996 0.00000000099999999996 0.00000000099999999996 0.99999999299999997593 0.00000000099999999996 0.00000000099999999996 
0.00000000099999999994 0.00000000099999999994 0.00000000099999999994 0.00000000099999999994 0.00000000099999999994 0.99999999300000008695 0.00000000099999999994 0.00000000099999999994 
0.00000000099999999995 0.00000000099999999995 0.00000000099999999995 0.00000000099999999995 0.00000000099999999995 0.99999999299999997593 0.00000000099999999995 0.00000000099999999995 
0.00000000099999999994 0.00000000099999999994 0.00000000099999999994 0.00000000099999999994 0.00000000099999999994 0.99999999300000008695 0.00000000099999999994 0.00000000099999999994 
0.00000000099999999993 0.00000000099999999993 0.00000000099999999993 0.00000000099999999993 0.00000000099999999993 0.99999999300000008695 0.00000000099999999993 0.00000000099999999993 
0.00000000099999999994 0.00000000099999999994 0.00000000099999999994 0.00000000099999999994 0.00000000099999999994 0.99999999300000008695 0.00000000099999999994 0.00000000099999999994 
0.00000000099999999995 0.00000000099999999995 0.00000000099999999995 0.00000000099999999995 0.00000000099999999995 0.99999999300000008695 0.00000000099999999995 0.00000000099999999995 
0.00000000099999999993 0.00000000099999999993 0.00000000099999999993 0.00000000099999999993 0.00000000099999999993 0.99999999300000008695 0.00000000099999999993 0.00000000099999999993 
0.00000000099999999993 0.00000000099999999993 0.00000000099999999993 0.00000000099999999993 0.00000000099999999993 0.99999999299999997593 0.00000000099999999993 0.00000000099999999993 
0.00000000099999999994 0.00000000099999999994 0.00000000099999999994 0.00000000099999999994 0.00000000099999999994 0.99999999300000008695 0.00000000099999999994 0.00000000099999999994 
0.00000000099999999995 0.00000000099999999995 0.00000000099999999995 0.00000000099999999995 0.00000000099999999995 0.99999999300000008695 0.00000000099999999995 0.00000000099999999995 
0.00000000099999999994 0.00000000099999999994 0.00000000099999999994 0.00000000099999999994 0.99999999299999997593 0.00000000099999999994 0.00000000099999999994 0.00000000099999999994 
0.00000000099999999993 0.00000000099999999993 0.00000000099999999993 0.00000000099999999993 0.00000000099999999993 0.99999999300000008695 0.00000000099999999993 0.00000000099999999993 
0.00000000099999999994 0.00000000099999999994 0.00000000099999999994 0.00000000099999999994 0.00000000099999999994 0.99999999299999997593 0.00000000099999999994 0.00000000099999999994 
0.00000000099999999993 0.00000000099999999993 0.00000000099999999993 0.00000000099999999993 0.00000000099999999993 0.99999999299999997593 0.00000000099999999993 0.00000000099999999993 
0.00000000099999999996 0.00000000099999999996 0.00000000099999999996 0.00000000099999999996 0.00000000099999999996 0.99999999300000008695 0.00000000099999999996 0.00000000099999999996 
0.00000000099999999994 0.00000000099999999994 0.00000000099999999994 0.00000000099999999994 0.00000000099999999994 0.99999999300000008695 0.00000000099999999994 0.00000000099999999994 
0.00000000099999999993 0.00000000099999999993 0.00000000099999999993 0.00000000099999999993 0.00000000099999999993 0.99999999299999997593 0.00000000099999999993 0.00000000099999999993 
0.00000000099999999994 0.00000000099999999994 0.00000000099999999994 0.00000000099999999994 0.00000000099999999994 0.99999999300000008695 0.00000000099999999994 0.00000000099999999994 
0.00000000099999999999 0.00000000099999999999 0.00000000099999999999 0.00000000099999999999 0.35088502636118718003 0.43010599365089685620 0.21900897498791579987 0.00000000099999999999 
0.00000000099999999994 0.00000000099999999994 0.00000000099999999994 0.00000000099999999994 0.00000000099999999994 0.99999999300000008695 0.00000000099999999994 0.00000000099999999994 
0.00000000099999999999 0.00000000099999999999 0.00000000099999999999 0.00000000099999999999 0.30488197875827949268 0.49303974844475956241 0.20207826779696089203 0.00000000099999999999 
0.00000000099999999994 0.00000000099999999994 0.00000000099999999994 0.00000000099999999994 0.00000000099999999994 0.99999999299999997593 0.00000000099999999994 0.00000000099999999994 
0.00000000099999999995 0.00000000099999999995 0.00000000099999999995 0.00000000099999999995 0.00000000099999999995 0.99999999299999997593 0.00000000099999999995 0.00000000099999999995 
0.00000000099999999993 0.00000000099999999993 0.00000000099999999993 0.00000000099999999993 0.00000000099999999993 0.99999999299999997593 0.00000000099999999993 0.00000000099999999993 
0.00487999924890684337 0.01456543078903881940 0.21718790432831283632 0.04065564324152599884 0.00000000100000000000 0.00000000100000000000 0.00000000100000000000 0.72271101939221527033 
0.00000000099999999999 0.00000000099999999999 0.99999999299999997593 0.00000000099999999999 0.00000000099999999999 0.00000000099999999999 0.00000000099999999999 0.00000000099999999999 
0.00000000099999999999 0.00000000099999999999 0.98743804540847113227 0.00000000099999999999 0.00000000099999999999 0.00000000099999999999 0.00000000099999999999 0.01256194859152889171 
0.00448921528342983815 0.00000013605985634086 0.16354012849047686040 0.00000000100000000000 0.00000000100000000000 0.00000000100000000000 0.01289125516059622632 0.81907926200564085129 
0.00000000099999999999 0.02135050163226460962 0.97864946310534739471 0.00000000099999999999 0.00000000099999999999 0.00000000099999999999 0.00000000099999999999 0.00000003026238812330 
0.00000000099999999999 0.00000000099999999999 0.98932266629618792475 0.00000000099999999999 0.00000000099999999999 0.00000000099999999999 0.00000000099999999999 0.01067732770381213912 
0.00000000099999999999 0.00000000099999999999 0.99999999299999997593 0.00000000099999999999 0.00000000099999999999 0.00000000099999999999 0.00000000099999999999 0.00000000099999999999 
0.03906969823860894503 0.00000000100000000000 0.90204528915995163540 0.00000000100000000000 0.00000000100000000000 0.00000000100000000000 0.00000000100000000000 0.05888500760143947771 
0.00000000099999999999 0.00000000099999999999 0.99999999299999997593 0.00000000099999999999 0.00000000099999999999 0.00000000099999999999 0.00000000099999999999 0.00000000099999999999 
0.00000000099999999999 0.00000000099999999999 0.98327565171810737965 0.00000000099999999999 0.00000000099999999999 0.00000000099999999999 0.01672434228189268943 0.00000000099999999999 
0.00000000099999999999 0.02245277658080911676 0.92895189855208193386 0.00000000099999999999 0.00000000099999999999 0.00000000099999999999 0.00000000099999999999 0.04859531986710902141 
0.00000000099999999999 0.01994548856551226976 0.98005362229858672407 0.00000000099999999999 0.00000000099999999999 0.00000000099999999999 0.00000000099999999999 0.00000088413590111661 
0.07363433224363477581 0.01569415539208101826 0.39757662562704221276 0.02569463218103763130 0.00000000100000000000 0.00000000100000000000 0.00000000100000000000 0.48740025155620442243 
0.30065500588482602096 0.00000000100000000000 0.60417060758907359386 0.01933716653040574648 0.00000000100000000000 0.00000000100000000000 0.02426473990558734167 0.05157247709010735065 
0.00000000099999999999 0.00000000099999999999 0.96904321997044551296 0.00000000099999999999 0.00000000099999999999 0.00000000099999999999 0.00000000099999999999 0.03095677402955458041 
0.00000000099999999999 0.00000000099999999999 0.94721719852772212622 0.00000000099999999999 0.00000000099999999999 0.00000000099999999999 0.00000000099999999999 0.05278279547227789081 
0.00000094770182297329 0.00000000100000000000 0.95575248283651470516 0.00000000100000000000 0.00000000100000000000 0.02206734483375456801 0.00000000100000000000 0.02217922062790790572 
0.00567539567691670733 0.00995663288594165682 0.88996502497529861309 0.04144247576863989424 0.00000000100000000000 0.00000000100000000000 0.00000000100000000000 0.05296046769320308240 
0.00000000099999999995 0.00000000099999999995 0.00000000099999999995 0.00000000099999999995 0.00000000099999999995 0.00000000099999999995 0.00000000099999999995 0.99999999299999997593 
0.02457356273459910395 0.00000000100000000000 0.88636811107983348723 0.00000000100000000000 0.00000000100000000000 0.00000000100000000000 0.00739339567969460321 0.08166492650587280078 
0.03779656345340078050 0.02145822284151153309 0.13841462251525249449 0.00000000100000000000 0.00000000100000000000 0.01347605113367283947 0.01662563397297504159 0.77222890408318722866 
0.07773061357460905874 0.00689316619580042107 0.17647343251097380445 0.00663629198398031205 0.00000000100000000000 0.01582123001030456486 0.00000000100000000000 0.71644526372433181560 
0.00000000099999999999 0.00000000099999999999 0.99827722989659617436 0.00000000099999999999 0.00000000099999999999 0.00000000099999999999 0.00000000099999999999 0.00172276410340380299 
0.00000000099999999999 0.00000000099999999999 0.99685369537765311510 0.00000000099999999999 0.00000000099999999999 0.00000000099999999999 0.00000000099999999999 0.00314629862234691495 
0.04605596449946749993 0.00000001190805190792 0.18820277286394754279 0.00000418326407085865 0.03075334277799157343 0.00000000100000000000 0.00000000100000000000 0.73498372268647060856 
0.00000000099999999999 0.01762033533433485927 0.97071455761653746563 0.00000000099999999999 0.00000000099999999999 0.00000000099999999999 0.00000000099999999999 0.01166510204912780263 
0.00000000099999999999 0.01644661363703148541 0.97141449863849638202 0.00000000099999999999 0.01213888272447212306 0.00000000099999999999 0.00000000099999999999 0.00000000099999999999 
0.05249709660345137224 0.00495005558864193302 0.14001624285728872521 0.00000000100000000000 0.00000000100000000000 0.00000000100000000000 0.00864244480319743304 0.79389415714742050945 
0.00000000099999999999 0.00000000099999999999 0.99999897894684830479 0.00000000099999999999 0.00000000099999999999 0.00000000099999999999 0.00000000099999999999 0.00000101505315173150 
0.00000000099999999998 0.00000000099999999998 0.98796406073534970282 0.00000000099999999998 0.00000000099999999998 0.00000000099999999998 0.00000000099999999998 0.01203593326465039054 
0.03119178223195455055 0.00000000100000000000 0.17520797746994024036 0.00507610931972355978 0.00000000100000000000 0.00000000100000000000 0.04190845583225463744 0.74661567214612689636 
0.00026052497959387297 0.00000000099999999999 0.99723156896838516250 0.00000000099999999999 0.00000000099999999999 0.00000000099999999999 0.00000000099999999999 0.00250790105202097682 
0.01303764029850693063 0.01885420309850811826 0.19733050658739129113 0.00000000100000000000 0.00000000100000000000 0.00000000100000000000 0.00000000100000000000 0.77077764601559373148 
0.04368840257937343236 0.00000000100000000000 0.14625613731475245460 0.00000000100000000000 0.01110401432420642792 0.00000000100000000000 0.00000000359763470044 0.79895143918403299654 
0.05957964113291684682 0.01022879603304880508 0.15782725828833940596 0.00000000100000000000 0.00000000100000000000 0.00000000100000000000 0.00000000100000000000 0.77236430054569482628 
0.07742918494559689058 0.00000000100000000000 0.09629696448382371599 0.00000000100000000000 0.00040855361492537806 0.00000000822066692925 0.00000000100000000000 0.82586528573498696471 
0.00000000099999999998 0.00000000099999999998 0.99999999299999997593 0.00000000099999999998 0.00000000099999999998 0.00000000099999999998 0.00000000099999999998 0.00000000099999999998 
0.00000000099999999999 0.03308685471732594058 0.96691313928267408340 0.00000000099999999999 0.00000000099999999999 0.00000000099999999999 0.00000000099999999999 0.00000000099999999999 
0.03086029240991018663 0.00000000099999999999 0.88758188235914281528 0.00000000099999999999 0.00000000099999999999 0.00000000099999999999 0.00000000099999999999 0.08155782023094718114 
0.06726525162849078532 0.00000000100000000000 0.85349633686104953156 0.00000000100000000000 0.00000000100000000000 0.01332805432097611785 0.00048827310396530561 0.06542208108551839096 
0.01964212640105315530 0.00000000099999999999 0.88767997031482792636 0.00000000099999999999 0.00000000099999999999 0.00000000099999999999 0.00000000099999999999 0.09267789828411909792 
0.01123890078777827969 0.00075346137240770957 0.26572242631921699774 0.02450899983775407798 0.02864804562481228570 0.00000000100000000000 0.02624678533627267107 0.64288137972175807278 
0.00000000100000000000 0.00000000100000000000 0.97739184496124065227 0.00110891719725234690 0.00000000100000000000 0.00000000100000000000 0.02149666029318481747 0.00000257354832225393 
0.00000000099999999999 0.00000000099999999999 0.91269850679109820746 0.01573360673848262642 0.00000000099999999999 0.00000000099999999999 0.00000000099999999999 0.07156788147041927284 
0.00000000099999999998 0.00000000099999999998 0.99998777205729871831 0.00000000099999999998 0.00000000099999999998 0.00000000099999999998 0.00000000099999999998 0.00001222194270138863 
0.00000000170186637239 0.00000000099999999999 0.55451827294076128094 0.05223663129923047238 0.00000000099999999999 0.00000000099999999999 0.00000000099999999999 0.39324509005814201057 
0.00078099075478255760 0.00000000100000000000 0.43167602165120810831 0.00632480123213784509 0.00000000100000000000 0.00699432196921039636 0.02950190327100126603 0.52472195912165975340 
0.01638104411490306361 0.00000000099999999999 0.93360997556733860137 0.00000000099999999999 0.00000000099999999999 0.00000000099999999999 0.00000000099999999999 0.05000897531775824745 
0.00000000100000000000 0.00000000100000000000 0.97858565282062803803 0.00000000378474600958 0.00000000100000000000 0.00362802397900120538 0.00000000100000000000 0.01778631541562481974 
0.00000000099999999999 0.01692170115144630768 0.36406813231197560077 0.00000000099999999999 0.00000000099999999999 0.00000000099999999999 0.00000000099999999999 0.61901016153657806296 
0.00658501932985607833 0.02624103245850815599 0.23221703644851326986 0.01065721029314712319 0.00000000727137055241 0.00972292361311744707 0.02469627470472283981 0.68988049588076449936 
0.04188544150447304215 0.01290704451706773531 0.32897282438669822602 0.01250323875411787911 0.00000000100000000000 0.00000496870410197837 0.00682117035532681364 0.59690531077821440409 
0.00000000099999999999 0.00817651751656409999 0.99156637866585661811 0.00000000099999999999 0.00000000099999999999 0.00000000099999999999 0.00000000099999999999 0.00025709881757946115 
0.00000000099999999999 0.00000000099999999999 0.94333121884776183208 0.00000000099999999999 0.00000000099999999999 0.00000000099999999999 0.00000000099999999999 0.05666877515223816414 
0.00022828705112044504 0.00000000099999999999 0.84337131533838127773 0.05609045401507722212 0.00000000099999999999 0.00000000099999999999 0.00000000099999999999 0.10030993959542101879 
0.00001305433948482027 0.01624541359040435756 0.24103988317386962348 0.00000000100000000000 0.01127854524443467482 0.00000000100000000000 0.00000000100000000000 0.73142310065180637935 
0.00000000100000000000 0.00000000100000000000 0.24857626687939621268 0.00000000100000000000 0.03765737823253337280 0.00000000100000000000 0.00000000100000000000 0.71376634988807030613 
0.00000000100000000000 0.00000000100000000000 0.94172514893329584140 0.02709117611571890127 0.00000000100000000000 0.00000000100000000000 0.00000000100000000000 0.03118366995098530506 
0.00000000099999999999 0.00000000099999999999 0.99999995298800981036 0.00000000099999999999 0.00000000099999999999 0.00000004101199017785 0.00000000099999999999 0.00000000099999999999 
0.00000000099999999999 0.00000000099999999999 0.99999999300000008695 0.00000000099999999999 0.00000000099999999999 0.00000000099999999999 0.00000000099999999999 0.00000000099999999999 
0.00000000099999999999 0.00095627398268595463 0.99904371868475128071 0.00000000099999999999 0.00000000099999999999 0.00000000099999999999 0.00000000233256268924 0.00000000099999999999 
0.00001754664823139294 0.00000000099999999999 0.94940768093848215692 0.00000000099999999999 0.00000000099999999999 0.00000000099999999999 0.00000000099999999999 0.05057476741328634923 
0.02238722233249012053 0.00000000100000000000 0.90730788435537945702 0.01675989733481986557 0.00000000100000000000 0.00000000100000000000 0.00000000100000000000 0.05354499197731055204 
