0.01074193018342485192 0.72063590118031939369 0.00000000213682244775 0.10777098605739623971 0.05656358755720812537 0.02033603056383360280 0.02950131983545865519 0.05445024248553650276 
0.00000000099999999998 0.98567913403856832755 0.00000000099999999998 0.00000000099999999998 0.01432085996143176929 0.00000000099999999998 0.00000000099999999998 0.00000000099999999998 
0.00000000099999999999 0.81228998746419656118 0.10134079941637326450 0.08636920811943020471 0.00000000099999999999 0.00000000099999999999 0.00000000099999999999 0.00000000099999999999 
0.00004701548932144214 0.73285120137051684708 0.12464346985628345366 0.10932908908619107247 0.00119624529216656597 0.01752567416946079065 0.01440730373605981010 0.00000000100000000000 
0.00000000100000000000 0.73419625657743869951 0.00000000100000000000 0.07112064189324272812 0.02832165775594568807 0.06076561265089060887 0.01702242479537104808 0.08857340432711126310 
0.00000000100000000000 0.79894202168317840496 0.00000327263861837663 0.17477958514550706592 0.00000000100000000000 0.02627511116388785845 0.00000000636880823043 0.00000000100000000000 
0.00000023671002527073 0.66386781804152084074 0.00087650153366979685 0.22744587115578013270 0.00000192206156884477 0.00000000100000000000 0.00888458076661539746 0.09892306873081997687 
0.11304182539014279163 0.80282997591644778002 0.03018483331528540314 0.00001003568594653402 0.01026711191019700174 0.00766636281589474881 0.03119430191057763826 0.00480555305550816377 
0.00000040773576920065 0.71873295605352771620 0.04918662079745836357 0.05026842782030606360 0.00057203395888043003 0.00000000100000000000 0.05384298494332481755 0.12739656769073343101 
0.11261805536078453582 0.74224852901550275597 0.00000000100000000000 0.00000000100000000000 0.04012159538161671340 0.03727312622242438811 0.06773868718304514036 0.00000000483662650211 
0.00000000100000000000 0.70528308236748182836 0.00012048796253667189 0.02042732606706649037 0.04586020834558223597 0.05543892974350028008 0.02171818837315292461 0.15115177614067953904 
0.00000000100000000000 0.82559527215284644885 0.00000000100000000000 0.04008906300580108995 0.02945407152854858518 0.00987128983808049573 0.00377585190672778768 0.09121444956799544534 
0.00000000701752150103 0.78904591502646004297 0.13040581897110994913 0.00220662727640646332 0.01204836250159298065 0.00000000100000000000 0.00000000100000000000 0.06629326720690893737 
0.25376184710152061008 0.74621800498566148718 0.00000101608339625825 0.00001797617880583331 0.00000000100000000000 0.00000115265061557310 0.00000000100000000000 0.00000000100000000000 
0.00000008842221291025 0.75705925922906880388 0.00000286346940584916 0.14313760612188697330 0.05974664979775063528 0.03049975026622674112 0.00441948327755304227 0.00513429941589509716 
0.00001752141526514230 0.71125367529613880979 0.08431481181030889283 0.05194798355186924094 0.00063430067385504693 0.00000025067808369687 0.00000000202234628384 0.15183145455213273300 
0.00000000100000000000 0.78368378271974303839 0.06246706975044751670 0.00014331086773214019 0.00441090280873815237 0.00732052817231341850 0.04592447016387585929 0.09604993451715002073 
0.08821044624812902912 0.70416615619247824309 0.00000043707966830669 0.02239974140595524243 0.03133134828840897917 0.02625625378462526777 0.00000000100000000000 0.12763561600073511371 
0.00000000100000000000 0.71579992668002379030 0.00000009853274096399 0.07179903673558468702 0.09538771347395613720 0.03409698393607901723 0.00001226110092587272 0.08290397854068938532 
0.00000000100000000000 0.71293229812249059307 0.05515666902378239811 0.00178974687895650051 0.05392909151082373592 0.00000092727376060571 0.01073699491120998217 0.16545427127897630037 
0.00000462435082656243 0.76225809273123190657 0.00643470037955093822 0.09111232717338330067 0.09014881663964570413 0.05003774746198825368 0.00000000100000000000 0.00000369026337349501 
0.00000000100000000000 0.79177452793236535733 0.01455501701421323471 0.00000000100000000000 0.06642992717457329999 0.04407449991850784926 0.00000072940526729983 0.08316529655507307051 
0.00000000100000000000 0.72906667891617782384 0.01025217199977378202 0.08512345500805576504 0.03809724457270352582 0.02390617594713834171 0.01313712553316527532 0.10041714702298551454 
0.00000000100000000000 0.82177178697474551061 0.00000014956679256452 0.05431656786167947393 0.00000000100000000000 0.01046787886075402872 0.00000000100000000000 0.11344361373602855625 
0.09719402701468685124 0.69565999635212016905 0.02215933739799657437 0.02060822937061411106 0.02108954390893887088 0.02003451702999689207 0.00000003885353786126 0.12325431007210882473 
0.00000000100000000000 0.75258684653221130656 0.00010221144477984710 0.10010868490136239084 0.00268310195095183704 0.00000991121304364696 0.02917179018620110614 0.11533745277144993868 
0.00000000100000000000 0.68877673775981873572 0.00000000100000000000 0.14963450359994359684 0.02223261928344335420 0.00310976949892531650 0.00001656257986100822 0.13622980527800793160 
0.01619283901614115145 0.73582364766417340807 0.10005707501003494042 0.00429051536449864476 0.04890180012856357172 0.00000236891957903214 0.04027947374583246837 0.05445228015117678511 
0.00000000100000000000 0.73931419669249043292 0.07844467718842676462 0.04820626511124300601 0.08033063788500159619 0.00000576486407451015 0.00000000100000000000 0.05369845625876368961 
0.00000000100000000000 0.76957267105710314148 0.04956135278935573651 0.03653594103951473410 0.04146147360193144782 0.00015141172481092355 0.00000822342759479789 0.10270892535968927095 
0.02875731433396206196 0.73009672480739951084 0.12312867189403171875 0.00809764153280952831 0.03107685169108692289 0.00014713763255920744 0.00565256505984049629 0.07304309304831049787 
0.19104790543174113293 0.69528692451539253483 0.00000550572613194067 0.00000000099999999999 0.00000000099999999999 0.00000037042536870295 0.00000000099999999999 0.11365929090136560331 
0.00043050056850132344 0.68656026128279568077 0.08556553184692475278 0.00014119189732413032 0.02578583645345576200 0.03177620729339388633 0.01345578336678634850 0.15628468729081818056 
0.04922068559992646974 0.88099646997841851714 0.00000001019557278196 0.00040285249524617863 0.00000000100000000000 0.00015220271294462962 0.00814616215866515239 0.06108161585922611270 
0.12350126126554596129 0.75587182148802989357 0.00861026062308781898 0.01759710730060283501 0.00681593418044649201 0.02713703219268126174 0.04132313168287535254 0.01914345126673050804 
0.00011972958503125120 0.69781129810177466855 0.07486891510635797220 0.07141266135851932761 0.07201888126368179155 0.00625251028238417265 0.05485783155197740402 0.02265817275027339622 
0.00000000099999999998 0.99999994902395816787 0.00000000099999999998 0.00000000099999999998 0.00000004497604201359 0.00000000099999999998 0.00000000099999999998 0.00000000099999999998 
0.00000000100000000000 0.74893585807460849590 0.02763716499424270431 0.09681204919833143185 0.06809713327767197288 0.03518205631246339865 0.02253563993287438505 0.00080009720980767031 
0.00132497646460437088 0.97921317069345004125 0.00001906097105325923 0.00000011382847691355 0.00000000100000000000 0.00000000100000000000 0.01019642967225912848 0.00924624637015635312 
0.00000000100000000000 0.75402156652468066422 0.00000002401201976842 0.01326525552312101015 0.00180021231188961421 0.05114204799113002131 0.02713277492861446497 0.15263811770854437966 
0.00000000100000000000 0.80485287201107402755 0.00095821863556893607 0.04011890318034681824 0.04750938980061392147 0.02094213118953257985 0.00724921834837779187 0.07836926583448580730 
0.11613655330037703228 0.66936486753341317701 0.00000021263318082019 0.00001079944338042844 0.00001211115345609800 0.03586191611953838676 0.00289210697810451814 0.17572143283854946283 
0.00000000100000000000 0.79377118788373657310 0.00000000100000000000 0.11272533686511755635 0.04396805545168384205 0.00042585721348617592 0.04910955958597584825 0.00000000100000000000 
0.00023965183243635860 0.72887162688076601036 0.00646695739192159388 0.10998929930443340774 0.05632876335377930144 0.03426346311708911713 0.02097547460422772431 0.04286476351534655033 
0.00000000601394681613 0.74361733806349383791 0.00000000538537497865 0.13286937169712223494 0.02579608688601684255 0.00250842542595597308 0.01283810816098183115 0.08237065836710757982 
0.00000465715557240632 0.75772233102254960002 0.00000000100000000000 0.07232356879687275308 0.01815129578156759668 0.00000149004690732557 0.00064144597325100641 0.15115521022327940703 
0.17318338257251325585 0.67728972772591744533 0.00000005762338572321 0.00000000100000000000 0.06356877303618750641 0.00000000100000000000 0.00000000100000000000 0.08595805604199610594 
0.00000055361771582796 0.67524090888525800658 0.03700042670697772929 0.09912557716911521433 0.01304002508789847345 0.01186382905563163753 0.04216574253959757407 0.12156293693780553800 
0.01171046213380166900 0.66312997349288815840 0.00000251097490640405 0.18054388500162737996 0.06802728556055831488 0.00000649594266536981 0.00042068541415011428 0.07615870147940252688 
0.16046666696757033721 0.72710876196118767734 0.02714513022981766832 0.08527086575391210066 0.00000000099999999999 0.00000857208751219873 0.00000000099999999999 0.00000000099999999999 
0.03189720627375270540 0.69121146387531995359 0.03701615410829767194 0.04865506504096728940 0.02446270106814717529 0.02799358104461631067 0.00403688215126261473 0.13472694643763630240 
0.00000347495083232009 0.66885687867524545869 0.00000000100000000000 0.10761492073209173725 0.09453369307499129293 0.00000000100000000000 0.04280744119775930362 0.08618358936907981327 
0.06389018007229284313 0.77898986633918143596 0.00000085952599919612 0.02829682045061347392 0.02910438751691186293 0.04655592187243118990 0.05316195954117412803 0.00000000468139594974 
0.05321919878157419653 0.67228762743227077348 0.02691785422176903170 0.06284653471617837606 0.04660183669005117657 0.00000000100000000000 0.00969763910205679799 0.12842930805609945044 
0.15976896566003973010 0.71907050777774261796 0.05592321020164749829 0.05035329185977478056 0.00161807988987049990 0.00853691423247599120 0.00472544368421364686 0.00000358669423528697 
0.00000000100000000000 0.68141680771761747870 0.11810291380685827844 0.03248221690128357680 0.06869661036140753407 0.01594706895903028401 0.02653363583172159423 0.05682074542208134793 
0.00000000099999999999 0.52432673559668463437 0.00000000099999999999 0.00000000099999999999 0.30548716909923140372 0.00000000099999999999 0.07201744159051808036 0.09816864971356599467 
0.00000784122736918725 0.71106882685358718810 0.11130439438061898172 0.08922337335378525969 0.02910165152122118348 0.00001539662576120276 0.00000000100000000000 0.05927851503765706187 
0.10431163177593212599 0.71743095197537321006 0.00743822448652054890 0.00000000100000000000 0.03993702269638699925 0.02481069374107457842 0.00006119264787564313 0.10601028167683695935 
0.00000000100000000000 0.60365054881389357266 0.16130499495080363737 0.00000025180646673905 0.12168078224348558014 0.00000000100000000000 0.03868377981010610867 0.07467964037524450760 
0.00000000100000000000 0.62687681496655522917 0.06135522106040798562 0.10321515925582330775 0.04897543886494870602 0.00000000100000000000 0.00721951458889264451 0.15235784926337209155 
0.00000286395038260060 0.78677065156983971850 0.08165042448786825890 0.06846841383048361818 0.00000000375638332178 0.00000201253764978792 0.00000000100000000000 0.06310562886739279342 
0.17619646635118010880 0.69243632706407565180 0.00000000100000000000 0.00000039276990313113 0.00045585519171121024 0.00000002908944483920 0.06021685164522837252 0.07069407688845669169 
0.00000000100000000000 0.73171215952710144670 0.00000037585280725095 0.07190352802862326476 0.02948821866529220681 0.00002189625610300521 0.02231384863593347673 0.14455997203413939456 
0.00000000100000000000 0.69165432549564420661 0.06417451840192149592 0.15448183595610323615 0.01346371864195616309 0.00000000100000000000 0.00764061075349535025 0.06858498875087973290 
0.00000000100000000000 0.82518805555745378122 0.00002399780357218481 0.09417321546857139458 0.03164165975987177221 0.04396942054693919050 0.00499503500463191127 0.00000861485895976034 
0.31739159312844811289 0.66881968613959685843 0.00000000100000000000 0.00000005162004632944 0.01369858105480677331 0.00000009378765658676 0.00000000100000000000 0.00008999226944548416 
0.07417715206827919794 0.64700855860570583022 0.00000000100000000000 0.05680586681606805688 0.03533753060794372208 0.03696994516375032985 0.01924899234781429769 0.13045195339043869076 
0.10658662230208508503 0.69390359433025305957 0.00000000100000000000 0.02728606031574252674 0.06555132182242832950 0.01503686687680696327 0.00027647680873317288 0.09135905654395090614 
0.00002359472468301333 0.73842808369008305913 0.07286289415923953572 0.08497724947646677351 0.06134221321897149332 0.00000000100000000000 0.00891249307629084567 0.03345347065426533539 
0.17758544736811002207 0.56397687520862982424 0.02833907188035051164 0.00000000100000000000 0.00000000100000000000 0.00000000100000000000 0.00000000100000000000 0.23009860154290975864 
0.00000000100000000000 0.48525633736010748143 0.00000000100000000000 0.06476079942183463056 0.32844502657295665538 0.00007427181359464311 0.06176713191048328888 0.05969643092102344673 
0.16618937118132781627 0.72950300295605252643 0.07334705371994144907 0.00785475592240582506 0.00000000100000000000 0.02310581322027252874 0.00000000100000000000 0.00000000100000000000 
0.23675010289133052721 0.73255779093834250126 0.00000770995286546278 0.00000004902366325586 0.00000000100000000000 0.03068434419379835465 0.00000000100000000000 0.00000000100000000000 
0.00000000654192275225 0.71632133432473898971 0.00000033793972448083 0.04172120565402633735 0.08610202868935731835 0.06956221111831942250 0.02626208507747422247 0.06003079065443647083 
0.05430979396258928810 0.71859122738389691332 0.00105448420398481933 0.01327994182228665193 0.00000000100000000000 0.05487682735634900194 0.02023951902328111757 0.13764820524761223197 
0.17820651566837730773 0.68487137861961444596 0.00000077206581355457 0.00000000100000000000 0.05818210895688891160 0.00307610825454408343 0.03737030070889518080 0.03829281472586656271 
0.00036729413085011709 0.70737579487334900641 0.05768039525911512061 0.23457651173668575550 0.00000000100000000000 0.00000000100000000000 0.00000000100000000000 0.00000000100000000000 
0.07341277659057071636 0.90474515262725496711 0.00000000100000000000 0.00000000100000000000 0.00000000100000000000 0.02184206578217448569 0.00000000100000000000 0.00000000100000000000 
0.00000032604428375438 0.75305210328301153133 0.01425337210399569079 0.04393132936850820819 0.05621381141508594026 0.03310456053295920270 0.01498731309080614596 0.08445718416134949391 
0.00000000099999999999 0.40331085794953447365 0.00000000099999999999 0.00000000099999999999 0.31598152914364774357 0.00000000099999999999 0.02064559048617573001 0.26006201842064197161 
0.14992783285902899770 0.65470914650823930359 0.00000000100000000000 0.00000000100000000000 0.05413322320937132698 0.00012302281550157567 0.03712308593440560855 0.10398368667345327110 
0.19160339184159042025 0.71886140504123707817 0.00741461306894718782 0.00002891126237770728 0.05946692149774676639 0.00104797560799543160 0.00005740144846856137 0.02151938023163684280 
0.00007003969268027532 0.70294152355303107793 0.00000000933621235033 0.01764407146240180857 0.04083671380454708538 0.06706371152900691968 0.05025882583778425866 0.12118510478433615341 
0.18539187100424450727 0.61930356866906055568 0.00237677877220124432 0.00627789360936500430 0.05341110820955660005 0.00661845289072593608 0.00215487234925816487 0.12446545449558790719 
0.19027947382944035426 0.75432979941714262129 0.00000000473276814887 0.00000000100000000000 0.04148471940765029176 0.00420566955923795237 0.00969308544803408785 0.00000724660572652644 
0.22903826185628134438 0.73499937906641188423 0.00001215816228139273 0.02890545662985005704 0.00408807223536131453 0.00295665872856966556 0.00000001232124437843 0.00000000100000000000 
0.00000000100000000000 0.66081555303941053037 0.00000000100000000000 0.08809652417556078363 0.05906035232664062773 0.01955628552342341536 0.02246321878596855767 0.15000806414899622854 
0.17679530081993036217 0.74562328093282248531 0.01222869364445967541 0.00006103715733784663 0.00519582098746167870 0.00000355592571880856 0.00850972480916354496 0.05158258572310558954 
0.10569285457602657641 0.63928542263877896623 0.00000000100000000000 0.00000000100000000000 0.06081829066613259754 0.04780158505323129497 0.00000978320146254446 0.14639206186436790058 
0.16501701043529315438 0.70899061547010222561 0.00000000623035380548 0.00001488926602110406 0.01582094069601871003 0.04106943466432308454 0.00485226451832158033 0.06423483871956632563 
0.00000057641996279033 0.76320313865724087599 0.08599911468924509306 0.14888969545256311444 0.00000000100000000000 0.00000000100000000000 0.00190747178098805937 0.00000000100000000000 
0.00000192377304945396 0.65958492121869538583 0.00000000100000000000 0.15922685518784585046 0.07260780837297918511 0.01383088710836207977 0.01628249110841702152 0.07846511223065122387 
0.14716184846752217164 0.73004986944492122891 0.00000000100000000000 0.07581056470648518675 0.00000234535053248714 0.04694070721370743882 0.00003466281683148440 0.00000000100000000000 
0.01746058016629400619 0.72292722640783568799 0.05873851218851015854 0.04863752385954545066 0.02042312958292753083 0.00000000100000000000 0.04350033066632674056 0.08831269612856036677 
0.00333030688202199136 0.69867348359416892034 0.00034500651547577743 0.16208022817859440989 0.04783163072281165773 0.01568985795618862630 0.07147810728412386239 0.00057137886661474578 
0.00000000100000000000 0.18290727237577281139 0.00000000100000000000 0.01575484472095974725 0.07097609226497823831 0.00169012011925055608 0.03843624889444532261 0.69023541962459322718 
0.00000000099999999999 0.00000000099999999999 0.00000000099999999999 0.00000000099999999999 0.00000000099999999999 0.00000000099999999999 0.00000000099999999999 0.99999999300000008695 
0.00000000100000000000 0.11000881311149911246 0.00050710606410632995 0.04181609144922432408 0.11541947212349615293 0.00002593479928289981 0.02098253790634584809 0.71124004354604519751 
0.00000000099999999997 0.00000000099999999997 0.00000000099999999997 0.00000000099999999997 0.00000000099999999997 0.00000000099999999997 0.00000000099999999997 0.99999999299999997593 
0.00000000100000000000 0.09995517967859478270 0.02365807523482559363 0.04443247182521014443 0.07026948080539401065 0.00012212393937009570 0.06824818024901220526 0.69331448726759326018 
0.00000000099999999998 0.00000000099999999998 0.00000000099999999998 0.00000000099999999998 0.00000000099999999998 0.00000000099999999998 0.00000000099999999998 0.99999999299999997593 
0.00000000099999999999 0.00000000099999999999 0.00000000099999999999 0.00000000099999999999 0.00000000099999999999 0.00000000099999999999 0.00000000099999999999 0.99999999300000008695 
0.00000000099999999998 0.00000000099999999998 0.00000000099999999998 0.00000000099999999998 0.00000000099999999998 0.00000000099999999998 0.00000000099999999998 0.99999999299999997593 
0.00000000099999999999 0.00000000099999999999 0.00000000099999999999 0.00000000099999999999 0.00000000099999999999 0.00000000099999999999 0.00000000099999999999 0.99999999300000008695 
0.00000000099999999999 0.00000000099999999999 0.00000000099999999999 0.00000000099999999999 0.00000000099999999999 0.00000000099999999999 0.00000000283378092201 0.99999999116621907103 
0.00000000099999999999 0.00000000099999999999 0.00000000099999999999 0.00000000099999999999 0.00000000099999999999 0.00000000099999999999 0.00000000099999999999 0.99999999299999997593 
0.00000000099999999999 0.00000000099999999999 0.00000000099999999999 0.00000000099999999999 0.00000000099999999999 0.00000000099999999999 0.00000111363079842386 0.99999888036920159262 
0.00000000099999999998 0.00000000099999999998 0.00000000099999999998 0.00000000099999999998 0.00000000099999999998 0.00000000099999999998 0.00000000099999999998 0.99999999300000008695 
0.00000000099999999998 0.00000000099999999998 0.00000000099999999998 0.00000000099999999998 0.00000000099999999998 0.00000000099999999998 0.00000000099999999998 0.99999999299999997593 
0.00000000099999999998 0.00000000099999999998 0.00000000099999999998 0.00000000099999999998 0.00000000099999999998 0.00000000099999999998 0.00000000099999999998 0.99999999300000008695 
0.00000000099999999998 0.00000000099999999998 0.00000000099999999998 0.00000000099999999998 0.00000000099999999998 0.00000000099999999998 0.00000000099999999998 0.99999999299999997593 
0.00000000099999999999 0.00000000099999999999 0.00000000099999999999 0.00000000099999999999 0.00000000099999999999 0.00000000099999999999 0.00000000099999999999 0.99999999299999997593 
0.00000000099999999998 0.00000000099999999998 0.00000000099999999998 0.00000000099999999998 0.00000000537230973243 0.00000000099999999998 0.00000000099999999998 0.99999998862769023944 
0.00000000099999999998 0.00000000099999999998 0.00000000099999999998 0.00000000099999999998 0.00000000099999999998 0.00000000099999999998 0.00056267995093026461 0.99943731404906976934 
0.19102480673294056079 0.22248752961041418086 0.04798105308144562375 0.00093516576321629210 0.10611283461653375770 0.00042724568686926387 0.01020470589812238343 0.42082665861045803757 
0.00000000099999999999 0.00000000099999999999 0.00000000099999999999 0.00000000099999999999 0.00000000099999999999 0.00000000099999999999 0.00000000099999999999 0.99999999300000008695 
0.00000000099999999997 0.00000000099999999997 0.00000000099999999997 0.00000000099999999997 0.00000000099999999997 0.00000000099999999997 0.00000000099999999997 0.99999999300000008695 
0.00000000099999999999 0.00000000099999999999 0.00000000099999999999 0.00000000099999999999 0.00000000099999999999 0.00000000099999999999 0.00000000099999999999 0.99999999300000008695 
0.00000000099999999999 0.00000000099999999999 0.01781571759577853242 0.00000000099999999999 0.00000000099999999999 0.00000000528485516091 0.00000000099999999999 0.98218427211936643051 
0.00000000099999999998 0.00000000099999999998 0.00000000099999999998 0.00000000099999999998 0.00000000099999999998 0.00000000099999999998 0.00000000099999999998 0.99999999300000008695 
0.00000000099999999999 0.00000000099999999999 0.00000000099999999999 0.00000000099999999999 0.00000000099999999999 0.00000000099999999999 0.00000000099999999999 0.99999999299999997593 
0.00000000099999999999 0.00000000099999999999 0.00000000099999999999 0.00000000099999999999 0.00000000099999999999 0.00000000099999999999 0.00000000099999999999 0.99999999300000008695 
0.00000000099999999999 0.00000000099999999999 0.00000000099999999999 0.03651800710178743081 0.00000000099999999999 0.00000000099999999999 0.00000000173511790529 0.96348198616309466136 
0.00000000099999999997 0.00000000099999999997 0.00000000099999999997 0.00000000099999999997 0.00000000099999999997 0.00000000099999999997 0.00000000099999999997 0.99999999299999997593 
0.05054604191388976236 0.14605432442746310584 0.00002447193309043879 0.00000000100000000000 0.06868686625155141778 0.00000000100000000000 0.04332348765036585225 0.69136480582363935010 
0.00000000099999999999 0.00000000099999999999 0.00000000099999999999 0.00000000099999999999 0.00000000099999999999 0.00000000099999999999 0.00000000099999999999 0.99999999300000008695 
0.00000000099999999995 0.00000000099999999995 0.00000000099999999995 0.00000000099999999995 0.00000000099999999995 0.00000000099999999995 0.99999999299999997593 0.00000000099999999995 
0.00000000099999999995 0.00000000099999999995 0.00000000099999999995 0.00000000099999999995 0.00000000099999999995 0.00000000099999999995 0.99999999299999986491 0.00000000099999999995 
0.00000000099999999994 0.00000000099999999994 0.00000000099999999994 0.00000000099999999994 0.00000000099999999994 0.00000000099999999994 0.99999999299999997593 0.00000000099999999994 
0.00000000099999999995 0.00000000099999999995 0.00000000099999999995 0.00000000099999999995 0.00000000099999999995 0.00000000099999999995 0.99999999299999986491 0.00000000099999999995 
0.00000000099999999994 0.00000000099999999994 0.00000000099999999994 0.00000000099999999994 0.00000000099999999994 0.00000000099999999994 0.99999999299999997593 0.00000000099999999994 
0.00000000099999999993 0.00000000099999999993 0.00000000099999999993 0.00000000099999999993 0.00000000099999999993 0.00000000099999999993 0.99999999299999997593 0.00000000099999999993 
0.00000000099999999994 0.00000000099999999994 0.00000000099999999994 0.00000000099999999994 0.00000000099999999994 0.00000000099999999994 0.99999999299999997593 0.00000000099999999994 
0.00000000099999999995 0.00000000099999999995 0.00000000099999999995 0.00000000099999999995 0.00000000099999999995 0.00000000099999999995 0.99999999299999997593 0.00000000099999999995 
0.00000000099999999993 0.00000000099999999993 0.00000000099999999993 0.00000000099999999993 0.00000000099999999993 0.00000000099999999993 0.99999999299999986491 0.00000000099999999993 
0.00000000099999999993 0.00000000099999999993 0.00000000099999999993 0.00000000099999999993 0.00000000099999999993 0.00000000099999999993 0.99999999299999997593 0.00000000099999999993 
0.00000000099999999994 0.00000000099999999994 0.00000000099999999994 0.00000000099999999994 0.00000000099999999994 0.00000000099999999994 0.99999999299999986491 0.00000000099999999994 
0.00000000099999999995 0.00000000099999999995 0.00000000099999999995 0.00000000099999999995 0.00000000099999999995 0.00000000099999999995 0.99999999299999997593 0.00000000099999999995 
0.00000000099999999999 0.00000000099999999999 0.00000000099999999999 0.00000000099999999999 0.62466343118909806176 0.00000000099999999999 0.37533656011508037542 0.00000000369582154831 
0.00000000099999999993 0.00000000099999999993 0.00000000099999999993 0.00000000099999999993 0.00000000099999999993 0.00000000099999999993 0.99999999299999997593 0.00000000099999999993 
0.00000000099999999994 0.00000000099999999994 0.00000000099999999994 0.00000000099999999994 0.00000000099999999994 0.00000000099999999994 0.99999999299999997593 0.00000000099999999994 
0.00000000099999999994 0.00000000099999999994 0.00000000099999999994 0.00000000099999999994 0.00000000099999999994 0.00000000099999999994 0.99999999299999986491 0.00000000099999999994 
0.00000000099999999996 0.00000000099999999996 0.00000000099999999996 0.00000000099999999996 0.00000000099999999996 0.00000000099999999996 0.99999999299999986491 0.00000000099999999996 
0.00000000099999999994 0.00000000099999999994 0.00000000099999999994 0.00000000099999999994 0.00000000099999999994 0.00000000099999999994 0.99999999299999986491 0.00000000099999999994 
0.00000000099999999993 0.00000000099999999993 0.00000000099999999993 0.00000000099999999993 0.00000000099999999993 0.00000000099999999993 0.99999999299999986491 0.00000000099999999993 
0.00000000099999999994 0.00000000099999999994 0.00000000099999999994 0.00000000099999999994 0.00000000099999999994 0.00000000099999999994 0.99999999299999997593 0.00000000099999999994 
0.00000054655605318533 0.00000000099999999999 0.00000000099999999999 0.00000000099999999999 0.45409877714250390657 0.00000000099999999999 0.54590067130144281915 0.00000000099999999999 
0.00000000099999999994 0.00000000099999999994 0.00000000099999999994 0.00000000099999999994 0.00000000099999999994 0.00000000099999999994 0.99999999299999986491 0.00000000099999999994 
0.00000000099999999999 0.00000000099999999999 0.00000000099999999999 0.00000000099999999999 0.40561337809933323273 0.00000000099999999999 0.59438661590066665941 0.00000000099999999999 
0.00000000099999999994 0.00000000099999999994 0.00000000099999999994 0.00000000099999999994 0.00000000099999999994 0.00000000099999999994 0.99999999299999997593 0.00000000099999999994 
0.00000000099999999995 0.00000000099999999995 0.00000000099999999995 0.00000000099999999995 0.00000000099999999995 0.00000000099999999995 0.99999999299999997593 0.00000000099999999995 
0.00000000099999999992 0.00000000099999999992 0.00000000099999999992 0.00000000099999999992 0.00000000099999999992 0.00000000099999999992 0.99999999299999986491 0.00000000099999999992 
0.11665895318547482573 0.00000002962420330755 0.55575479588849796553 0.00000010553288421906 0.00000000297263166779 0.32752766555873974452 0.00000000100000000000 0.00005844623756846723 
0.30068976891540699636 0.00000000099999999999 0.00000000099999999999 0.69931022508459295128 0.00000000099999999999 0.00000000099999999999 0.00000000099999999999 0.00000000099999999999 
0.31417433053900573059 0.00000000099999999999 0.00001558481805227097 0.68578583899544209856 0.00000000099999999999 0.00002424164749992906 0.00000000099999999999 0.00000000099999999999 
0.02608092786382190317 0.00000000099999999999 0.66026131169711710367 0.00000000099999999999 0.00000000099999999999 0.31365775543906104783 0.00000000099999999999 0.00000000099999999999 
0.99999999300000019797 0.00000000099999999995 0.00000000099999999995 0.00000000099999999995 0.00000000099999999995 0.00000000099999999995 0.00000000099999999995 0.00000000099999999995 
0.30812303624150261250 0.00000000099999999999 0.03749631118754450515 0.65438064757095293356 0.00000000099999999999 0.00000000099999999999 0.00000000099999999999 0.00000000099999999999 
0.33656614803329237828 0.00000000099999999999 0.00000004274203093447 0.66343380422467668200 0.00000000099999999999 0.00000000099999999999 0.00000000099999999999 0.00000000099999999999 
0.00000000099999999997 0.00000000099999999997 0.00000000099999999997 0.99999999299999997593 0.00000000099999999997 0.00000000099999999997 0.00000000099999999997 0.00000000099999999997 
0.37642245601161739010 0.00000000099999999999 0.00000000099999999999 0.62357753798838266857 0.00000000099999999999 0.00000000099999999999 0.00000000099999999999 0.00000000099999999999 
0.37210195351222086213 0.00000000100000000000 0.00000053445149107546 0.62789750703628821604 0.00000000100000000000 0.00000000100000000000 0.00000000100000000000 0.00000000100000000000 
0.35479048063731483120 0.00000000100000000000 0.00000001986147400626 0.59995622648597701776 0.00000000100000000000 0.04525326901523407663 0.00000000100000000000 0.00000000100000000000 
0.30840448892564403804 0.00000000099999999999 0.00003217816445922277 0.69156332790989683001 0.00000000099999999999 0.00000000099999999999 0.00000000099999999999 0.00000000099999999999 
0.12211827850168793796 0.05579439927916303443 0.48909794891640673287 0.20344325867867096846 0.00000000100000000000 0.12954371462304478668 0.00000000100000000000 0.00000239800102672540 
0.30311898275364396182 0.25993006771875964978 0.08991426201155654219 0.32072975942645270964 0.00320857737403246104 0.00138237972319832782 0.00000000100000000000 0.02171596999235644171 
0.33174672310712688406 0.00000000099999999999 0.00000000099999999999 0.61778546408874090989 0.00000000099999999999 0.05046780780413215317 0.00000000099999999999 0.00000000099999999999 
0.37742930887281062047 0.00000000099999999999 0.00000000099999999999 0.57673613428604220132 0.00000000099999999999 0.04583455184114725717 0.00000000099999999999 0.00000000099999999999 
0.36278721009975639644 0.00000000100000000000 0.00000000100000000000 0.60623298224725175043 0.00000000100000000000 0.02926411982911368906 0.00171568382387823903 0.00000000100000000000 
0.30605692642959786420 0.00564216778175243624 0.01873733069426901376 0.60692424896522800815 0.00000000100000000000 0.02867362465087779783 0.00000000100000000000 0.03396569947827509511 
0.00000000099999999990 0.00000000099999999990 0.00000000099999999990 0.00000000099999999990 0.00000000099999999990 0.99999999299999997593 0.00000000099999999990 0.00000000099999999990 
0.00000000099999999997 0.00000000099999999997 0.00000000099999999997 0.99999999300000008695 0.00000000099999999997 0.00000000099999999997 0.00000000099999999997 0.00000000099999999997 
0.00000000100000000000 0.00646083878073481534 0.75338314166327413623 0.00118356830923442959 0.00010050265320470989 0.23754026771293662579 0.00133167888061517885 0.00000000100000000000 
0.00000045380184478007 0.04035420076743585077 0.64630312269809142567 0.07830443292431815694 0.00000000100000000000 0.22831543263138806554 0.00672119934441741448 0.00000115683250445372 
0.00000000099999999997 0.00000000099999999997 0.00000000099999999997 0.99999999299999997593 0.00000000099999999997 0.00000000099999999997 0.00000000099999999997 0.00000000099999999997 
0.27567304622231592059 0.00000000099999999999 0.00000000348833277620 0.72428932010706148503 0.00000000099999999999 0.00003762618228969516 0.00000000099999999999 0.00000000099999999999 
0.00000000099999999998 0.00000000099999999998 0.99999999299999997593 0.00000000099999999998 0.00000000099999999998 0.00000000099999999998 0.00000000099999999998 0.00000000099999999998 
0.00000000099999999996 0.00000000099999999996 0.00000000099999999996 0.99999999299999997593 0.00000000099999999996 0.00000000099999999996 0.00000000099999999996 0.00000000099999999996 
0.00000000099999999996 0.00000000099999999996 0.00000000099999999996 0.99999999299999997593 0.00000000099999999996 0.00000000099999999996 0.00000000099999999996 0.00000000099999999996 
0.00000000099999999999 0.00000000734215591097 0.68440499188623271642 0.04860644459762913927 0.00000000099999999999 0.26698855217398231865 0.00000000099999999999 0.00000000099999999999 
0.00000000099999999995 0.00000000099999999995 0.00000000099999999995 0.99999999299999997593 0.00000000099999999995 0.00000000099999999995 0.00000000099999999995 0.00000000099999999995 
0.19009890887438082863 0.00000000099999999998 0.00000000099999999998 0.79763469129308228744 0.00000000099999999998 0.01226639483253693166 0.00000000099999999998 0.00000000099999999998 
0.00000000099999999997 0.00000000099999999997 0.99999999300000008695 0.00000000099999999997 0.00000000099999999997 0.00000000099999999997 0.00000000099999999997 0.00000000099999999997 
0.00000000099999999996 0.00000000099999999996 0.00000000099999999996 0.99999999299999997593 0.00000000099999999996 0.00000000099999999996 0.00000000099999999996 0.00000000099999999996 
0.00000000099999999999 0.00000000099999999999 0.61365008632857021009 0.10769443791218755169 0.00000000099999999999 0.27865547075924224085 0.00000000099999999999 0.00000000099999999999 
0.00000000099999999999 0.00000000099999999999 0.78323296645128381854 0.00066629439184293072 0.00000000099999999999 0.21610073415687328091 0.00000000099999999999 0.00000000099999999999 
0.00000000099999999999 0.00817720818002998402 0.60172683213670341562 0.08893779367695461846 0.00000000099999999999 0.30115816200631201349 0.00000000099999999999 0.00000000099999999999 
0.00000000099999999999 0.00000083048970898946 0.75535286877879048717 0.00000000099999999999 0.00000000099999999999 0.24464629573150062369 0.00000000099999999999 0.00000000099999999999 
0.00000000099999999996 0.00000000099999999996 0.00000000099999999996 0.99999999300000008695 0.00000000099999999996 0.00000000099999999996 0.00000000099999999996 0.00000000099999999996 
0.37389562306346779685 0.00000000099999999999 0.00000000099999999999 0.62610437093653215079 0.00000000099999999999 0.00000000099999999999 0.00000000099999999999 0.00000000099999999999 
0.99999999300000008695 0.00000000099999999994 0.00000000099999999994 0.00000000099999999994 0.00000000099999999994 0.00000000099999999994 0.00000000099999999994 0.00000000099999999994 
0.41887072387536505857 0.02192207937105072890 0.09747153340660223708 0.45853754692869341802 0.00000000100000000000 0.00000330312952581898 0.00319481128876299451 0.00000000100000000000 
0.32254805547707943170 0.00000000099999999999 0.14766271946539946680 0.52978922005752127067 0.00000000099999999999 0.00000000099999999999 0.00000000099999999999 0.00000000099999999999 
0.13438675040617678591 0.00000000100000000000 0.61399111716055243537 0.00000928238248884599 0.03777722484893508703 0.20126442783224920974 0.00000000100000000000 0.01257119536959773812 
0.00000000099999999997 0.00000000099999999997 0.00000000099999999997 0.99999999300000008695 0.00000000099999999997 0.00000000099999999997 0.00000000099999999997 0.00000000099999999997 
0.38634087592405935707 0.00000000099999999999 0.00000000099999999999 0.56427302746547969292 0.00000000099999999999 0.04938609161046091794 0.00000000099999999999 0.00000000099999999999 
0.31138218459768818303 0.00000000099999999998 0.00000000099999999998 0.68377002475880610532 0.00000000099999999998 0.00484778564350561020 0.00000000099999999998 0.00000000099999999998 
0.22011083634480613225 0.00000000100000000000 0.25416293451179233776 0.31904534358302438779 0.00000000100000000000 0.18805202441589977114 0.00000000100000000000 0.01862885814447725816 
0.17592458915552783294 0.00000000100000000000 0.51686567682449424677 0.16094714641470025951 0.00395710141479373948 0.13928409236346667166 0.00302139182701702301 0.00000000100000000000 
0.29797490874419368945 0.00000001468013022398 0.02855737226453454805 0.64528984340006656506 0.00000000099999999999 0.02817785791107497995 0.00000000099999999999 0.00000000099999999999 
0.99999999300000008695 0.00000000099999999995 0.00000000099999999995 0.00000000099999999995 0.00000000099999999995 0.00000000099999999995 0.00000000099999999995 0.00000000099999999995 
0.00105820578446133031 0.00000000099999999998 0.99886321506643405144 0.00007857414910479784 0.00000000099999999998 0.00000000099999999998 0.00000000099999999998 0.00000000099999999998 
0.14501074000281871657 0.00000121716098074514 0.64231362210793696566 0.00000000100000000000 0.01058552685023160002 0.19761520902656043441 0.00447211031063751534 0.00000157354083402372 
0.23887946455279004954 0.00000048946904351765 0.57602808782492886941 0.00000000100000000000 0.00000000100000000000 0.18509195415323770328 0.00000000100000000000 0.00000000100000000000 
0.45104325237083320310 0.00000000099999999999 0.00000000099999999999 0.53143349866462752384 0.00000000099999999999 0.01752324396453933814 0.00000000099999999999 0.00000000099999999999 
0.35651087811684045725 0.00000000099999999999 0.08755864866996708462 0.55563761542250322822 0.00000000099999999999 0.00029285379068919981 0.00000000099999999999 0.00000000099999999999 
0.49210881973420217417 0.00000000099999999999 0.11758334786154982232 0.39030782740424813104 0.00000000099999999999 0.00000000099999999999 0.00000000099999999999 0.00000000099999999999 
0.16098588926458781700 0.00000000099999999999 0.60187601026996040421 0.00000000099999999999 0.00000000099999999999 0.23713809546545175366 0.00000000099999999999 0.00000000099999999999 
0.12348293865402942826 0.00000000100000000000 0.63834952859665661240 0.00000028375434925959 0.00000000100000000000 0.23764448625666442783 0.00052275973830012571 0.00000000100000000000 
0.49144313776305798003 0.00000000099999999999 0.00610264398688391448 0.50245421325005812374 0.00000000099999999999 0.00000000099999999999 0.00000000099999999999 0.00000000099999999999 
0.32169628738822653169 0.00000000099999999999 0.00001185122410127748 0.67829185638767230948 0.00000000099999999999 0.00000000099999999999 0.00000000099999999999 0.00000000099999999999 
0.00000000099999999996 0.00000000099999999996 0.00000000099999999996 0.99999999299999997593 0.00000000099999999996 0.00000000099999999996 0.00000000099999999996 0.00000000099999999996 
0.99999999300000019797 0.00000000099999999994 0.00000000099999999994 0.00000000099999999994 0.00000000099999999994 0.00000000099999999994 0.00000000099999999994 0.00000000099999999994 
0.00000000099999999996 0.00000000099999999996 0.00000000099999999996 0.99999999299999997593 0.00000000099999999996 0.00000000099999999996 0.00000000099999999996 0.00000000099999999996 
0.00000000099999999998 0.00000000099999999998 0.00000000099999999998 0.99999999300000008695 0.00000000099999999998 0.00000000099999999998 0.00000000099999999998 0.00000000099999999998 
