0.00000169730482562209 0.00000000100000000000 0.75824435150258540084 0.16060020791924403682 0.01729043004192124672 0.00000000100000000000 0.03474036290017839396 0.02912294833124526652 
0.00000000099999999993 0.00000000099999999993 0.99999999300000008695 0.00000000099999999993 0.00000000099999999993 0.00000000099999999993 0.00000000099999999993 0.00000000099999999993 
0.44572501713102880005 0.00000000099999999999 0.41502722149236337401 0.13744593237724597734 0.00000000099999999999 0.00180182499936186935 0.00000000099999999999 0.00000000099999999999 
0.46353141904360412040 0.00000000100000000000 0.33479636530375644909 0.17495310684333495455 0.00000000100000000000 0.02671910480930454398 0.00000000100000000000 0.00000000100000000000 
0.00000001004760404693 0.00000275308539420869 0.86775427288787154723 0.08620421365245840850 0.01515547316069479691 0.01680777293940950712 0.00003080652377471359 0.01404469770279258636 
0.40123905072593635257 0.00325425678146356234 0.45978369745169611615 0.13126994489319615544 0.00000000099999999999 0.00445304714770780857 0.00000000099999999999 0.00000000099999999999 
0.00000242903270204347 0.00000000694499050648 0.72020329704078367428 0.25377460502353382799 0.01937217978000861651 0.00000000100000000000 0.00000000100000000000 0.00664748017798141334 
0.29166310086285657244 0.00000000100000000000 0.60159223027521357974 0.09671184589521648889 0.00004334278698907960 0.00004445528180392927 0.00000000100000000000 0.00994502289792051700 
0.00002146623124316242 0.00701268840105515219 0.85917180195564812895 0.04853427671721246422 0.03273157163708691891 0.00000608199278930757 0.00000000100000000000 0.05252211206496484874 
0.24738766294778122279 0.02201382078483934968 0.61863832549294195395 0.03419433828300215417 0.00000000935371776284 0.01356020060925054553 0.01194400326176786771 0.05226163926669912668 
0.21088390816708546538 0.00000000100000000000 0.59661122867817117932 0.00000554123418834181 0.08426906932568750674 0.04514248434717353653 0.04115504815082612899 0.02193271909686775670 
0.26154811925327381417 0.00000000100000000000 0.67846036039090917846 0.01278193527835677114 0.03062792797547344778 0.00000000100000000000 0.01651216740647118084 0.00006948769551568360 
0.26330776501171027082 0.00000000100000000000 0.64560307239965863957 0.06947925018813115583 0.02125704175229122320 0.00035286764820881842 0.00000000100000000000 0.00000000100000000000 
0.46724156337138245121 0.00000000099999999999 0.34651552152307241172 0.18624291010554527848 0.00000000099999999999 0.00000000099999999999 0.00000000099999999999 0.00000000099999999999 
0.33952562311583889265 0.00000000100000000000 0.48269812159501990223 0.14429089708285564031 0.00045439690547859773 0.00000000322468089382 0.03302953612021102686 0.00000142095591502448 
0.00000000100000000000 0.01720870544852718537 0.83205953413360977944 0.04066838254586273987 0.08348057332068456460 0.02658280155131578781 0.00000000100000000000 0.00000000100000000000 
0.22059145650734762745 0.00000000100000000000 0.68385928529101724926 0.00000000100000000000 0.03326300733539028220 0.02474960915888508792 0.00000000181082327678 0.03753663789653650246 
0.22810138772923696515 0.07064498941511211660 0.61773027107759892473 0.00001225207565714565 0.06201258356132371974 0.00090339201327811877 0.02059512312779296014 0.00000000100000000000 
0.21728483049630240020 0.00000000100000000000 0.60166039685633931899 0.05323662010763503122 0.04382577314062318513 0.00558571184949923673 0.07840666554960094847 0.00000000100000000000 
0.16316743745774497931 0.00001370233035240644 0.65295964113648585769 0.00000135954453471003 0.12900438005953729359 0.01327282832622593209 0.04039084285969361116 0.00118980828542512005 
0.20185998341131194955 0.00342433550597036080 0.63943221457675747388 0.06870737579681307494 0.00002362490786170861 0.03661120698813069563 0.04994125781315467139 0.00000000100000000000 
0.00000000099999999999 0.00000000099999999999 0.99655331106062783331 0.00000000099999999999 0.00002943988187279486 0.00002778242862885035 0.00338946262887032841 0.00000000099999999999 
0.26093163823913173571 0.00001286203276938125 0.55534462617852731192 0.06742214191258139033 0.07987861996844469736 0.00801778841533561798 0.02369015427273635233 0.00470216898047354486 
0.00000000099999999997 0.00000000099999999997 0.99999999299999997593 0.00000000099999999997 0.00000000099999999997 0.00000000099999999997 0.00000000099999999997 0.00000000099999999997 
0.24128625446150159251 0.00000028673961650145 0.56390048964073269389 0.09850546690447671561 0.07187195163612584980 0.01205927213964841892 0.01237627747789818607 0.00000000100000000000 
0.25914985414512026196 0.00000144335958993124 0.58866721029422930389 0.06242686553378824083 0.06266099914171663343 0.00000000100000000000 0.00000000334049338807 0.02709362318506208442 
0.18054293201440904659 0.09518610138014790834 0.62934249631943717240 0.00453557010871573438 0.07607862675580132072 0.00000014015559330015 0.01431387996277833259 0.00000025330311716863 
0.00000000100000000000 0.00039112217830784525 0.98040940906073092975 0.00000000100000000000 0.00001457594378646778 0.00402113975500555457 0.00035365497546266037 0.01481009608670645454 
0.00000002626080538405 0.02752420800630274098 0.90248465354061657706 0.00000000100000000000 0.00237036942822089688 0.03216206206193206185 0.03545867870212232598 0.00000000100000000000 
0.21169540194268049449 0.01274030441937043859 0.69482706457740150974 0.00000000100000000000 0.03070462525175132393 0.01703103706208529758 0.03299614980513389945 0.00000541594157712688 
0.24979120501636242757 0.00000000100000000000 0.58685713545944573344 0.06592107197591887124 0.03131993352659306895 0.04353555384259172323 0.02249276523273280662 0.00008233394635530343 
0.36998940146386749550 0.00000000099999999999 0.47132694651726891877 0.10340816362198523848 0.05527548439687824527 0.00000000099999999999 0.00000000099999999999 0.00000000099999999999 
0.00008998886236873605 0.03350295337768894460 0.73379254565533091892 0.00000000483373670216 0.14255621494251854986 0.07962821124508009940 0.00008316342682883691 0.01034691765644722185 
0.00000000099999999998 0.00000000099999999998 0.99999999299999997593 0.00000000099999999998 0.00000000099999999998 0.00000000099999999998 0.00000000099999999998 0.00000000099999999998 
0.39512666987547789832 0.00123371544711957447 0.48578498378373535793 0.08922343307829418146 0.00008125969399175090 0.00584992014884479477 0.00000000100000000000 0.02270001697253646450 
0.17959691857274126536 0.04606892447493571296 0.62569438567515700544 0.01153350645765513320 0.00289466875790486255 0.03629197172910783586 0.04932794569139224011 0.04859167864110573720 
0.00000000099999999993 0.00000000099999999993 0.99999999300000008695 0.00000000099999999993 0.00000000099999999993 0.00000000099999999993 0.00000000099999999993 0.00000000099999999993 
0.26628456497133107250 0.00000000100000000000 0.56774294384255308277 0.08623780097499932074 0.00227856758003225964 0.02750017316644975951 0.03589965899596635202 0.01405628946866790963 
0.99999999300000008695 0.00000000099999999990 0.00000000099999999990 0.00000000099999999990 0.00000000099999999990 0.00000000099999999990 0.00000000099999999990 0.00000000099999999990 
0.00000000099999999999 0.00000000099999999999 0.95088859882861653805 0.00000000099999999999 0.04527127630047160511 0.00384011444034606381 0.00000000099999999999 0.00000000643056584598 
0.00000000099999999999 0.00000000099999999999 0.99997940004668728342 0.00000000099999999999 0.00000011523657809112 0.00000000099999999999 0.00002047971673456586 0.00000000099999999999 
0.19406370072481832212 0.08550016519103247059 0.59419215370831579559 0.00000000100000000000 0.11766124124189207556 0.00858273613394147823 0.00000000100000000000 0.00000000100000000000 
0.30068216541187253732 0.00009880329878907928 0.58500127509720745156 0.06305119035250902892 0.00000104484456169662 0.00000000100000000000 0.01618005158972852728 0.03498546840533178076 
0.21384910195062725724 0.09379782611974006590 0.60994336380018676635 0.00000000100000000000 0.01831845853092163925 0.01527374455131782008 0.03518904083820079826 0.01362846320900569161 
0.00000000107203453652 0.11872779543947778458 0.82502501449052934035 0.00000000100000000000 0.05624552486852292532 0.00000000100000000000 0.00000000100000000000 0.00000166112943550647 
0.00000000099999999998 0.00000000099999999998 0.99996729067016609793 0.00000000099999999998 0.00003270332983396818 0.00000000099999999998 0.00000000099999999998 0.00000000099999999998 
0.27268502049258636077 0.04263193066490138239 0.55770840302961233181 0.04185047112310705947 0.03886152770746053448 0.00000000100000000000 0.04626264498233240152 0.00000000100000000000 
0.18921857633032501678 0.07803257379268974114 0.59148348619240609381 0.00000000100000000000 0.08917562798445409500 0.01788994984448865830 0.00000485545135236113 0.03419492940428425776 
0.15771104589446996447 0.10842210835490265208 0.57918152138722711619 0.05698109130828592217 0.04571000409263009656 0.00000000100000000000 0.05199251358702391274 0.00000171437546036948 
0.49815955008374507296 0.00000000162523440981 0.28921556041674278958 0.21262488368660831251 0.00000000099999999999 0.00000000118766937231 0.00000000099999999999 0.00000000099999999999 
0.17179148865185181472 0.06946263816548793602 0.62749693892360680625 0.00000000100000000000 0.08530293516378617547 0.03249542110469087752 0.01325070106453170304 0.00019987592604469643 
0.00000002126968187152 0.09707494284020516673 0.72293441432003768821 0.00075195559872144678 0.06090512338991154601 0.00000000100000000000 0.07991244330944149987 0.03842109827200077682 
0.26683148011813717648 0.04470563687521224988 0.63225522702993541824 0.00001593748299845361 0.00000003745768760920 0.02101700298770899436 0.00000103028264269688 0.03517364776567748902 
0.16824876017808435003 0.09225091611199578989 0.61976473761083672454 0.00351964948447936821 0.07891549390185699508 0.00000000100000000000 0.03275273466549272899 0.00454770704725409019 
0.33287915375321730505 0.00000000100000000000 0.43306184760196853034 0.23405886485327070945 0.00000000100000000000 0.00000012979154363332 0.00000000100000000000 0.00000000100000000000 
0.00000000100000000000 0.00000137036107892327 0.84301486387323942839 0.00012492379673683708 0.00275459493266556671 0.09466106430820953044 0.03737888969386634480 0.02206429203420343446 
0.00000000099999999998 0.00000000099999999998 0.64104406814285896932 0.00000000099999999998 0.00154120759994614133 0.00000000099999999998 0.29140866464604370245 0.06600605561115123476 
0.23306138989631750014 0.00000127599302019100 0.59218081400234445777 0.11252728562479842600 0.00345805927863711629 0.03607611303180766060 0.02269506117307460574 0.00000000100000000000 
0.25273594113000646955 0.02006103671846323766 0.63156598871044378196 0.00000000100000000000 0.04723528237056404816 0.02731535768914588463 0.02108637931947088262 0.00000001306190587670 
0.17719850371763543051 0.00057303302423482088 0.54285603205936394655 0.00032423175424210629 0.04863221906091547836 0.08424598433897140248 0.11222171548502840599 0.03394828055960848190 
0.00000607901402007218 0.11584136196865715829 0.68078817897420229599 0.00000000100000000000 0.14267198002205164209 0.03125109587914220999 0.02943429489812586508 0.00000700824380057346 
0.99999999300000019797 0.00000000099999999994 0.00000000099999999994 0.00000000099999999994 0.00000000099999999994 0.00000000099999999994 0.00000000099999999994 0.00000000099999999994 
0.27244478657671639121 0.04051402011412653242 0.55384285294443980074 0.06448887589637089524 0.01532479666109258856 0.00000000100000000000 0.00000000138345377985 0.05338466542380001373 
0.00000000099999999999 0.00000001514313038870 0.97243799660261098783 0.00000000099999999999 0.02702180271935413977 0.00000000099999999999 0.00003067917719719856 0.00050950335770735865 
0.28001356386902076512 0.00000002121499064032 0.51524993599264057309 0.16368466407624154835 0.01687212909151632884 0.00523729235862704923 0.01491326541103561026 0.00402912798592734451 
0.08524408612713497979 0.00000000100000000000 0.72087166751816600385 0.16347352820153004949 0.00534745876151877016 0.02506144270607141983 0.00000181463921206933 0.00000000104636644916 
0.51417560649097060477 0.00000000100000000000 0.27386714173532317185 0.21195724677370633704 0.00000000100000000000 0.00000000100000000000 0.00000000100000000000 0.00000000100000000000 
0.12807689119325799121 0.10285782333192705629 0.60750613300973588249 0.01216083894019186554 0.10488481182678724424 0.01707549753063617587 0.01843867462136885779 0.00899932954609500464 
0.16951721641587774725 0.00000000100000000000 0.59550590847311957177 0.13814243400546125096 0.04125746536943426107 0.00000000100000000000 0.05557646858496415737 0.00000050515114318455 
0.00000000100000000000 0.00006054933217300361 0.85887305238283606634 0.12121073355837860830 0.00000063107790227737 0.00000285849471544152 0.01985212895614159659 0.00000004519785286991 
0.99999999300000019797 0.00000000099999999996 0.00000000099999999996 0.00000000099999999996 0.00000000099999999996 0.00000000099999999996 0.00000000099999999996 0.00000000099999999996 
0.24338282356495694048 0.00000000100000000000 0.30004470002392891192 0.03114968906063098411 0.05593811503837613219 0.00000000100000000000 0.31269536225112509742 0.05678930806098204248 
0.43222480321318063057 0.00000000099999999999 0.35756820027013469510 0.17956234701530335296 0.00000000099999999999 0.03064464550138135818 0.00000000099999999999 0.00000000099999999999 
0.48852575933763059401 0.11710015982079166608 0.35339332565399533825 0.02485401386317000194 0.00000000099999999999 0.01612673832441230415 0.00000000099999999999 0.00000000099999999999 
0.00000051896113656233 0.00114800123318368531 0.82483678982787411726 0.01711081339332245349 0.01028717347065432643 0.06476924584885677960 0.07602490767389274984 0.00582254959107927298 
0.14610543781546850295 0.00000000100000000000 0.63977123930531931695 0.06934809710613136502 0.10822054198851291384 0.03468433443686057965 0.00000000100000000000 0.00187034734770730898 
0.25904432257935106065 0.04552792725911052052 0.57233715010367625098 0.04996763759048302583 0.00082552924933224157 0.00000007900767726966 0.04151141530093321180 0.03078593890943644509 
0.34110974647105962720 0.00000009649620283330 0.39052262926629327522 0.26836572578834766434 0.00000000099999999999 0.00000179897809646066 0.00000000099999999999 0.00000000099999999999 
0.99999999300000019797 0.00000000099999999993 0.00000000099999999993 0.00000000099999999993 0.00000000099999999993 0.00000000099999999993 0.00000000099999999993 0.00000000099999999993 
0.24214901885963344141 0.01209365417181666215 0.65348260350345399594 0.00000000100000000000 0.02918218068230873583 0.01629873532302765493 0.03699691718669490675 0.00979688927306473362 
0.00000000099999999999 0.00000000099999999999 0.48554565211672967573 0.00000000099999999999 0.19278537952307661651 0.00000000099999999999 0.30486256784786974761 0.01680639651232384429 
0.17464206759802594626 0.09089053517919465364 0.59922160837107951714 0.00000440740732622851 0.06103130516703769021 0.00000000100000000000 0.04490272981909677191 0.02930734545823917778 
0.38781157911846353414 0.10203515856137246320 0.47461351254636580110 0.00000012897481488486 0.00012675882846855313 0.00000460839091598917 0.03540825257959877986 0.00000000100000000000 
0.00000000100000000000 0.00002057294987114730 0.83850080661476067423 0.00000000100000000000 0.06966922132677695612 0.03706726843369132635 0.00299661630588025614 0.05174551236901962781 
0.27882648474838678254 0.08260351925103588677 0.46834144506552971565 0.04879515066715382765 0.07809185027430051718 0.00000019510244122020 0.04152532970434242438 0.00181602518680976772 
0.99999999300000008695 0.00000000099999999995 0.00000000099999999995 0.00000000099999999995 0.00000000099999999995 0.00000000099999999995 0.00000000099999999995 0.00000000099999999995 
0.40443633631869613243 0.00011607880116386930 0.39510154256036128517 0.20034603831977870758 0.00000000100000000000 0.00000000100000000000 0.00000000100000000000 0.00000000100000000000 
0.00000000100000000000 0.08927353552515744639 0.72697200129960481974 0.00000000100000000000 0.13016013832181805299 0.00000000100000000000 0.04856285092297784461 0.00503147093044189683 
0.33677464962813113969 0.00000000261172646540 0.54968843242498555135 0.11057687923431429311 0.00222637737079164075 0.00000000154287127575 0.00000820920186569966 0.00072544798531387644 
0.22092031654794591633 0.04128924809807821283 0.54318649263264173754 0.00001994103670680787 0.11726629985741481021 0.03635208906242558269 0.04096513417165038168 0.00000047859313671726 
0.34852187103407344937 0.00000000100000000000 0.47552345415995078692 0.13189351001855728618 0.03285254195468455957 0.01120817752895503748 0.00000002552283329179 0.00000041878094567850 
0.48539527751885475082 0.00000009697857469280 0.35434503736874134461 0.16025310075485574290 0.00000000099999999999 0.00000648437897346695 0.00000000099999999999 0.00000000099999999999 
0.22732434101749765532 0.11802956099742191454 0.54329152461530949569 0.00099573292136469118 0.04069678465642544846 0.00000000100000000000 0.05464584498428901038 0.01501620980769194022 
0.42397334675422398975 0.00000000100000000000 0.34950828830551478044 0.22651834250044353136 0.00000000100000000000 0.00000001843981781562 0.00000000100000000000 0.00000000100000000000 
0.15401388717967240405 0.00000002776032912442 0.66699254496301618733 0.09041468600848530379 0.04565853497978293596 0.00004529021274334636 0.00017779142345940348 0.04269723747251134849 
0.19266285768343199836 0.13161811563167710726 0.59526910662615795111 0.00010161368399814144 0.00016041892252066750 0.00190108355098199660 0.01846557079801844012 0.05982123310321363352 
0.00000000100000000000 0.00000000100000000000 0.18600760845679448208 0.01981659862513693304 0.69945759464854084797 0.00000000284368291297 0.06301149673244160754 0.03170669669340323710 
0.00000000099999999999 0.00000000099999999999 0.00000000099999999999 0.00000000099999999999 0.99999999300000008695 0.00000000099999999999 0.00000000099999999999 0.00000000099999999999 
0.00000000100000000000 0.02557400113134862193 0.12721674440483587976 0.00000257499415014855 0.73504589935995123806 0.00006045028666332944 0.10901458081707017522 0.00308574800598059333 
0.00000000099999999998 0.00000000099999999998 0.00000000099999999998 0.00000000099999999998 0.99999999299999997593 0.00000000099999999998 0.00000000099999999998 0.00000000099999999998 
0.00000000100000000000 0.00000000184780600765 0.00000000100000000000 0.00000000100000000000 0.99999850821094860009 0.00000038742592371990 0.00000000100000000000 0.00000109851532163621 
0.00000000099999999999 0.00000000099999999999 0.00000000099999999999 0.00000000099999999999 0.99999999299999997593 0.00000000099999999999 0.00000000099999999999 0.00000000099999999999 
0.00000000099999999999 0.00000000099999999999 0.00000000099999999999 0.00000000099999999999 0.99999999299999997593 0.00000000099999999999 0.00000000099999999999 0.00000000099999999999 
0.00000000099999999998 0.00000000099999999998 0.00000000099999999998 0.00000000099999999998 0.99999999300000008695 0.00000000099999999998 0.00000000099999999998 0.00000000099999999998 
0.00000000099999999999 0.00000000099999999999 0.00000000099999999999 0.00000000099999999999 0.99999999300000008695 0.00000000099999999999 0.00000000099999999999 0.00000000099999999999 
0.00000000099999999999 0.00000000099999999999 0.00000000099999999999 0.00000000099999999999 0.99942516870629050096 0.00000000099999999999 0.00000000099999999999 0.00057482529370941470 
0.00000000099999999999 0.00000000099999999999 0.00000000099999999999 0.00000000099999999999 0.99999995508369632358 0.00000000099999999999 0.00000003754121017501 0.00000000237509358181 
0.00000000099999999999 0.00000000099999999999 0.00000000099999999999 0.00000000099999999999 0.99757283332060675551 0.00000000099999999999 0.00000701084080495602 0.00242015083858845067 
0.00000000099999999998 0.00000000099999999998 0.00000000099999999998 0.00000000099999999998 0.99999999299999997593 0.00000000099999999998 0.00000000099999999998 0.00000000099999999998 
0.00000000099999999999 0.00000000099999999999 0.00000000099999999999 0.00000000099999999999 0.97117492186121578968 0.00000000099999999999 0.02882500246969167679 0.00000007066909260962 
0.00000000099999999998 0.00000000099999999998 0.00000000099999999998 0.00000000099999999998 0.99999992447935592832 0.00000000099999999998 0.00000000099999999998 0.00000006952064417761 
0.00000000099999999998 0.00000000099999999998 0.00000000099999999998 0.00000000099999999998 0.99999999300000008695 0.00000000099999999998 0.00000000099999999998 0.00000000099999999998 
0.00000000099999999999 0.00000000099999999999 0.00000000099999999999 0.00000000099999999999 0.99999999291593510975 0.00000000099999999999 0.00000000108406496340 0.00000000099999999999 
0.00000000099999999999 0.00000000099999999999 0.00000000099999999999 0.00000000099999999999 0.90011389006066144791 0.00000000099999999999 0.09988610393933854137 0.00000000099999999999 
0.00000000099999999999 0.00000000099999999999 0.00000000099999999999 0.00000000099999999999 0.94892133323932759126 0.00000000099999999999 0.00024690557653317776 0.05083175618413934838 
0.99999857540988146276 0.00000000099999999997 0.00000000099999999997 0.00000000099999999997 0.00000101878157220817 0.00000000099999999997 0.00000005561660415677 0.00000034619194214001 
0.00000000099999999999 0.00000000099999999999 0.00000000099999999999 0.00000000099999999999 0.99999998094547870586 0.00000000099999999999 0.00000001305452138152 0.00000000099999999999 
0.00000000099999999997 0.00000000099999999997 0.00000000099999999997 0.00000000099999999997 0.99999999300000008695 0.00000000099999999997 0.00000000099999999997 0.00000000099999999997 
0.00000000099999999999 0.00000000099999999999 0.00000000099999999999 0.00000000099999999999 0.99999999299999997593 0.00000000099999999999 0.00000000099999999999 0.00000000099999999999 
0.00000000099999999999 0.00000000099999999999 0.00000000099999999999 0.00000000099999999999 0.98090567683856288994 0.01909431716143717567 0.00000000099999999999 0.00000000099999999999 
0.00000000099999999999 0.00000000099999999999 0.00000000099999999999 0.00000000099999999999 0.99999999186832910780 0.00000000099999999999 0.00000000213167087971 0.00000000099999999999 
0.00000000099999999999 0.00000000099999999999 0.00000000099999999999 0.00000000099999999999 0.99998036969835624177 0.00000000099999999999 0.00000000099999999999 0.00001962430164371899 
0.00000000099999999999 0.00000000099999999999 0.00000000099999999999 0.00000000099999999999 0.99999986243523575347 0.00000000099999999999 0.00000000099999999999 0.00000013156476439613 
0.00481950170330772924 0.00000000100000000000 0.00000000100000000000 0.08343976289776811051 0.86163751841646951668 0.00000000100000000000 0.00000001212718701031 0.05010320185526757203 
0.00000000099999999997 0.00000000099999999997 0.00000000099999999997 0.00000000099999999997 0.99999999300000008695 0.00000000099999999997 0.00000000099999999997 0.00000000099999999997 
0.00037277211098998717 0.03931367377153318493 0.15417395207222417408 0.00000000100000000000 0.70802012952854120886 0.00000388305169509606 0.06262857711746132316 0.03548701134755512937 
0.00000000099999999999 0.00000000099999999999 0.00000000099999999999 0.00000000099999999999 0.99999998649964649822 0.00000000099999999999 0.00000000099999999999 0.00000000750035354233 
0.00000000099999999995 0.00000000099999999995 0.00000000099999999995 0.00000000099999999995 0.00000000099999999995 0.00000000099999999995 0.00000000099999999995 0.99999999299999997593 
0.00000000099999999995 0.00000000099999999995 0.00000000099999999995 0.00000000099999999995 0.00000000099999999995 0.00000000099999999995 0.00000000099999999995 0.99999999300000008695 
0.00000000099999999994 0.00000000099999999994 0.00000000099999999994 0.00000000099999999994 0.00000000099999999994 0.00000000099999999994 0.00000000099999999994 0.99999999300000008695 
0.00000000099999999995 0.00000000099999999995 0.00000000099999999995 0.00000000099999999995 0.00000000099999999995 0.00000000099999999995 0.00000000099999999995 0.99999999299999997593 
0.00000000099999999994 0.00000000099999999994 0.00000000099999999994 0.00000000099999999994 0.00000000099999999994 0.00000000099999999994 0.00000000099999999994 0.99999999300000008695 
0.00000000099999999993 0.00000000099999999993 0.00000000099999999993 0.00000000099999999993 0.00000000099999999993 0.00000000099999999993 0.00000000099999999993 0.99999999299999997593 
0.00000000099999999994 0.00000000099999999994 0.00000000099999999994 0.00000000099999999994 0.00000000099999999994 0.00000000099999999994 0.00000000099999999994 0.99999999299999997593 
0.00000000099999999995 0.00000000099999999995 0.00000000099999999995 0.00000000099999999995 0.00000000099999999995 0.00000000099999999995 0.00000000099999999995 0.99999999300000008695 
0.00000000099999999993 0.00000000099999999993 0.00000000099999999993 0.00000000099999999993 0.00000000099999999993 0.00000000099999999993 0.00000000099999999993 0.99999999300000008695 
0.00000000099999999993 0.00000000099999999993 0.00000000099999999993 0.00000000099999999993 0.00000000099999999993 0.00000000099999999993 0.00000000099999999993 0.99999999299999997593 
0.00000000099999999994 0.00000000099999999994 0.00000000099999999994 0.00000000099999999994 0.00000000099999999994 0.00000000099999999994 0.00000000099999999994 0.99999999300000008695 
0.00000000099999999995 0.00000000099999999995 0.00000000099999999995 0.00000000099999999995 0.00000000099999999995 0.00000000099999999995 0.00000000099999999995 0.99999999300000008695 
0.00000000099999999999 0.00000000099999999999 0.00000000099999999999 0.00000000099999999999 0.00000000099999999999 0.00000000099999999999 0.62329058151806726595 0.37670941248193268169 
0.00000000099999999993 0.00000000099999999993 0.00000000099999999993 0.00000000099999999993 0.00000000099999999993 0.00000000099999999993 0.00000000099999999993 0.99999999299999997593 
0.00000000099999999994 0.00000000099999999994 0.00000000099999999994 0.00000000099999999994 0.00000000099999999994 0.00000000099999999994 0.00000000099999999994 0.99999999299999997593 
0.00000000099999999994 0.00000000099999999994 0.00000000099999999994 0.00000000099999999994 0.00000000099999999994 0.00000000099999999994 0.00000000099999999994 0.99999999300000008695 
0.00000000099999999996 0.00000000099999999996 0.00000000099999999996 0.00000000099999999996 0.00000000099999999996 0.00000000099999999996 0.00000000099999999996 0.99999999299999997593 
0.00000000099999999994 0.00000000099999999994 0.00000000099999999994 0.00000000099999999994 0.00000000099999999994 0.00000000099999999994 0.00000000099999999994 0.99999999299999997593 
0.00000000099999999993 0.00000000099999999993 0.00000000099999999993 0.00000000099999999993 0.00000000099999999993 0.00000000099999999993 0.00000000099999999993 0.99999999299999997593 
0.00000000099999999994 0.00000000099999999994 0.00000000099999999994 0.00000000099999999994 0.00000000099999999994 0.00000000099999999994 0.00000000099999999994 0.99999999299999997593 
0.00000000099999999999 0.00000000099999999999 0.00000000099999999999 0.00000000099999999999 0.00000000099999999999 0.00000000099999999999 0.45526122759235165827 0.54473876640764828938 
0.00000000099999999994 0.00000000099999999994 0.00000000099999999994 0.00000000099999999994 0.00000000099999999994 0.00000000099999999994 0.00000000099999999994 0.99999999300000008695 
0.00000000099999999999 0.00000000099999999999 0.00000000099999999999 0.00000000099999999999 0.00000000099999999999 0.00000000099999999999 0.40593468514400671276 0.59406530885599329039 
0.00000000099999999994 0.00000000099999999994 0.00000000099999999994 0.00000000099999999994 0.00000000099999999994 0.00000000099999999994 0.00000000099999999994 0.99999999299999997593 
0.00000000099999999995 0.00000000099999999995 0.00000000099999999995 0.00000000099999999995 0.00000000099999999995 0.00000000099999999995 0.00000000099999999995 0.99999999299999997593 
0.00000000099999999993 0.00000000099999999993 0.00000000099999999993 0.00000000099999999993 0.00000000099999999993 0.00000000099999999993 0.00000000099999999993 0.99999999299999997593 
0.00000000100000000000 0.23861826732677629548 0.00075652118157500451 0.00000079130131541564 0.04361180285691754199 0.71701261433341567653 0.00000000100000000000 0.00000000100000000000 
0.00000000099999999999 0.59084842486714805876 0.00000000099999999999 0.40915156913285199991 0.00000000099999999999 0.00000000099999999999 0.00000000099999999999 0.00000000099999999999 
0.00000000099999999998 0.99999999300000019797 0.00000000099999999998 0.00000000099999999998 0.00000000099999999998 0.00000000099999999998 0.00000000099999999998 0.00000000099999999998 
0.02263452217679684866 0.17101743738006794371 0.00000000485889002447 0.00178939664885580368 0.00000000100000000000 0.80455863593538945455 0.00000000100000000000 0.00000000100000000000 
0.00000000099999999999 0.57435659301276265065 0.00000000099999999999 0.42564340098723751904 0.00000000099999999999 0.00000000099999999999 0.00000000099999999999 0.00000000099999999999 
0.00000000099999999999 0.59511237813817996489 0.00000000099999999999 0.40488541771338887321 0.00000000099999999999 0.00000219914843110112 0.00000000099999999999 0.00000000099999999999 
0.00000000099999999997 0.99999999300000008695 0.00000000099999999997 0.00000000099999999997 0.00000000099999999997 0.00000000099999999997 0.00000000099999999997 0.00000000099999999997 
0.00000000099999999998 0.99999999300000008695 0.00000000099999999998 0.00000000099999999998 0.00000000099999999998 0.00000000099999999998 0.00000000099999999998 0.00000000099999999998 
0.00000000099999999998 0.59685180464194043104 0.00000000099999999998 0.40314818935805968314 0.00000000099999999998 0.00000000099999999998 0.00000000099999999998 0.00000000099999999998 
0.00000000099999999999 0.60334514637810254811 0.00000000099999999999 0.39665484762189751056 0.00000000099999999999 0.00000000099999999999 0.00000000099999999999 0.00000000099999999999 
0.00000000099999999993 0.00000000099999999993 0.00000000099999999993 0.99999999300000008695 0.00000000099999999993 0.00000000099999999993 0.00000000099999999993 0.00000000099999999993 
0.00000000099999999999 0.60394081439919944376 0.00000000099999999999 0.39605917960080078144 0.00000000099999999999 0.00000000099999999999 0.00000000099999999999 0.00000000099999999999 
0.06045263396351830548 0.17354419987862057528 0.03279635699101868251 0.26481748323869513939 0.00276281074486448095 0.46562651318328290850 0.00000000100000000000 0.00000000100000000000 
0.16132413142983237364 0.23028934300761014220 0.13473321758928977210 0.41086599188527861415 0.02358586448594826232 0.03919669258978591975 0.00000475801225500369 0.00000000100000000000 
0.00000000099999999997 0.99999999300000008695 0.00000000099999999997 0.00000000099999999997 0.00000000099999999997 0.00000000099999999997 0.00000000099999999997 0.00000000099999999997 
0.00000016306965559803 0.66523161928940222065 0.00000000099999999999 0.29325328138154971302 0.00000000099999999999 0.04151493225939272697 0.00000000099999999999 0.00000000099999999999 
0.00000000100000000000 0.60193522808289035009 0.00000000100000000000 0.39308454309528451098 0.00000000100000000000 0.00006359010820467454 0.00000000100000000000 0.00491663471362063700 
0.00000000099999999992 0.00000000099999999992 0.00000000099999999992 0.99999999300000008695 0.00000000099999999992 0.00000000099999999992 0.00000000099999999992 0.00000000099999999992 
0.00000000099999999995 0.00000000099999999995 0.00000000099999999995 0.00000000099999999995 0.00000000099999999995 0.99999999300000008695 0.00000000099999999995 0.00000000099999999995 
0.00000000099999999999 0.45225880359242670581 0.00000000099999999999 0.51079355985801011553 0.00000000099999999999 0.03694763154956325069 0.00000000099999999999 0.00000000099999999999 
0.00000000100000000000 0.00000000100000000000 0.04348312780064913369 0.21421043838059944386 0.00000000100000000000 0.72234287555288634319 0.00026120241014320752 0.01970235285572190242 
0.00677682387802518767 0.08734161192915058936 0.06057060831499105208 0.13566792919754833147 0.01049617637700345045 0.69348079529260320264 0.00000000100000000000 0.00566605401067822242 
0.00000000099999999999 0.66222604686471742141 0.00000000099999999999 0.33777208160628546807 0.00000000099999999999 0.00000186652899726016 0.00000000099999999999 0.00000000099999999999 
0.00000000099999999997 0.99999999300000008695 0.00000000099999999997 0.00000000099999999997 0.00000000099999999997 0.00000000099999999997 0.00000000099999999997 0.00000000099999999997 
0.07573384860001504404 0.00000000100000000000 0.00000000100000000000 0.23407494650146934423 0.00000000174234172275 0.69017423940862898668 0.00000000100000000000 0.00001696074754499207 
0.00000000099999999999 0.55235536816818187056 0.00000000099999999999 0.44764459845226284296 0.00000000099999999999 0.00000002837955552912 0.00000000099999999999 0.00000000099999999999 
0.00000000099999999999 0.60838010144217657960 0.00000000099999999999 0.38422322827763139008 0.00000000099999999999 0.00000000099999999999 0.00739666528019212142 0.00000000099999999999 
0.00000000099999999999 0.00000000099999999999 0.00218364111078758966 0.24109295001068398179 0.00000000099999999999 0.75672340387852843335 0.00000000099999999999 0.00000000099999999999 
0.00000000099999999997 0.99999999300000008695 0.00000000099999999997 0.00000000099999999997 0.00000000099999999997 0.00000000099999999997 0.00000000099999999997 0.00000000099999999997 
0.00000000099999999996 0.99999999300000019797 0.00000000099999999996 0.00000000099999999996 0.00000000099999999996 0.00000000099999999996 0.00000000099999999996 0.00000000099999999996 
0.00010837794614001270 0.00000000100000000000 0.00000000100000000000 0.24667475111676265276 0.00000003295773110629 0.71474883571474079336 0.03846799926462548397 0.00000000100000000000 
0.03472992626046284698 0.63479097811108631255 0.00000000099999999999 0.33047571777076356625 0.00000000099999999999 0.00000337385768746956 0.00000000099999999999 0.00000000099999999999 
0.00000000099999999999 0.00000000099999999999 0.00000000099999999999 0.28172220527181995875 0.00000000099999999999 0.71827778872817993339 0.00000000099999999999 0.00000000099999999999 
0.00000000099999999999 0.00000000099999999999 0.00000000099999999999 0.26730162594634593320 0.00000000099999999999 0.73269836805365418098 0.00000000099999999999 0.00000000099999999999 
0.00000000100000000000 0.00000000100000000000 0.02652465860794117614 0.22129662522342211095 0.00000000100000000000 0.75217871116863677106 0.00000000100000000000 0.00000000100000000000 
0.03934073352658103151 0.00000001434298921508 0.00000592588407477302 0.17944519325970673118 0.00000000100000000000 0.78120812998664823645 0.00000000100000000000 0.00000000100000000000 
0.00000000099999999998 0.59064844939964322723 0.00000000099999999998 0.40935154460035699797 0.00000000099999999998 0.00000000099999999998 0.00000000099999999998 0.00000000099999999998 
0.00000000099999999998 0.99999999300000019797 0.00000000099999999998 0.00000000099999999998 0.00000000099999999998 0.00000000099999999998 0.00000000099999999998 0.00000000099999999998 
0.00000000099999999999 0.50360798545389451331 0.00000000099999999999 0.45603820070531225772 0.00000000099999999999 0.04035380884079314140 0.00000000099999999999 0.00000000099999999999 
0.09487504126520859837 0.52545749890320236908 0.00000000100000000000 0.34305610244992712499 0.00000000100000000000 0.03661135338166190273 0.00000000100000000000 0.00000000100000000000 
0.00000000099999999999 0.50056491929568136534 0.00000000099999999999 0.45025896780702184818 0.00000000099999999999 0.04917610789729690013 0.00000000099999999999 0.00000000099999999999 
0.02613036753383566127 0.16138008807739151473 0.00000000100000000000 0.13535226403505468129 0.00000014380220772091 0.61907383341991795156 0.05806330113159257483 0.00000000100000000000 
0.00000000099999999998 0.99999999300000008695 0.00000000099999999998 0.00000000099999999998 0.00000000099999999998 0.00000000099999999998 0.00000000099999999998 0.00000000099999999998 
0.00000000099999999992 0.00000000099999999992 0.00000000099999999992 0.99999999299999997593 0.00000000099999999992 0.00000000099999999992 0.00000000099999999992 0.00000000099999999992 
0.00000000099999999997 0.99999999300000008695 0.00000000099999999997 0.00000000099999999997 0.00000000099999999997 0.00000000099999999997 0.00000000099999999997 0.00000000099999999997 
0.00000001641435985840 0.32129496888621966733 0.00000000099999999999 0.27868077046414863052 0.03508463670818583180 0.36493960452708601450 0.00000000099999999999 0.00000000099999999999 
0.00000204904075587238 0.26484777670648057546 0.01079701760129525567 0.20125873091902660161 0.00002154545187868362 0.49650137203572464184 0.02171966023425934977 0.00485184801057907990 
0.00000000099999999999 0.63550388074298502783 0.00209892910153189165 0.33702275339883974725 0.00000000099999999999 0.02537443275664343773 0.00000000099999999999 0.00000000099999999999 
0.00000000099999999999 0.52417164532488169648 0.00000000099999999999 0.47582834867511852872 0.00000000099999999999 0.00000000099999999999 0.00000000099999999999 0.00000000099999999999 
0.00000000099999999999 0.00000000099999999999 0.00000000099999999999 0.38871997334665442381 0.00000000099999999999 0.61128002065334552384 0.00000000099999999999 0.00000000099999999999 
0.04538300717780580085 0.13997632244114399658 0.00519662673001569739 0.11960705058563168846 0.00000009991171955431 0.65682869349893313604 0.02276574915955836137 0.01024245049519183388 
0.09410746433902102137 0.18858056693196600939 0.00000227108141603741 0.15540685036285295517 0.00000000100000000000 0.56190284428474401857 0.00000000100000000000 0.00000000100000000000 
0.00000000099999999999 0.54401657082817145294 0.00000000099999999999 0.45598342317182866124 0.00000000099999999999 0.00000000099999999999 0.00000000099999999999 0.00000000099999999999 
0.00000000099999999999 0.65083903394341391380 0.00000000099999999999 0.31061366756940522738 0.00000000099999999999 0.03854729348718095860 0.00000000099999999999 0.00000000099999999999 
0.10308704497470284889 0.52644813019161851297 0.00000000099999999999 0.31588389412473422135 0.00000000099999999999 0.05458092670894458542 0.00000000099999999999 0.00000000099999999999 
0.00000000100000000000 0.26420869244831240996 0.01061193606039325527 0.00000000100000000000 0.00000000100000000000 0.72517936649129433047 0.00000000100000000000 0.00000000100000000000 
0.00000003779969997558 0.10373971388101793645 0.00002649213865088291 0.19615687539998835631 0.00000000100000000000 0.67834371756343503357 0.00000000100000000000 0.02173316121720787059 
0.00000000099999999998 0.99999999300000019797 0.00000000099999999998 0.00000000099999999998 0.00000000099999999998 0.00000000099999999998 0.00000000099999999998 0.00000000099999999998 
0.00000000099999999999 0.53303454442353448428 0.00000000099999999999 0.46696544957646562990 0.00000000099999999999 0.00000000099999999999 0.00000000099999999999 0.00000000099999999999 
0.00000000099999999992 0.00000000099999999992 0.00000000099999999992 0.99999999299999997593 0.00000000099999999992 0.00000000099999999992 0.00000000099999999992 0.00000000099999999992 
0.00000000099999999999 0.51459913450076710806 0.00000000099999999999 0.48540085949923300612 0.00000000099999999999 0.00000000099999999999 0.00000000099999999999 0.00000000099999999999 
0.00000000099999999991 0.00000000099999999991 0.00000000099999999991 0.99999999300000008695 0.00000000099999999991 0.00000000099999999991 0.00000000099999999991 0.00000000099999999991 
0.00000000100000000000 0.58197475840203016784 0.00041307005661444412 0.39444554750003646415 0.00004256693156252665 0.02312405410975643463 0.00000000100000000000 0.00000000100000000000 
