0.59576032830756753267 0.00302370799580016242 0.00005289957111317816 0.03703674196729105778 0.02235554018039637506 0.02047038944547860742 0.04037826569227399159 0.28092212684007911161 
0.00000000099999999983 0.00000000099999999983 0.00000000099999999983 0.00000000099999999983 0.00000000099999999983 0.00000000099999999983 0.00000000099999999983 0.99999999300000008695 
0.99999999300000019797 0.00000000099999999998 0.00000000099999999998 0.00000000099999999998 0.00000000099999999998 0.00000000099999999998 0.00000000099999999998 0.00000000099999999998 
0.99999999300000019797 0.00000000099999999999 0.00000000099999999999 0.00000000099999999999 0.00000000099999999999 0.00000000099999999999 0.00000000099999999999 0.00000000099999999999 
0.49222154970446441169 0.04605571119621336418 0.00000000100000000000 0.02307310686520233287 0.01791084692815006485 0.00000012950368367186 0.00190478181343422615 0.41883387298885194072 
0.81710672905505088437 0.00000000100000000000 0.03229987378238070861 0.00000491395622529567 0.00000000100000000000 0.00000012724917698495 0.00000000100000000000 0.15058835295716635483 
0.49950150678324944931 0.00000000100000000000 0.00001045998273100056 0.00421983981330372338 0.06369474899502200471 0.13037056774628327793 0.00000000100000000000 0.30220287467941053805 
0.68006298471292958574 0.00000000100000000000 0.01182893627869448759 0.02102845009781683164 0.00210695112219762282 0.00000000100000000000 0.00013423241200917859 0.28483844337635244592 
0.57501644285273767476 0.00000000100000000000 0.00000366338269011770 0.05057468443451176160 0.07472537364864682841 0.00000000100000000000 0.00000000100000000000 0.29967983268141368258 
0.55355681559756020338 0.02088077230055328595 0.00000000100000000000 0.06214629609231695634 0.00000000100000000000 0.00323157296828561905 0.00456877573498757315 0.35561576530629634973 
0.45223899261632194424 0.00212459357445522225 0.03189335562778538441 0.02183391580360482045 0.10614670179661532534 0.00000000100000000000 0.02760833428794723376 0.35815410529327001976 
0.59383071807857734647 0.00000000100000000000 0.00000000100000000000 0.00809559257792314205 0.04301777364762834899 0.00000000100000000000 0.02125030773855231606 0.33380560495731881332 
0.59724500481356657122 0.00000000100000000000 0.04701279312102939895 0.00000000100000000000 0.03070490235785753794 0.00000000100000000000 0.00063424285298671786 0.32440305385455986409 
0.99999999300000019797 0.00000000099999999998 0.00000000099999999998 0.00000000099999999998 0.00000000099999999998 0.00000000099999999998 0.00000000099999999998 0.00000000099999999998 
0.69020635123494311625 0.00344316771879013810 0.00002350849321741693 0.00633947548061511695 0.00066312797171390477 0.02842277158903782144 0.04387602169429766913 0.22702557581738480597 
0.53275901322441576724 0.00000000100000000000 0.04521083075199309326 0.00000000100000000000 0.10014129892432638291 0.00000000100000000000 0.00000000100000000000 0.32188885309926490441 
0.56733793812337529605 0.00008526609547894225 0.00000000118917718573 0.05006854138004995791 0.03567986414244422866 0.00000000100000000000 0.00000015313620402246 0.34682823493327036291 
0.57441269135723160844 0.00331111036946159579 0.00000112191927958275 0.00000000100000000000 0.10167153885055668638 0.00847146893584640841 0.01696545018508978722 0.29516661738253446856 
0.53843035378512571487 0.01128880479177960146 0.00000000100000000000 0.00000066982282625829 0.03958280959551198352 0.00000000100000000000 0.08079478784860683049 0.32990257215614965380 
0.49317949924465492861 0.00000009907182129879 0.00000953292749014684 0.00835137992102124270 0.13565353381169553693 0.00000000100000000000 0.04175934506904971366 0.32104660895426700984 
0.58566460858976276960 0.03261694962060776581 0.00000002403390287497 0.00000000100000000000 0.00000000100000000000 0.00000124232636688836 0.05292747221572485089 0.32878970121363493284 
0.53003090020375243085 0.00769472640888006071 0.00000000100000000000 0.00000556502917915367 0.03604842669215603534 0.00000000100000000000 0.04375905972678093003 0.38246131993925147619 
0.56303412371584971030 0.01123437751905529726 0.00000000100000000000 0.01736350595584986237 0.04752176814674120842 0.00000132523900286984 0.02433792905795736233 0.33650696936554375105 
0.59864403412817268624 0.00000000099999999999 0.00000000099999999999 0.00000000099999999999 0.06934369861530698120 0.00000000099999999999 0.00000000099999999999 0.33201226225652052948 
0.58100373677200667366 0.01203159858339947555 0.00074531394172006461 0.00000000100000000000 0.09618834274395172967 0.01718916542162682998 0.00761174297978612410 0.28523009855750924846 
0.60848394321793874973 0.00000000100000000000 0.00000000100000000000 0.03132839931731376537 0.07839969034147836746 0.00000000861367821767 0.00000665718360001544 0.28178129932599088603 
0.50695284581989930039 0.00025388359243085502 0.00000000490024308726 0.00000006066982352725 0.09023189715370108499 0.04562375989768443357 0.01051978493041158015 0.34641776303580612550 
0.52472358384648531970 0.00000088651020578120 0.04180409169593621299 0.04477922658074734441 0.01658918064439761364 0.00000000100000000000 0.02558534854298532418 0.34651768117924225399 
0.54977349557032384464 0.00000000100000000000 0.03605193881552076762 0.00000000100000000000 0.01670034442693147866 0.00000000100000000000 0.05995578447815398671 0.33751843370907014252 
0.53465197824684218553 0.00002092663263880671 0.00105314132489753298 0.00000165474365690239 0.04681299394766922500 0.00000000100000000000 0.02574608312333979965 0.39171322098095573416 
0.60210470485526834672 0.00000184502740833846 0.05091601068709313005 0.00835927531680441538 0.03494487729774298918 0.00000000100000000000 0.02194592940034242878 0.28172735641534052409 
0.65351253576426704406 0.00000000593666984160 0.00201657986545051042 0.00000000099999999999 0.12798854184154678792 0.00000000633597144018 0.00000000099999999999 0.21648232825609456387 
0.48458802387165589298 0.01420989660517022087 0.03976593773508107360 0.01372633875192563573 0.11396560543712833113 0.00000000100000000000 0.01413399810268606456 0.31961019849635274870 
0.00000000099999999993 0.00000000099999999993 0.00000000099999999993 0.00000000099999999993 0.00000000099999999993 0.00000000099999999993 0.00000000099999999993 0.99999999299999997593 
0.76258007534707417108 0.00508150128148684727 0.00000390097545828699 0.03812597582977072380 0.00999571883448869582 0.00000000125089782013 0.01022553723342153192 0.17398728924740186619 
0.52452972745327897108 0.00853837115780950624 0.03612123349371823555 0.05201512773020124103 0.00051249352182688903 0.00000000270454650432 0.04936274997193117881 0.32892029396668764907 
0.00000000099999999984 0.00000000099999999984 0.00000000099999999984 0.00000000099999999984 0.00000000099999999984 0.00000000099999999984 0.00000000099999999984 0.99999999300000008695 
0.63767693653237367268 0.02648905507396695849 0.00006848832090234383 0.02232691087721191264 0.00004537439873177110 0.00000000100000000000 0.04207498654918728764 0.27131824724762632073 
0.00000000099999999989 0.00000000099999999989 0.00000000099999999989 0.00000000099999999989 0.00000000099999999989 0.00000000099999999989 0.00000000099999999989 0.99999999299999997593 
0.48384178740962335841 0.01351382914936311540 0.00000000100000000000 0.02318546516036194133 0.08800356246543300509 0.00000000100000000000 0.00000000100000000000 0.39145535281521864901 
0.52779051785390351803 0.00000071768268787670 0.00000000100000000000 0.00830725123184459548 0.02433149140066276361 0.00000000100000000000 0.03307603460515146782 0.40649398522574997639 
0.53934848998202400416 0.02794950749797244990 0.00000003386981671412 0.00000000100000000000 0.15697450457807582413 0.00000000100000000000 0.00000000100000000000 0.27572746107211099087 
0.66717505411862987330 0.00000000100000000000 0.00000000100000000000 0.04435009580157116271 0.00000000100000000000 0.00000000100000000000 0.02451790056103446760 0.26395694551876469625 
0.63664933517159449927 0.01927356161876271276 0.00000031698453942086 0.01791614457767821619 0.02586998521339004334 0.00039612420095362779 0.04185245894058495231 0.25804207329249645442 
0.59482163957055456116 0.00000004650090605258 0.00000000100000000000 0.01354561064216752361 0.05728851077772698086 0.01712634098200404784 0.00356095912569962848 0.31365689140094127341 
0.53501771856588309362 0.00000000100000000000 0.00000000100000000000 0.00041855582344581764 0.10407234431210277137 0.00000000100000000000 0.00966692665580852831 0.35082445164275988247 
0.55480340539650285780 0.00000000100000000000 0.00000003095405795798 0.00000000100000000000 0.07408670921965357370 0.02816042583076058120 0.03720278750500830012 0.30574663909401678108 
0.50847348551598525734 0.00009897630437546798 0.04067793647378466909 0.04463727489253407205 0.07937700750832092644 0.00655485596480001424 0.00005314906424960358 0.32012731427595003675 
0.49959115312942786735 0.00000000100000000000 0.00000000568575467621 0.00113684803370274305 0.03696411245737839940 0.09813546781848293821 0.05110205037339357603 0.31307036150185973966 
0.99999999300000008695 0.00000000099999999998 0.00000000099999999998 0.00000000099999999998 0.00000000099999999998 0.00000000099999999998 0.00000000099999999998 0.00000000099999999998 
0.51170336544360450759 0.01029326199917628658 0.03716932084286329874 0.00641866423757886124 0.09519842264052198744 0.00016363204158989590 0.00417627508804003893 0.33487705770662523630 
0.49604137244432022769 0.00000000100000000000 0.00000000100000000000 0.04108392770654428067 0.05209447112634293942 0.01222498074802667520 0.07558661705218530646 0.32296862892258065836 
0.66820279375662383625 0.00778002929783921850 0.00176620305891719452 0.04980571397896307179 0.00000000100000000000 0.00000000100000000000 0.01024390285146914437 0.26220135505618769045 
0.44992137142870453070 0.00000000100000000000 0.01830851254964506805 0.00171898778745182006 0.09382323231449921086 0.02543239980351161625 0.01456772112465584343 0.39622777399153186195 
0.78565055615388057486 0.00817392237596793400 0.02103088816168450018 0.00744547604218008877 0.00002646056165876691 0.05780228230108198223 0.00009641094905580235 0.11977400345449042141 
0.41921775925094356685 0.00508968821314666111 0.09751745393796179551 0.03044558851036749739 0.01417869658628507709 0.00000000100000000000 0.03642539293270684320 0.39712541956858860015 
0.00000000099999999992 0.00000000099999999992 0.00000000099999999992 0.00000000099999999992 0.00000000099999999992 0.00000000099999999992 0.00000000099999999992 0.99999999300000008695 
0.61714419720137614345 0.00000000100000000000 0.07819509679079367226 0.00000000100000000000 0.03888432007895316345 0.00000000100000000000 0.02068759141848144911 0.24508879151039575373 
0.56674692714644658853 0.01007599425577213395 0.00191328534879631629 0.00000001942548730773 0.08549271325280417833 0.00000000100000000000 0.01261345688426698114 0.32315760268642657049 
0.45311049760384414231 0.00000000153756474757 0.09143119154907711210 0.04069245095068855372 0.05474187242365350509 0.00000000100000000000 0.10822696850375397581 0.25179701643141788603 
0.40606699295214121470 0.00000000100000000000 0.04411853602409319952 0.00635079914843404095 0.11076570288303684564 0.03636949230315996567 0.02323411153808667765 0.37309436415104790807 
0.00000000099999999994 0.00000000099999999994 0.00000000099999999994 0.00000000099999999994 0.00000000099999999994 0.00000000099999999994 0.00000000099999999994 0.99999999300000008695 
0.48467264255725223121 0.00000000100000000000 0.00000000100000000000 0.04650764737743294519 0.04121021987944171322 0.07052322208749421673 0.00000000100000000000 0.35708626509837887442 
0.53089003814761270839 0.00000000100000000000 0.00000000100000000000 0.02235157487644314975 0.11465448292319725676 0.00000000100000000000 0.01135285275522074713 0.32075104829752637547 
0.67327068756353403156 0.00000000100000000000 0.04015777836158243574 0.00804189856247318827 0.05957563464975874912 0.03091880577813897052 0.01847633849993421742 0.16955885558457856055 
0.69137423670775699502 0.01663945451988493168 0.00000000100000000000 0.00379017780341462740 0.00000120372712632480 0.00000000100000000000 0.01324212642532554204 0.27495279881649148379 
0.99999998780701604417 0.00000000099999999999 0.00000000099999999999 0.00000000099999999999 0.00000000619298410373 0.00000000099999999999 0.00000000099999999999 0.00000000099999999999 
0.50149591440863405811 0.01656123288918499165 0.00118631672897021620 0.01801972222347543104 0.10076733425900814833 0.04324150758440938741 0.01915127880005873529 0.29957669310625911763 
0.51212624186881094968 0.00000003411613060501 0.00000187219555059490 0.00001525230566903395 0.04851647531779809674 0.04291216606232081676 0.04932283369364384717 0.34710512444007618482 
0.57828411994990125411 0.00000000100000000000 0.04683861289597925082 0.01239178774733952666 0.00284759760889684212 0.00000127265206576587 0.03980726775070497075 0.31982934039511234925 
0.44103633405859921091 0.00000000100000000000 0.06825385773779028831 0.00000000100000000000 0.22158956176444802311 0.00000001631042289689 0.00000000100000000000 0.26912022712873961972 
0.51689136217417919195 0.00000000100000000000 0.00000000100000000000 0.06650889469615461902 0.05009801315951850631 0.00000000100000000000 0.34105822122511914030 0.02544350574502848850 
0.99999999300000019797 0.00000000099999999998 0.00000000099999999998 0.00000000099999999998 0.00000000099999999998 0.00000000099999999998 0.00000000099999999998 0.00000000099999999998 
0.99999999300000019797 0.00000000099999999999 0.00000000099999999999 0.00000000099999999999 0.00000000099999999999 0.00000000099999999999 0.00000000099999999999 0.00000000099999999999 
0.55462659571544203896 0.03741044199978386248 0.00000000100000000000 0.03233135247599946277 0.01760228501599634190 0.00000000100000000000 0.06922668891812765180 0.28880263387465071601 
0.56297443686035442134 0.02893954690897120388 0.00000028422344018476 0.01530501621009876419 0.09976915256402611731 0.00000000100000000000 0.00000000100000000000 0.29301156123310917456 
0.59150477964138825637 0.00031867799169008575 0.00000020340599733572 0.03115944310469370357 0.02971085446622712123 0.03180455680194475138 0.04210400139699636141 0.27339748319106238483 
0.99999999001717632119 0.00000000099999999999 0.00000000099999999999 0.00000000099999999999 0.00000000099999999999 0.00000000398282386234 0.00000000099999999999 0.00000000099999999999 
0.00000000099999999993 0.00000000099999999993 0.00000000099999999993 0.00000000099999999993 0.00000000099999999993 0.00000000099999999993 0.00000000099999999993 0.99999999299999997593 
0.54883103948668343630 0.01059051745112119317 0.00000049543023130406 0.01421036338098375859 0.04974101594843146484 0.00000000100000000000 0.03839112521598100902 0.33823544208656786125 
0.00000000099999999993 0.00000000099999999993 0.00000000099999999993 0.00000000099999999993 0.00000000099999999993 0.00000000099999999993 0.00000000099999999993 0.99999999299999997593 
0.45810930544250372254 0.00000000100000000000 0.00002539801025052440 0.03357018188335460923 0.06696953519899132012 0.04840194470398298532 0.03554263752145300770 0.35738099623946389949 
0.62845515215754821359 0.00000274901736921464 0.00177467521790422383 0.00000102227570370007 0.02515713360664348711 0.05079011083562548490 0.03873121477319082379 0.25508794211601470980 
0.47116379660598661783 0.03202357553637321524 0.00000000100000000000 0.05720126243808498767 0.06050601602969321591 0.00000000100000000000 0.02198748313530947407 0.35711786425455260829 
0.47892301789437280446 0.00000986991472014303 0.00000397665488185169 0.00276363169190820641 0.09819595246458515114 0.08785154957306509638 0.03438218352882259354 0.29786981827764424935 
0.71555761623402214244 0.00000000100000000000 0.00052859289334093935 0.00176243643469887351 0.00000000100000000000 0.00008419307538411286 0.02826124532853832236 0.25380591403401542294 
0.99999999300000019797 0.00000000099999999998 0.00000000099999999998 0.00000000099999999998 0.00000000099999999998 0.00000000099999999998 0.00000000099999999998 0.00000000099999999998 
0.50869339472054986295 0.00003454336746727751 0.00000000100000000000 0.02476590077380625213 0.12195680687283826094 0.00007048712115542225 0.03469388655959550899 0.30978497958458733885 
0.70852308561056653868 0.00000061538472503718 0.00142724761632246136 0.00004308133823201200 0.06040529324276251028 0.00452748095980547594 0.00001249023763572195 0.22506070560995011798 
0.50692594769619692130 0.03836108827075267180 0.00000000100000000000 0.00002529199509441755 0.11829035093311751625 0.00000114616501015143 0.04394945414314294085 0.29244671979668535045 
0.71420793579818575569 0.01695661425261960412 0.00000008023257712036 0.00435137550580615411 0.05401438504645792588 0.00902689725688658566 0.00751630208896946882 0.19392640981849751380 
0.99999999300000019797 0.00000000099999999998 0.00000000099999999998 0.00000000099999999998 0.00000000099999999998 0.00000000099999999998 0.00000000099999999998 0.00000000099999999998 
0.57090431806893360278 0.00000000100000000000 0.00000000100000000000 0.02036400840876252671 0.05149072592919654023 0.05662022946036116694 0.06282492802859045156 0.23779578810415569201 
0.99999999276326900777 0.00000000123673107715 0.00000000099999999999 0.00000000099999999999 0.00000000099999999999 0.00000000099999999999 0.00000000099999999999 0.00000000099999999999 
0.52264099577237166372 0.00000000100000000000 0.02292502295329425926 0.04526975351099885719 0.04153706870754576147 0.00000000100000000000 0.00010560646293069120 0.36752155059285879224 
0.51419755439952474774 0.00001663818814551536 0.00570058256002993653 0.06449410865435231677 0.00000007761475135268 0.07601381033061650749 0.01690326858347280387 0.32267395966910661365 
0.10604255669168027865 0.00074080515712100314 0.00000000100000000000 0.03905466290125162582 0.67723854876288513971 0.00000056020699591271 0.07380436271623559696 0.10311850256383051083 
0.00000000099999999999 0.00000000099999999999 0.00000000099999999999 0.00000000099999999999 0.99999999300000008695 0.00000000099999999999 0.00000000099999999999 0.00000000099999999999 
0.00000000100000000000 0.00000000100000000000 0.01556992838497140569 0.00046737710431841382 0.71923882679061457157 0.00002102927392022573 0.09659475700066168236 0.16810807944551359183 
0.00000000099999999997 0.00000000099999999997 0.00000000099999999997 0.00000000099999999997 0.99999999300000008695 0.00000000099999999997 0.00000000099999999997 0.00000000099999999997 
0.07221503197648182493 0.00455528438767959822 0.02673763775279430766 0.07153948761873932249 0.67644199809412153268 0.00186038391651040377 0.07088601845825552583 0.07576415779541741113 
0.00000000099999999998 0.00000000099999999998 0.00000000099999999998 0.00000000099999999998 0.99999999300000008695 0.00000000099999999998 0.00000000099999999998 0.00000000099999999998 
0.00000000099999999999 0.00000000099999999999 0.00000000099999999999 0.00000000099999999999 0.99999999300000008695 0.00000000099999999999 0.00000000099999999999 0.00000000099999999999 
0.00000000099999999998 0.00000000099999999998 0.00000000099999999998 0.00000000099999999998 0.99999999300000008695 0.00000000099999999998 0.00000000099999999998 0.00000000099999999998 
0.00000000099999999999 0.00000000099999999999 0.00000000099999999999 0.00000000099999999999 0.99999999300000008695 0.00000000099999999999 0.00000000099999999999 0.00000000099999999999 
0.00000000099999999998 0.00000000099999999998 0.00000000099999999998 0.00000000099999999998 0.99999999299999997593 0.00000000099999999998 0.00000000099999999998 0.00000000099999999998 
0.00029504594014005719 0.00000000100000000000 0.01841054746428336455 0.03349263961622842706 0.78261030196896352873 0.00000000100000000000 0.07628366908494862986 0.08890779392543601833 
0.00000000099999999999 0.00000000099999999999 0.00000000099999999999 0.00000002278120756983 0.99999997121879236062 0.00000000099999999999 0.00000000099999999999 0.00000000099999999999 
0.00000000099999999998 0.00000000099999999998 0.00000000099999999998 0.00000000099999999998 0.99999999299999997593 0.00000000099999999998 0.00000000099999999998 0.00000000099999999998 
0.00000000099999999999 0.00000000099999999999 0.00000000099999999999 0.00000004926409423180 0.92889099555621301718 0.00000000099999999999 0.07110895017969284804 0.00000000099999999999 
0.00000000099999999998 0.00000000099999999998 0.00000000099999999998 0.00000000099999999998 0.99999999300000008695 0.00000000099999999998 0.00000000099999999998 0.00000000099999999998 
0.00000000099999999998 0.00000000099999999998 0.00000000099999999998 0.00000000099999999998 0.99999999299999997593 0.00000000099999999998 0.00000000099999999998 0.00000000099999999998 
0.00000000100000000000 0.00000000100000000000 0.03446575374351363436 0.01999835100777879945 0.78543401991940109408 0.00000000234538018008 0.08677290733960510427 0.07332896364432109348 
0.00000000099999999998 0.00000000099999999998 0.00000000099999999998 0.00000000099999999998 0.99997843086527005152 0.00000000099999999998 0.00002156313473002335 0.00000000099999999998 
0.00000000099999999998 0.00000000099999999998 0.00000000099999999998 0.00004332261473713381 0.99995667138526289630 0.00000000099999999998 0.00000000099999999998 0.00000000099999999998 
0.22512953454048709179 0.00000000100000000000 0.04935811555091256658 0.00991139228305224981 0.40902045572629591730 0.13080258623106841287 0.11309805555168674085 0.06267985911649687214 
0.00000000099999999999 0.00000000099999999999 0.00000000099999999999 0.00000000099999999999 0.99999999300000008695 0.00000000099999999999 0.00000000099999999999 0.00000000099999999999 
0.00000000099999999997 0.00000000099999999997 0.00000000099999999997 0.00000000099999999997 0.99999999300000008695 0.00000000099999999997 0.00000000099999999997 0.00000000099999999997 
0.00000000099999999999 0.00000000099999999999 0.00000000099999999999 0.00000000099999999999 0.99999999299999997593 0.00000000099999999999 0.00000000099999999999 0.00000000099999999999 
0.00000000099999999999 0.01534388876414946937 0.00000000099999999999 0.00000000099999999999 0.98465610523585056502 0.00000000099999999999 0.00000000099999999999 0.00000000099999999999 
0.00000000099999999998 0.00000000099999999998 0.00000000099999999998 0.00000000099999999998 0.99999999300000008695 0.00000000099999999998 0.00000000099999999998 0.00000000099999999998 
0.00000000099999999998 0.00000000099999999998 0.00000000099999999998 0.00000000099999999998 0.99999999300000008695 0.00000000099999999998 0.00000000099999999998 0.00000000099999999998 
0.00000000099999999998 0.00000000099999999998 0.00000000099999999998 0.00000000099999999998 0.99999999299999997593 0.00000000099999999998 0.00000000099999999998 0.00000000099999999998 
0.00000000099999999999 0.00000000099999999999 0.00000000099999999999 0.00000000099999999999 0.99999987075713470119 0.00000012324286537419 0.00000000099999999999 0.00000000099999999999 
0.00000000099999999997 0.00000000099999999997 0.00000000099999999997 0.00000000099999999997 0.99999999299999997593 0.00000000099999999997 0.00000000099999999997 0.00000000099999999997 
0.15005878385421383969 0.00000000147833694121 0.00007979683427897912 0.04258681233393258464 0.67867359766110857411 0.00353511038314947281 0.07781441742281135221 0.04725148003216819020 
0.00000000099999999999 0.00000000099999999999 0.00000000099999999999 0.00000000099999999999 0.99999999299999997593 0.00000000099999999999 0.00000000099999999999 0.00000000099999999999 
0.00000000099999999996 0.00000000099999999996 0.00000000099999999996 0.86187982711973532002 0.13812016688026468314 0.00000000099999999996 0.00000000099999999996 0.00000000099999999996 
0.00000000099999999995 0.00000000099999999995 0.00000000099999999995 0.99999999300000008695 0.00000000099999999995 0.00000000099999999995 0.00000000099999999995 0.00000000099999999995 
0.00000000099999999995 0.00000000099999999995 0.00000000099999999995 0.99999999299999997593 0.00000000099999999995 0.00000000099999999995 0.00000000099999999995 0.00000000099999999995 
0.00000000099999999995 0.00000000099999999995 0.00000000099999999995 0.99999999299999997593 0.00000000099999999995 0.00000000099999999995 0.00000000099999999995 0.00000000099999999995 
0.00000000099999999994 0.00000000099999999994 0.00000000099999999994 0.99999999299999997593 0.00000000099999999994 0.00000000099999999994 0.00000000099999999994 0.00000000099999999994 
0.00000000099999999993 0.00000000099999999993 0.00000000099999999993 0.99999999300000008695 0.00000000099999999993 0.00000000099999999993 0.00000000099999999993 0.00000000099999999993 
0.00000000099999999994 0.00000000099999999994 0.00000000099999999994 0.99999999299999997593 0.00000000099999999994 0.00000000099999999994 0.00000000099999999994 0.00000000099999999994 
0.00000000099999999995 0.00000000099999999995 0.00000000099999999995 0.99999999300000008695 0.00000000099999999995 0.00000000099999999995 0.00000000099999999995 0.00000000099999999995 
0.00000000099999999993 0.00000000099999999993 0.00000000099999999993 0.99999999299999997593 0.00000000099999999993 0.00000000099999999993 0.00000000099999999993 0.00000000099999999993 
0.00000000099999999993 0.00000000099999999993 0.00000000099999999993 0.99999999299999997593 0.00000000099999999993 0.00000000099999999993 0.00000000099999999993 0.00000000099999999993 
0.00000000099999999994 0.00000000099999999994 0.00000000099999999994 0.99999999299999997593 0.00000000099999999994 0.00000000099999999994 0.00000000099999999994 0.00000000099999999994 
0.00000000099999999995 0.00000000099999999995 0.00000000099999999995 0.99999999300000008695 0.00000000099999999995 0.00000000099999999995 0.00000000099999999995 0.00000000099999999995 
0.00000000099999999999 0.00000000099999999999 0.00000000099999999999 0.37818431808532948502 0.00000000099999999999 0.00000000099999999999 0.62181567591467046263 0.00000000099999999999 
0.00000000099999999993 0.00000000099999999993 0.00000000099999999993 0.99999999300000008695 0.00000000099999999993 0.00000000099999999993 0.00000000099999999993 0.00000000099999999993 
0.00000000099999999994 0.00000000099999999994 0.00000000099999999994 0.99999999299999997593 0.00000000099999999994 0.00000000099999999994 0.00000000099999999994 0.00000000099999999994 
0.00000000099999999994 0.00000000099999999994 0.00000000099999999994 0.99999999300000008695 0.00000000099999999994 0.00000000099999999994 0.00000000099999999994 0.00000000099999999994 
0.00000000099999999996 0.00000000099999999996 0.00000000099999999996 0.99999999300000008695 0.00000000099999999996 0.00000000099999999996 0.00000000099999999996 0.00000000099999999996 
0.00000000099999999994 0.00000000099999999994 0.00000000099999999994 0.99999999299999997593 0.00000000099999999994 0.00000000099999999994 0.00000000099999999994 0.00000000099999999994 
0.00000000099999999993 0.00000000099999999993 0.00000000099999999993 0.99999999300000008695 0.00000000099999999993 0.00000000099999999993 0.00000000099999999993 0.00000000099999999993 
0.00000000099999999994 0.00000000099999999994 0.00000000099999999994 0.99999999300000008695 0.00000000099999999994 0.00000000099999999994 0.00000000099999999994 0.00000000099999999994 
0.00000000099999999999 0.00000000099999999999 0.00000000099999999999 0.54687579476848147131 0.00000000099999999999 0.00000000099999999999 0.45312419923151864287 0.00000000099999999999 
0.00000000099999999994 0.00000000099999999994 0.00000000099999999994 0.99999999299999997593 0.00000000099999999994 0.00000000099999999994 0.00000000099999999994 0.00000000099999999994 
0.00000000099999999999 0.00000000099999999999 0.00000000099999999999 0.59668663373600738797 0.00000000099999999999 0.00000000099999999999 0.40331336026399250416 0.00000000099999999999 
0.00000000099999999994 0.00000000099999999994 0.00000000099999999994 0.99999999299999997593 0.00000000099999999994 0.00000000099999999994 0.00000000099999999994 0.00000000099999999994 
0.00000000099999999995 0.00000000099999999995 0.00000000099999999995 0.99999999300000008695 0.00000000099999999995 0.00000000099999999995 0.00000000099999999995 0.00000000099999999995 
0.00000000099999999993 0.00000000099999999993 0.00000000099999999993 0.99999999299999997593 0.00000000099999999993 0.00000000099999999993 0.00000000099999999993 0.00000000099999999993 
0.00000000100000000000 0.30644856440347562065 0.53463013469974018932 0.00000000100000000000 0.00634214891517769202 0.12220116529954992701 0.00000000100000000000 0.03037798368205661334 
0.00000000099999999999 0.00000000099999999999 0.00000000099999999999 0.00000000099999999999 0.00000000099999999999 0.99999999300000008695 0.00000000099999999999 0.00000000099999999999 
0.00000000099999999999 0.00000000099999999999 0.05867427837905066224 0.00000000099999999999 0.00000000099999999999 0.94132571562094935480 0.00000000099999999999 0.00000000099999999999 
0.00000000099999999999 0.30046001943719491400 0.69953732765332699017 0.00000000099999999999 0.00000000099999999999 0.00000264790947814775 0.00000000099999999999 0.00000000099999999999 
0.00000000099999999999 0.01130779164437344976 0.00000000436479555799 0.00000000099999999999 0.00000000099999999999 0.98869217322258795555 0.00000000099999999999 0.00000002676824314678 
0.00000000099999999999 0.00000016889741204631 0.03157176513622624719 0.00000000099999999999 0.00000000099999999999 0.96380085970609219448 0.00000000099999999999 0.00462720226026946263 
0.00000000099999999999 0.00000000099999999999 0.00000542006049964395 0.00000000099999999999 0.00000000099999999999 0.99999338235234946914 0.00000000099999999999 0.00000119258715094962 
0.05620688637429109569 0.02860778207808300014 0.05392433287493738486 0.00000000100000000000 0.00000000100000000000 0.86126099467268846244 0.00000000100000000000 0.00000000100000000000 
0.00000000099999999999 0.00000000099999999999 0.00000000099999999999 0.00000000099999999999 0.00000000099999999999 0.99999999299999997593 0.00000000099999999999 0.00000000099999999999 
0.00000000100000000000 0.00000073917953382913 0.00000000100000000000 0.00000000100000000000 0.00000000100000000000 0.99999923483903963017 0.00000002098142660186 0.00000000100000000000 
0.00000000100000000000 0.05685518459468483915 0.00000000100000000000 0.00000000100000000000 0.00000000100000000000 0.93358858234030794865 0.00000000100000000000 0.00955622806500735014 
0.00000000100000000000 0.00011807193681050156 0.00210840923242394803 0.00000000100000000000 0.00000000100000000000 0.99777351383076562374 0.00000000100000000000 0.00000000100000000000 
0.05757773289749036627 0.13004877370184622642 0.49586579050442974870 0.00000000100000000000 0.00395067509763538573 0.29952843432378745137 0.00000000100000000000 0.01302859147481088067 
0.33930235901097105522 0.00001344579600436512 0.08160697370271170759 0.00000000100000000000 0.03643690928360732162 0.53872726765058542853 0.00391304255612013544 0.00000000100000000000 
0.00000000099999999999 0.05943879772516627580 0.00000000099999999999 0.00000000099999999999 0.00000000099999999999 0.94056119627483369960 0.00000000099999999999 0.00000000099999999999 
0.00000000099999999999 0.07216200431387033432 0.00000001305052236381 0.00000000099999999999 0.00000000099999999999 0.92783797763560726946 0.00000000099999999999 0.00000000099999999999 
0.00000193953172841684 0.04376397262077481864 0.00000000100000000000 0.01569972910200665914 0.00000000100000000000 0.94053435474549018647 0.00000000100000000000 0.00000000100000000000 
0.03201099426862577535 0.00000507855748880898 0.09932442122585299904 0.00000000100000000000 0.03045554232090380911 0.83820396062712876351 0.00000000100000000000 0.00000000100000000000 
0.00000000099999999989 0.99999999300000008695 0.00000000099999999989 0.00000000099999999989 0.00000000099999999989 0.00000000099999999989 0.00000000099999999989 0.00000000099999999989 
0.03852157690225362779 0.06647229476005142579 0.00006613525680877333 0.00000000100000000000 0.00000000100000000000 0.89480070013434254150 0.00000000100000000000 0.00013928994654365844 
0.00000000100000000000 0.24602385971671503206 0.71693265545718543041 0.00000001637555540393 0.00000000100000000000 0.00000027169059599061 0.00000000100000000000 0.03704319375994814811 
0.04729200238432743064 0.24832228644678833174 0.61332827043593407534 0.00711241376959328812 0.00003116343663383452 0.06991041475034470709 0.00000000100000000000 0.01400344777637833188 
0.00000000099999999999 0.01713842211238948698 0.00000000099999999999 0.00000000099999999999 0.00000000099999999999 0.98286157188761058556 0.00000000099999999999 0.00000000099999999999 
0.00000000099999999999 0.01861130576659434863 0.00000000099999999999 0.00000000099999999999 0.00000000099999999999 0.98138868823340552616 0.00000000099999999999 0.00000000099999999999 
0.00001649994909290748 0.24389321956587045603 0.66800247149511904343 0.00493328930496212802 0.00623725144530225088 0.06701679840407737121 0.00000000100000000000 0.00990046883557572401 
0.00000000099999999999 0.02454430309381815459 0.00000000099999999999 0.00000000099999999999 0.00000000099999999999 0.97545569090618178265 0.00000000099999999999 0.00000000099999999999 
0.00000000099999999999 0.00000093932563103179 0.00000000099999999999 0.00000000099999999999 0.00000000099999999999 0.98625239754136762027 0.01374665813300130282 0.00000000099999999999 
0.00269947966458635542 0.28255396482427597160 0.69129402892139668602 0.00000000099999999999 0.00000000099999999999 0.02345252258974112394 0.00000000099999999999 0.00000000099999999999 
0.00000000099999999999 0.01031846890933279734 0.00000000099999999999 0.00000000099999999999 0.00000000099999999999 0.98968152509066709133 0.00000000099999999999 0.00000000099999999999 
0.00000000099999999998 0.04087027591573536012 0.00000000099999999998 0.00000000099999999998 0.00000000099999999998 0.95912971808426461529 0.00000000099999999998 0.00000000099999999998 
0.00000000099999999997 0.00000000099999999997 0.99999999299999997593 0.00000000099999999997 0.00000000099999999997 0.00000000099999999997 0.00000000099999999997 0.00000000099999999997 
0.04525410780995373083 0.02807932154338664901 0.00000503774808857218 0.00000000099999999999 0.00000000099999999999 0.92666152889857111852 0.00000000099999999999 0.00000000099999999999 
0.00000000099999999999 0.29057936485356611334 0.64321838210315707141 0.00000000099999999999 0.00000000099999999999 0.06620224804327672075 0.00000000099999999999 0.00000000099999999999 
0.00000000099999999999 0.21913451955407697858 0.78086547444592313560 0.00000000099999999999 0.00000000099999999999 0.00000000099999999999 0.00000000099999999999 0.00000000099999999999 
0.03027213686439140031 0.30871129465065710873 0.60251399839841202066 0.00000000099999999999 0.00000000099999999999 0.05850256608653964241 0.00000000099999999999 0.00000000099999999999 
0.00000161682684909911 0.25245289203368531661 0.74754548613946558699 0.00000000099999999999 0.00000000099999999999 0.00000000099999999999 0.00000000099999999999 0.00000000099999999999 
0.00000000099999999998 0.01382319691313929275 0.00000000099999999998 0.00000000099999999998 0.00000000099999999998 0.98617679708686079021 0.00000000099999999998 0.00000000099999999998 
0.00000000099999999999 0.00000000099999999999 0.00000000099999999999 0.00000000099999999999 0.00000000099999999999 0.95147123457423865567 0.00000000099999999999 0.04852875942576139606 
0.00000000099999999999 0.00000000099999999999 0.14721319170117136421 0.00000000099999999999 0.00000000099999999999 0.83750156337511327820 0.00000000099999999999 0.01528523992371533594 
0.05145360221887625846 0.00000000100000000000 0.11436447565914086011 0.00877443425721510968 0.00000000100000000000 0.81146837337954147440 0.00000000100000000000 0.01393911148522626424 
0.00007399066453533526 0.00000000099999999999 0.16757539934739004717 0.00000000099999999999 0.00000000099999999999 0.83235060498807467155 0.00000000099999999999 0.00000000099999999999 
0.00000000100000000000 0.20559064372396879117 0.58592426692943333499 0.00000000100000000000 0.00007941106295604317 0.14078781847653776271 0.03253565549978036653 0.03508220230732383288 
0.00000000100000000000 0.00000927873300109427 0.00015460687659470817 0.00000000100000000000 0.00038552404780854813 0.99006239394248340968 0.00938819340011210098 0.00000000100000000000 
0.00000000100000000000 0.06857954178717025340 0.00000000100414620683 0.00000000100000000000 0.00592910734243564091 0.92549134586624792753 0.00000000100000000000 0.00000000100000000000 
0.00000000099999999998 0.02327717759487669957 0.00000000099999999998 0.00000000099999999998 0.00000000099999999998 0.97672281640512337297 0.00000000099999999998 0.00000000099999999998 
0.02738893470120349130 0.18965503863673616181 0.25888516214400725257 0.00000000099999999999 0.03615374387650745203 0.48791711764154571673 0.00000000099999999999 0.00000000099999999999 
0.00000034213436790342 0.18903370245266454264 0.45414283133517358015 0.00567437418641792823 0.00000000708700536057 0.33864694011867602086 0.01250180168569461556 0.00000000100000000000 
0.00713915658547775896 0.00044809569079927035 0.10457829678280003427 0.00000000099999999999 0.00000000099999999999 0.88783444694092306104 0.00000000099999999999 0.00000000099999999999 
0.00000000100000000000 0.00000000100000000000 0.07119463906205322767 0.00000000100000000000 0.00000000100000000000 0.92880531781902564425 0.00000000100000000000 0.00000003811892121287 
0.00000000099999999999 0.26409904721264287897 0.46793935194866359550 0.00000000099999999999 0.00000000099999999999 0.26796159583869350040 0.00000000099999999999 0.00000000099999999999 
0.00000000099999999998 0.00000000099999999998 0.99999999299999997593 0.00000000099999999998 0.00000000099999999998 0.00000000099999999998 0.00000000099999999998 0.00000000099999999998 
0.00262966013809765725 0.19574418411002231233 0.55356579761053004152 0.00000000100000000000 0.01081670343877240946 0.23146054151763614803 0.00000000100000000000 0.00578311118494155389 
0.00000000099999999999 0.05237452861730177572 0.00000000099999999999 0.00000000099999999999 0.00000000099999999999 0.94762546538269831764 0.00000000099999999999 0.00000000099999999999 
0.00000000099999999999 0.00000094921891199090 0.11418108925435904721 0.00000000099999999999 0.00000000099999999999 0.88581795652672890018 0.00000000099999999999 0.00000000099999999999 
0.01873195232223224746 0.00000000099999999999 0.15385498495247315609 0.00000000099999999999 0.03930413396800610387 0.78810892475728844264 0.00000000099999999999 0.00000000099999999999 
0.00000000099999999999 0.23319647546240870883 0.65523245804265084491 0.00000000099999999999 0.00000000099999999999 0.11157106149494050440 0.00000000099999999999 0.00000000099999999999 
0.00000000100000000000 0.24872665239457997233 0.62932083731104260238 0.00010506932788007801 0.00000000100000000000 0.12184743696649744105 0.00000000100000000000 0.00000000100000000000 
0.00000000100000000000 0.00000000100000000000 0.05116232160826559433 0.00000000100000000000 0.01255338545291944177 0.93628428793881501857 0.00000000100000000000 0.00000000100000000000 
0.00000000099999999999 0.00000000099999999999 0.00129104440259861209 0.00000000099999999999 0.00000000099999999999 0.99870894959740130759 0.00000000099999999999 0.00000000099999999999 
0.00000000345002919213 0.00000000099999999999 0.00000000099999999999 0.00000000099999999999 0.00000000099999999999 0.99999999054997079639 0.00000000099999999999 0.00000000099999999999 
0.00000000099999999999 0.00000000099999999999 0.00000000099999999999 0.00000000099999999999 0.00000000099999999999 0.99999999300000008695 0.00000000099999999999 0.00000000099999999999 
0.00000000578603197455 0.03353048058317691787 0.03867019639405619436 0.00000000099999999999 0.00000000099999999999 0.92779931323673503485 0.00000000099999999999 0.00000000099999999999 
0.07188403403708594486 0.04255723550659677723 0.00000001998438068262 0.00000000100000000000 0.00002530759833255356 0.88553339987360413232 0.00000000100000000000 0.00000000100000000000 
