0.34722506038800682315 0.00000067865467941461 0.00000090667921236930 0.00736311167398777302 0.04680615416387298028 0.05185065638041135017 0.00005840210264869599 0.54669502995718066707 
0.99999999300000008695 0.00000000099999999995 0.00000000099999999995 0.00000000099999999995 0.00000000099999999995 0.00000000099999999995 0.00000000099999999995 0.00000000099999999995 
0.99999999300000019797 0.00000000099999999998 0.00000000099999999998 0.00000000099999999998 0.00000000099999999998 0.00000000099999999998 0.00000000099999999998 0.00000000099999999998 
0.99999999300000008695 0.00000000099999999998 0.00000000099999999998 0.00000000099999999998 0.00000000099999999998 0.00000000099999999998 0.00000000099999999998 0.00000000099999999998 
0.30180557319043882503 0.00108899306305192600 0.00000000100000000000 0.00000000100000000000 0.02607600068805136090 0.01887117437966028682 0.04038369984785784850 0.61177455683093984184 
0.99999999300000019797 0.00000000099999999999 0.00000000099999999999 0.00000000099999999999 0.00000000099999999999 0.00000000099999999999 0.00000000099999999999 0.00000000099999999999 
0.24917168011233536973 0.00067966168229631322 0.00000000100000000000 0.09822272006500956665 0.07200565517760493250 0.00000000100000000000 0.00000000401684105574 0.57992027694591263831 
0.47110680258466952619 0.00000071771865497522 0.00509033769161140910 0.04769591261010863031 0.00000000100000000000 0.00014040820658527950 0.00000000100000000000 0.47596581918837016500 
0.34085562469221764026 0.04593162077643000996 0.00000618139537814730 0.00000000100000000000 0.02631349521482604856 0.03321711118637966226 0.00000000100000000000 0.55367596473476832220 
0.34964371600900207016 0.00000000100000000000 0.00000000100000000000 0.03063094083903837583 0.00044576970356453421 0.05169867317060671680 0.02596328540033152055 0.54161761287745679994 
0.00000000099999999998 0.00000000099999999998 0.00000000099999999998 0.00000000099999999998 0.00000000099999999998 0.00000000099999999998 0.00000000099999999998 0.99999999299999997593 
0.40102267833942212283 0.01247165643722504547 0.00000000100000000000 0.00000000100000000000 0.00000000100000000000 0.01281101129720312211 0.00000000100000000000 0.57369464992614949139 
0.38922180561284858147 0.00000000099999999999 0.05857670659618836179 0.00000000099999999999 0.00000000099999999999 0.00000000099999999999 0.00000000099999999999 0.55220148279096281652 
0.99999999300000019797 0.00000000099999999998 0.00000000099999999998 0.00000000099999999998 0.00000000099999999998 0.00000000099999999998 0.00000000099999999998 0.00000000099999999998 
0.55054517939611224975 0.00002107459145180648 0.00000620328630604716 0.00000000100000000000 0.07982891358506979951 0.03553495765816376550 0.00000000100000000000 0.33406366948289634156 
0.31296094562361992386 0.06923232693078759659 0.04384723527589515224 0.03713458775729036598 0.00000000100000000000 0.00000000100000000000 0.00000000100000000000 0.53682490141240690740 
0.35427229257456560596 0.00107584806553200985 0.00004307613713200980 0.00000000100000000000 0.00000000100000000000 0.03063218093595478433 0.00000057521122347517 0.61397602507559201346 
0.34023224512163052768 0.07281370649276443230 0.00000000100000000000 0.00000000100000000000 0.05248772652307193837 0.00000262740121569482 0.00672913184998192443 0.52773456061133539041 
0.30895861363342408401 0.00629876831737708094 0.00000000100000000000 0.00000004648249887847 0.00000000100000000000 0.06158015992852532844 0.01815930221437607808 0.60500310742379848072 
0.24088897753407811919 0.08577900482455845521 0.00643472055326524493 0.00000000100000000000 0.00000000100000000000 0.02236193251905930698 0.00000000100000000000 0.64453536156903867838 
0.36428914114766952626 0.00000000906714968622 0.00000000100000000000 0.03693123971641054659 0.00000000100000000000 0.00802634628297927560 0.03416737722441877401 0.55658588456137225720 
0.26350700846045160830 0.00000068528132875873 0.00000000625355344533 0.00000000100000000000 0.00000000100000000000 0.00843841477577714390 0.01034160991305977696 0.71771227331582931885 
0.38304389990575993252 0.04563475590035222240 0.00072600730268913513 0.03967694890569688909 0.00000000100000000000 0.02209766523619197467 0.00007319228500217461 0.50874752946430756850 
0.00000000099999999996 0.00000000099999999996 0.00000000099999999996 0.00000000099999999996 0.00000000099999999996 0.00000000099999999996 0.00000000099999999996 0.99999999299999997593 
0.37143486731180647142 0.05832590539840388361 0.00000004219121237480 0.00000000100000000000 0.06057064084108428059 0.00000001663878549705 0.00965891780380669779 0.50000960881490086329 
0.42118217016463566083 0.05546991976643231986 0.00000000100000000000 0.00043430810035562133 0.00452727849882978740 0.01256525732953520449 0.00000000100000000000 0.50582106414021144047 
0.00000000099999999998 0.00000000099999999998 0.00000000099999999998 0.00000000099999999998 0.00000000099999999998 0.00000000099999999998 0.00000000099999999998 0.99999999299999997593 
0.26921170868758442785 0.00000000108018996696 0.00879128266588412137 0.04674525521557735402 0.00000000100000000000 0.04459775470751757565 0.00000000100000000000 0.63065399564324642334 
0.33115188827756386614 0.00802959228254882321 0.04984426738347575575 0.00000000100000000000 0.00130462347988444336 0.02755685032178690000 0.00000000100000000000 0.58211277625474011632 
0.31922339482774203523 0.00001183042495032820 0.01954550638131789461 0.00000000100000000000 0.00000000100000000000 0.01442995016578081484 0.00000000100000000000 0.64678931520020876977 
0.40914122708888245317 0.00000001477272725994 0.06121081019793824657 0.00417853261015835049 0.00000000100000000000 0.00000019716451900998 0.00000000100000000000 0.52546921616577457748 
0.45405773953556805012 0.09705150576836303611 0.00000000100000000000 0.00033361583125922828 0.05214507540156548132 0.00000000100000000000 0.00981423002040167358 0.38659783144284237677 
0.20924141882252625391 0.08443417642130858491 0.07093438989323208599 0.00025444137700243274 0.00000000100000000000 0.00038206392214749029 0.00472891056342993575 0.63002459800035337523 
0.57935063762552452271 0.02690141879062419444 0.00000000100000000000 0.00000000100000000000 0.00000000100000000000 0.00000000100000000000 0.00000000100000000000 0.39374793858385148670 
0.61905076226904276471 0.00410161958977416172 0.02058996340588692062 0.00000000100000000000 0.02654139900044221248 0.02964353133583000691 0.00000000100000000000 0.30007272239902404998 
0.30880129447156534628 0.00000002364729511732 0.05418264392059344431 0.00000000100000000000 0.02534874335286972646 0.07802733698216204883 0.00000000159875026153 0.53363995502676420113 
0.99999999300000008695 0.00000000099999999994 0.00000000099999999994 0.00000000099999999994 0.00000000099999999994 0.00000000099999999994 0.00000000099999999994 0.00000000099999999994 
0.43420240306487489779 0.00000000100000000000 0.01296855859918755183 0.00000000100000000000 0.03410557490740021014 0.04139069076673909664 0.01843433609767374665 0.45889843456412438005 
0.42399851196992688340 0.00000000099999999999 0.00000000099999999999 0.00000000099999999999 0.00000000099999999999 0.00000000099999999999 0.00000000099999999999 0.57600148203007295322 
0.00000000099999999997 0.00000000099999999997 0.00000000099999999997 0.00000000099999999997 0.00000000099999999997 0.00000000099999999997 0.00000000099999999997 0.99999999299999997593 
0.00000000099999999998 0.00000000099999999998 0.00000000099999999998 0.00000000099999999998 0.00000000099999999998 0.00000000099999999998 0.00000000099999999998 0.99999999300000008695 
0.35496751045929209045 0.12941003494033051502 0.00000000100000000000 0.00000000100000000000 0.05830090326178628130 0.00000000100000000000 0.02160846267283059521 0.43571308566576028021 
0.47766062283123478238 0.00000000100000000000 0.00000000100000000000 0.01625427474257121890 0.00000000100000000000 0.04395766134086573351 0.00000000100000000000 0.46212743708532832976 
0.41374132208306013680 0.00038717474555634610 0.00000000100000000000 0.06119527370328922689 0.00000000100000000000 0.04725517342516656616 0.01085002227133948470 0.46657103177158826268 
0.32835422436236610944 0.01896983976305503805 0.00000000100000000000 0.01978925210855839861 0.03178689834341672654 0.00000875272261461842 0.00000000100000000000 0.60109103069998903734 
0.00000000099999999997 0.00000000099999999997 0.00000000099999999997 0.00000000099999999997 0.00000000099999999997 0.00000000099999999997 0.00000000099999999997 0.99999999299999997593 
0.38752373980223181471 0.08010754260686829553 0.00000000100000000000 0.00511257992935012281 0.04434560757455873609 0.00000843741732728450 0.00000000100000000000 0.48290209066966377494 
0.27750423322603690046 0.04361943645977375134 0.01623124651545290384 0.07065160024492160573 0.00000000100000000000 0.03216755093351195832 0.00000000100000000000 0.55982593062030283626 
0.32811206796677716557 0.00410403921886103116 0.00000000100000000000 0.12727996300392668827 0.00000000400074620650 0.04674339280728803669 0.00000000100000000000 0.49376053100240069327 
0.99999999300000019797 0.00000000099999999998 0.00000000099999999998 0.00000000099999999998 0.00000000099999999998 0.00000000099999999998 0.00000000099999999998 0.00000000099999999998 
0.30107926281360863907 0.06292096922639769940 0.00011661810387008805 0.06839181442634945096 0.00000000100000000000 0.00004677831935453315 0.01383699614096916587 0.55360755996945043567 
0.00000000099999999998 0.00000000099999999998 0.00000000099999999998 0.00000000099999999998 0.00000000099999999998 0.00000000099999999998 0.00000000099999999998 0.99999999299999997593 
0.44213419623733934971 0.00000000100000000000 0.00019942518090706337 0.00008345472051183596 0.00000007562511472764 0.02561596512297330958 0.02492042202659936964 0.50704646008655429590 
0.23384101272874463495 0.04065038705243068096 0.00456726031325149252 0.00000002219761883989 0.06843783050763127540 0.01961990029703028493 0.00000000100000000000 0.63288358590329285569 
0.99999999300000008695 0.00000000099999999999 0.00000000099999999999 0.00000000099999999999 0.00000000099999999999 0.00000000099999999999 0.00000000099999999999 0.00000000099999999999 
0.00000000099999999998 0.00000000099999999998 0.00012957530308484034 0.00000000099999999998 0.00000000099999999998 0.00000000099999999998 0.00000024612460419636 0.99987017357231089409 
0.00000000099999999997 0.00000000099999999997 0.00000000099999999997 0.00000000099999999997 0.00000000099999999997 0.27852221301840346390 0.00000000099999999997 0.72147778098159653926 
0.44613178318853297100 0.02142390250895403331 0.06624136839766586737 0.02980634321341172135 0.00004863511419198496 0.00000004144083360362 0.00000000100000000000 0.43634792513640957567 
0.43557910775675490189 0.07265641091598461221 0.00000018734475152695 0.00000000100000000000 0.00005997060963887315 0.00046931516426757647 0.01900181505997567549 0.47223319214862707893 
0.27066622794986278100 0.02950988260826044665 0.10500240617782281849 0.00000000100000000000 0.00000000100000000000 0.13532120207095038600 0.00000000100000000000 0.45950027819310340638 
0.00000000099999999998 0.00000000099999999998 0.00000000099999999998 0.00000000099999999998 0.00000000099999999998 0.00000000099999999998 0.00000000099999999998 0.99999999299999997593 
0.44274710094227753832 0.00686349375215936346 0.03121559381806575384 0.04759956287014855542 0.00000000100000000000 0.00000000100000000000 0.00000000100000000000 0.47157424561734900825 
0.27565807783754786575 0.02697572068890599986 0.00000000100000000000 0.00000000100000000000 0.12477724474402422661 0.03353091485467887128 0.00000000100000000000 0.53905803887484282644 
0.00000000099999999998 0.00000000099999999998 0.00000000099999999998 0.00000000099999999998 0.00000000099999999998 0.00000000099999999998 0.00000000099999999998 0.99999999299999997593 
0.49565496015439369781 0.03841172247581313426 0.00918850113099016139 0.11265599477250955174 0.00000000100000000000 0.00491831729703822319 0.00000000100000000000 0.33917050216925515027 
0.59023303930265558215 0.00000001035354158647 0.00065960010247066811 0.00000025715056461058 0.00000000100000000000 0.00021994127876682974 0.01828561530265192941 0.39060153550934895161 
0.99999999300000019797 0.00000000099999999998 0.00000000099999999998 0.00000000099999999998 0.00000000099999999998 0.00000000099999999998 0.00000000099999999998 0.00000000099999999998 
0.24151235724923195147 0.05936646180924503441 0.00000205442683579971 0.00000000100000000000 0.09287580080510175751 0.01689279115401773335 0.01170589896873266804 0.57764463458683501518 
0.30303780562327309323 0.02845625820612315143 0.00000000100000000000 0.08391272248578911241 0.00000000321489048999 0.03232604900263270215 0.00000000100000000000 0.55226715946729143525 
0.00000000099999999998 0.00000000099999999998 0.00000000099999999998 0.00000000099999999998 0.00000000099999999998 0.00000000099999999998 0.00000000099999999998 0.99999999300000008695 
0.27174480375613846439 0.20019760997953672810 0.02964594594722687326 0.00000000100000000000 0.09008417731082411783 0.00000000100000000000 0.00000000100000000000 0.40832746000627401228 
0.46910582763417191243 0.06386382349965448457 0.00000000100000000000 0.00000000100000000000 0.00000000100000000000 0.38065305254352355124 0.00000000100000000000 0.08637729232265017876 
0.99999999300000019797 0.00000000099999999998 0.00000000099999999998 0.00000000099999999998 0.00000000099999999998 0.00000000099999999998 0.00000000099999999998 0.00000000099999999998 
0.64983149233619375007 0.00000000100000000000 0.00031881479163267293 0.00000000100000000000 0.12619075304376276003 0.00000000100000000000 0.01977633575945384262 0.20388260106895689239 
0.32425591158508881851 0.00000541391518236371 0.00000062841480390404 0.00000047734148900111 0.00000000100000000000 0.06855659316999017372 0.04238804635824357236 0.56479292821520210577 
0.33922058675137906070 0.07700887538312824188 0.00000000100000000000 0.00000000100000000000 0.03443386594778369281 0.00000000100000000000 0.02951982923189947275 0.51981683968580949529 
0.37296775753218824878 0.00020030955500590345 0.00000000100000000000 0.00025531422938469844 0.06717192604591458449 0.06173402778989828948 0.00725658007961063264 0.49041408376799766611 
0.55744169359111217510 0.00000000100000000000 0.02775258007913310176 0.06381463923436132835 0.11751949488923391085 0.00000000100000000000 0.00000000100000000000 0.23347158920615940225 
0.42869350790890864422 0.00000000099999999999 0.00000000099999999999 0.00000000099999999999 0.00000010765596923667 0.00000000099999999999 0.00803528892833417149 0.56327109150678789096 
0.37390859436298784502 0.01472508370056299469 0.00000018103446791919 0.00001595619213445258 0.00000000100000000000 0.04160876475708324279 0.01555076195905993192 0.55419065699370351208 
0.00000000099999999998 0.08558044799603380104 0.00000000099999999998 0.00000000099999999998 0.00000000099999999998 0.27921362809696692597 0.00000000099999999998 0.63520591890699917847 
0.00000000099999999998 0.00000000099999999998 0.00000000099999999998 0.00000000099999999998 0.00000000099999999998 0.00000000099999999998 0.00000000099999999998 0.99999999299999997593 
0.43746290949251676050 0.00001005241274836856 0.00000000100000000000 0.00000000100000000000 0.09959640768356400886 0.02653145156237782937 0.00000000100000000000 0.43639917584879300838 
0.00000000099999999998 0.00000000099999999998 0.00000000099999999998 0.00000000099999999998 0.00000000099999999998 0.00000000099999999998 0.00000000099999999998 0.99999999299999997593 
0.31630671187241976572 0.06468368023222351160 0.00000000730679671222 0.00512930330633661752 0.10986537193817216829 0.03621774816585932033 0.00000001974455244413 0.46779715743363942115 
0.53988634593946116524 0.00000000100000000000 0.00001827788684019384 0.00000006953495322894 0.05544123166043533196 0.01490043843489627547 0.00000000100000000000 0.38975363454341399594 
0.99999999300000019797 0.00000000099999999998 0.00000000099999999998 0.00000000099999999998 0.00000000099999999998 0.00000000099999999998 0.00000000099999999998 0.00000000099999999998 
0.00000000099999999998 0.00000000099999999998 0.00000000099999999998 0.00000000099999999998 0.00000000099999999998 0.00000000099999999998 0.00000000099999999998 0.99999999299999997593 
0.52778363343036915900 0.03216516506350716731 0.00000140563901457100 0.00000000100000000000 0.07963170545837194858 0.00000001039649686591 0.00000000100000000000 0.36041807801224040597 
0.32882353857533386243 0.10064945765936890443 0.00000000100000000000 0.00000002497315009585 0.02338685330082264022 0.02910826233609664637 0.03783290090346273088 0.48019896125176519952 
0.51594808981992579255 0.03807850596460767012 0.00000002490469025262 0.00000000100000000000 0.08324795406457305424 0.00189260480218817720 0.01327337561230696253 0.34755944383170811474 
0.99999999300000019797 0.00000000099999999999 0.00000000099999999999 0.00000000099999999999 0.00000000099999999999 0.00000000099999999999 0.00000000099999999999 0.00000000099999999999 
0.36320446549980861528 0.02556440668144625145 0.00000000100000000000 0.08452850840361436635 0.00012828540364346206 0.06227999272297123079 0.00008456161614551095 0.46420977867237056547 
0.99999999300000019797 0.00000000099999999999 0.00000000099999999999 0.00000000099999999999 0.00000000099999999999 0.00000000099999999999 0.00000000099999999999 0.00000000099999999999 
0.26273043543512292208 0.01232417936076428758 0.00000001256805114840 0.00000000100000000000 0.07221380311144315334 0.03747525768020257969 0.00000104847513344238 0.61525526236928229640 
0.28823951217152249393 0.00000000100000000000 0.00529751276273963088 0.00000000100000000000 0.11393486994470113094 0.05845700735558706507 0.00000004551745175429 0.53407105024799772508 
0.00000000100000000000 0.68147277953191665034 0.00000000100000000000 0.01070382712373285118 0.00000000100000000000 0.07793168572051112353 0.00000000100000000000 0.22989170362383937185 
0.00000000099999999999 0.99999999300000008695 0.00000000099999999999 0.00000000099999999999 0.00000000099999999999 0.00000000099999999999 0.00000000099999999999 0.00000000099999999999 
0.00000000100000000000 0.68640119826137369063 0.00001062842621142753 0.04114201042078972220 0.00000000100000000000 0.11844954693028315884 0.00000000100000000000 0.15399661296134201094 
0.00000000099999999998 0.99999999300000008695 0.00000000099999999998 0.00000000099999999998 0.00000000099999999998 0.00000000099999999998 0.00000000099999999998 0.00000000099999999998 
0.00000000100000000000 0.66885005550631004834 0.03121482268523707512 0.02053085717878059754 0.00000000100000000000 0.13048677987274304169 0.00000000100000000000 0.14891748175692939848 
0.00000000099999999999 0.99999999300000019797 0.00000000099999999999 0.00000000099999999999 0.00000000099999999999 0.00000000099999999999 0.00000000099999999999 0.00000000099999999999 
0.00000000099999999999 0.99999999300000019797 0.00000000099999999999 0.00000000099999999999 0.00000000099999999999 0.00000000099999999999 0.00000000099999999999 0.00000000099999999999 
0.00000000099999999998 0.99999999300000019797 0.00000000099999999998 0.00000000099999999998 0.00000000099999999998 0.00000000099999999998 0.00000000099999999998 0.00000000099999999998 
0.00000000099999999999 0.99999999300000008695 0.00000000099999999999 0.00000000099999999999 0.00000000099999999999 0.00000000099999999999 0.00000000099999999999 0.00000000099999999999 
0.00000000099999999998 0.99999999300000008695 0.00000000099999999998 0.00000000099999999998 0.00000000099999999998 0.00000000099999999998 0.00000000099999999998 0.00000000099999999998 
0.00000000099999999999 0.99999999300000008695 0.00000000099999999999 0.00000000099999999999 0.00000000099999999999 0.00000000099999999999 0.00000000099999999999 0.00000000099999999999 
0.00000000099999999999 0.99999955362490611233 0.00000000099999999999 0.00000000099999999999 0.00000000099999999999 0.00000044037509393357 0.00000000099999999999 0.00000000099999999999 
0.00000000099999999998 0.99999999300000008695 0.00000000099999999998 0.00000000099999999998 0.00000000099999999998 0.00000000099999999998 0.00000000099999999998 0.00000000099999999998 
0.00000000099999999998 0.99999999300000019797 0.00000000099999999998 0.00000000099999999998 0.00000000099999999998 0.00000000099999999998 0.00000000099999999998 0.00000000099999999998 
0.00000000099999999998 0.99999999300000019797 0.00000000099999999998 0.00000000099999999998 0.00000000099999999998 0.00000000099999999998 0.00000000099999999998 0.00000000099999999998 
0.00000000099999999998 0.99999999300000008695 0.00000000099999999998 0.00000000099999999998 0.00000000099999999998 0.00000000099999999998 0.00000000099999999998 0.00000000099999999998 
0.00000000099999999999 0.99999999300000019797 0.00000000099999999999 0.00000000099999999999 0.00000000099999999999 0.00000000099999999999 0.00000000099999999999 0.00000000099999999999 
0.00000000099999999998 0.99999999300000008695 0.00000000099999999998 0.00000000099999999998 0.00000000099999999998 0.00000000099999999998 0.00000000099999999998 0.00000000099999999998 
0.00000000099999999998 0.99999996081134301384 0.00000000099999999998 0.00000000099999999998 0.00000000099999999998 0.00000003318865707427 0.00000000099999999998 0.00000000099999999998 
0.21305146733650734414 0.42415828036535435652 0.03259986956845603578 0.01607779000535720232 0.14094968625744916380 0.10890753974050494668 0.00003245581367284590 0.06422291091269793917 
0.00000000099999999999 0.99999999300000019797 0.00000000099999999999 0.00000000099999999999 0.00000000099999999999 0.00000000099999999999 0.00000000099999999999 0.00000000099999999999 
0.00000000099999999997 0.99999999300000019797 0.00000000099999999997 0.00000000099999999997 0.00000000099999999997 0.00000000099999999997 0.00000000099999999997 0.00000000099999999997 
0.00000000099999999999 0.99999999300000019797 0.00000000099999999999 0.00000000099999999999 0.00000000099999999999 0.00000000099999999999 0.00000000099999999999 0.00000000099999999999 
0.00000000099999999999 0.97017121381222337639 0.00000002030443836436 0.00000000099999999999 0.00000000099999999999 0.00000000099999999999 0.02982876088333835315 0.00000000099999999999 
0.00000000099999999998 0.99999999300000019797 0.00000000099999999998 0.00000000099999999998 0.00000000099999999998 0.00000000099999999998 0.00000000099999999998 0.00000000099999999998 
0.00000000099999999998 0.99999999300000019797 0.00000000099999999998 0.00000000099999999998 0.00000000099999999998 0.00000000099999999998 0.00000000099999999998 0.00000000099999999998 
0.00000000099999999998 0.99999999300000019797 0.00000000099999999998 0.00000000099999999998 0.00000000099999999998 0.00000000099999999998 0.00000000099999999998 0.00000000099999999998 
0.00000000099999999999 0.93574770175138288764 0.00000000099999999999 0.06425229224861721267 0.00000000099999999999 0.00000000099999999999 0.00000000099999999999 0.00000000099999999999 
0.00000000099999999997 0.99999999300000008695 0.00000000099999999997 0.00000000099999999997 0.00000000099999999997 0.00000000099999999997 0.00000000099999999997 0.00000000099999999997 
0.04886388111685023572 0.67525796266555027092 0.00000004640260906464 0.04379853866857708056 0.00000000100000000000 0.10672180896119207172 0.00000000100000000000 0.12535776018522132302 
0.00000000099999999999 0.99999999300000019797 0.00000000099999999999 0.00000000099999999999 0.00000000099999999999 0.00000000099999999999 0.00000000099999999999 0.00000000099999999999 
0.00000000099999999997 0.18806722840542347552 0.00000000099999999997 0.00000000099999999997 0.00000000099999999997 0.81193276559457661090 0.00000000099999999997 0.00000000099999999997 
0.00000000099999999998 0.00000000099999999998 0.00000000099999999998 0.00000000099999999998 0.00000000099999999998 0.99999999299999997593 0.00000000099999999998 0.00000000099999999998 
0.00000000099999999998 0.00000000099999999998 0.00000000099999999998 0.00000000099999999998 0.00000000099999999998 0.99999999299999997593 0.00000000099999999998 0.00000000099999999998 
0.00000000099999999999 0.00000000099999999999 0.00000000099999999999 0.00000000099999999999 0.00000000099999999999 0.99999999299999997593 0.00000000099999999999 0.00000000099999999999 
0.00000000099999999998 0.00000000099999999998 0.00000000099999999998 0.00000000099999999998 0.00000000099999999998 0.99999999299999997593 0.00000000099999999998 0.00000000099999999998 
0.00000000099999999998 0.00000000099999999998 0.00000000099999999998 0.00000000099999999998 0.00000000099999999998 0.99999999300000008695 0.00000000099999999998 0.00000000099999999998 
0.00000000099999999998 0.00000000099999999998 0.00000000099999999998 0.00000000099999999998 0.00000000099999999998 0.99999999300000008695 0.00000000099999999998 0.00000000099999999998 
0.00000000099999999999 0.00000000099999999999 0.00000000099999999999 0.00000000099999999999 0.00000000099999999999 0.99999999300000008695 0.00000000099999999999 0.00000000099999999999 
0.00000000099999999997 0.00000000099999999997 0.00000000099999999997 0.00000000099999999997 0.00000000099999999997 0.99999999299999997593 0.00000000099999999997 0.00000000099999999997 
0.00000000099999999997 0.00000000099999999997 0.00000000099999999997 0.00000000099999999997 0.00000000099999999997 0.99999999299999997593 0.00000000099999999997 0.00000000099999999997 
0.00000000099999999997 0.00000000099999999997 0.00000000099999999997 0.00000000099999999997 0.00000000099999999997 0.99999999299999997593 0.00000000099999999997 0.00000000099999999997 
0.00000000099999999998 0.00000000099999999998 0.00000000099999999998 0.00000000099999999998 0.00000000099999999998 0.99999999299999997593 0.00000000099999999998 0.00000000099999999998 
0.00000000099999999999 0.00000000099999999999 0.00000000099999999999 0.00000000099999999999 0.00000000099999999999 0.99999999300000008695 0.00000000099999999999 0.00000000099999999999 
0.00000000099999999998 0.00000000099999999998 0.00000000099999999998 0.00000000099999999998 0.00000000099999999998 0.99999999299999997593 0.00000000099999999998 0.00000000099999999998 
0.00000000099999999998 0.00000000099999999998 0.00000000099999999998 0.00000000099999999998 0.00000000099999999998 0.99999999300000008695 0.00000000099999999998 0.00000000099999999998 
0.00000000099999999998 0.00000000099999999998 0.00000000099999999998 0.00000000099999999998 0.00000000099999999998 0.99999999299999997593 0.00000000099999999998 0.00000000099999999998 
0.00000000099999999999 0.00000000099999999999 0.00000000099999999999 0.03816910904055906967 0.00000000099999999999 0.95965328108380931749 0.00217760487563154782 0.00000000099999999999 
0.00000000099999999998 0.00000000099999999998 0.00000000099999999998 0.00000000099999999998 0.00000000099999999998 0.99999999300000008695 0.00000000099999999998 0.00000000099999999998 
0.00000000099999999997 0.00000000099999999997 0.00000000099999999997 0.00000000099999999997 0.00000000099999999997 0.99999999299999997593 0.00000000099999999997 0.00000000099999999997 
0.00000000099999999998 0.00000000099999999998 0.00000000099999999998 0.00000000099999999998 0.00000000099999999998 0.99999999299999997593 0.00000000099999999998 0.00000000099999999998 
0.00000000099999999999 0.00000000099999999999 0.00000000099999999999 0.00000000099999999999 0.00000000099999999999 0.99999999300000008695 0.00000000099999999999 0.00000000099999999999 
0.00000000099999999998 0.00000000099999999998 0.00000000099999999998 0.00000000099999999998 0.00000000099999999998 0.99999999299999997593 0.00000000099999999998 0.00000000099999999998 
0.00000000099999999999 0.00000000099999999999 0.00000000099999999999 0.00000000099999999999 0.00000000099999999999 0.99999999299999997593 0.00000000099999999999 0.00000000099999999999 
0.00000000099999999998 0.00000000099999999998 0.00000000099999999998 0.00000000099999999998 0.00000000099999999998 0.99999999300000008695 0.00000000099999999998 0.00000000099999999998 
0.00000000099999999999 0.03895363616772586773 0.00000000099999999999 0.00000000099999999999 0.00000000099999999999 0.96104635783227421175 0.00000000099999999999 0.00000000099999999999 
0.00000000099999999997 0.00000000099999999997 0.00000000099999999997 0.00000000099999999997 0.00000000099999999997 0.99999999299999997593 0.00000000099999999997 0.00000000099999999997 
0.00000000100000000000 0.01248816784019582231 0.53129901527506573355 0.16255146615821072786 0.00000000100000000000 0.00000000100000000000 0.27913854898493001278 0.01452279874159784039 
0.00000000099999999999 0.00000000099999999999 0.00000000099999999999 0.50326929159364475197 0.49673070240635525119 0.00000000099999999999 0.00000000099999999999 0.00000000099999999999 
0.00000000099999999999 0.00000000099999999999 0.00000146248795908745 0.50637620394389448730 0.49362227073368464270 0.00000000099999999999 0.00000005883446180643 0.00000000099999999999 
0.00000000099999999999 0.00000000099999999999 0.62793196046185462134 0.08288357377488442257 0.00000000099999999999 0.00000000099999999999 0.28918446076326081995 0.00000000099999999999 
0.00000000099999999997 0.00000000099999999997 0.00000000099999999997 0.00000000099999999997 0.99999999299999997593 0.00000000099999999997 0.00000000099999999997 0.00000000099999999997 
0.00000000099999999999 0.00000000099999999999 0.00000106831136132693 0.48596343388246238115 0.51403536235063651549 0.00000000099999999999 0.00000013145553975809 0.00000000099999999999 
0.00000000099999999994 0.00000000099999999994 0.00000000099999999994 0.99999999300000008695 0.00000000099999999994 0.00000000099999999994 0.00000000099999999994 0.00000000099999999994 
0.05063440190440406108 0.00000000099999999999 0.00000013779757725978 0.45750576042685325850 0.45179355037375745763 0.00000000099999999999 0.04006614649740810469 0.00000000099999999999 
0.00000000099999999994 0.00000000099999999994 0.00000000099999999994 0.99999999300000008695 0.00000000099999999994 0.00000000099999999994 0.00000000099999999994 0.00000000099999999994 
0.00000000099999999995 0.00000000099999999995 0.00000000099999999995 0.99999999300000008695 0.00000000099999999995 0.00000000099999999995 0.00000000099999999995 0.00000000099999999995 
0.00000000099999999999 0.00000000099999999999 0.00000000099999999999 0.56406171174343300301 0.39476682139750374212 0.00000000099999999999 0.04117146185906311873 0.00000000099999999999 
0.00000000099999999999 0.00000000099999999999 0.00000006007497575891 0.57090545908613465897 0.42909447583888965516 0.00000000099999999999 0.00000000099999999999 0.00000000099999999999 
0.06850002471908143986 0.00385798677537919996 0.50040191442099668517 0.10649944448582837619 0.23149864249332782751 0.00000000100000000000 0.08923085586210595388 0.00001113024328045132 
0.29856482961850128177 0.04466961894382511650 0.08467575625926679339 0.21969179347087128273 0.35222252053731156751 0.00000000100000000000 0.00000000100000000000 0.00017547917022406036 
0.00000000099999999994 0.00000000099999999994 0.00000000099999999994 0.99999999299999997593 0.00000000099999999994 0.00000000099999999994 0.00000000099999999994 0.00000000099999999994 
0.00000000099999999999 0.00000000099999999999 0.00000000099999999999 0.37891026408723338381 0.57228003244732561505 0.00000000099999999999 0.04880969846544088581 0.00000000099999999999 
0.00000000100000000000 0.00000000100000000000 0.00000000100000000000 0.54002008924349576002 0.44400062156888320253 0.00000000100000000000 0.01597925183742453237 0.00000003335019650601 
0.00000000099999999997 0.00000000099999999997 0.00000000099999999997 0.00000000099999999997 0.99999999300000008695 0.00000000099999999997 0.00000000099999999997 0.00000000099999999997 
0.00000000099999999990 0.00000000099999999990 0.00000000099999999990 0.00000000099999999990 0.00000000099999999990 0.00000000099999999990 0.99999999299999986491 0.00000000099999999990 
0.00000000099999999994 0.00000000099999999994 0.00000000099999999994 0.99999999299999997593 0.00000000099999999994 0.00000000099999999994 0.00000000099999999994 0.00000000099999999994 
0.00000073657767365945 0.00000000100000000000 0.70937563926052649155 0.05642357380829889774 0.00000000100000000000 0.00000317385550615911 0.20125197663931337910 0.03294489785868139065 
0.06843236436903328557 0.00000509203399100332 0.62335987565763328888 0.12023751720838334045 0.00000000100000000000 0.00000000100000000000 0.18796514773095893136 0.00000000100000000000 
0.00000000099999999994 0.00000000099999999994 0.00000000099999999994 0.99999999300000008695 0.00000000099999999994 0.00000000099999999994 0.00000000099999999994 0.00000000099999999994 
0.00000000099999999997 0.00000000099999999997 0.00000000099999999997 0.00000000099999999997 0.99999999299999997593 0.00000000099999999997 0.00000000099999999997 0.00000000099999999997 
0.01740265343054398645 0.00826623427330495063 0.67237968165841222046 0.10432333051510291055 0.00000947277029694914 0.00000000100000000000 0.19761862535233884475 0.00000000100000000000 
0.00000000099999999999 0.00000000099999999999 0.00011907045226002186 0.60238029625621225538 0.39750062829152771338 0.00000000099999999999 0.00000000099999999999 0.00000000099999999999 
0.00000000099999999993 0.00000000099999999993 0.00000000099999999993 0.99999999300000008695 0.00000000099999999993 0.00000000099999999993 0.00000000099999999993 0.00000000099999999993 
0.01586919384146159850 0.00000000100000000000 0.69365853537171939802 0.00000000100000000000 0.05828006482707340230 0.00000000100000000000 0.23219220195974546450 0.00000000100000000000 
0.00000000099999999999 0.00000000099999999999 0.00000000099999999999 0.60051193256626589356 0.39948806143373410960 0.00000000099999999999 0.00000000099999999999 0.00000000099999999999 
0.00000000099999999998 0.00000000099999999998 0.00000000099999999998 0.52816506049708134007 0.45658198253174520076 0.00000000099999999998 0.01525295197117346006 0.00000000099999999998 
0.00000000099999999998 0.00000000099999999998 0.99999999300000008695 0.00000000099999999998 0.00000000099999999998 0.00000000099999999998 0.00000000099999999998 0.00000000099999999998 
0.00011140184576084980 0.00000000099999999999 0.00000347032174965549 0.52616996555170303385 0.47371487977542742209 0.00000000099999999999 0.00000027950535909090 0.00000000099999999999 
0.00000000099999999999 0.00000000099999999999 0.61878768402644190871 0.11226131084385626568 0.00000465371853866047 0.00000000099999999999 0.26894634741116307808 0.00000000099999999999 
0.00000000099999999998 0.00000000099999999998 0.99999999300000008695 0.00000000099999999998 0.00000000099999999998 0.00000000099999999998 0.00000000099999999998 0.00000000099999999998 
0.00130669044404692868 0.00000000100000000000 0.62886214163615838935 0.00000000100000000000 0.11330921144336292272 0.00000000100000000000 0.25652195247643178044 0.00000000100000000000 
0.00000017376374394481 0.00000000100000000000 0.77539153615401401609 0.00000000100000000000 0.00000000100000000000 0.00000000100000000000 0.22460828508224220390 0.00000000100000000000 
0.00000000099999999995 0.00000000099999999995 0.00000000099999999995 0.99999999299999997593 0.00000000099999999995 0.00000000099999999995 0.00000000099999999995 0.00000000099999999995 
0.00000000099999999994 0.00000000099999999994 0.00000000099999999994 0.99999999300000008695 0.00000000099999999994 0.00000000099999999994 0.00000000099999999994 0.00000000099999999994 
0.00000000099999999999 0.00000000099999999999 0.13392931206340100148 0.34429659385179284259 0.52175690894709347845 0.00000000099999999999 0.00000000099999999999 0.00001718113771270729 
0.07220653272933368061 0.00000000100000000000 0.08676200622693476527 0.28449393483366319790 0.55650258260704854596 0.00003493438169887441 0.00000000100000000000 0.00000000722132098927 
0.00000000099999999999 0.00000000099999999999 0.12721031367956098235 0.47714050394240808961 0.39564917737803084741 0.00000000099999999999 0.00000000099999999999 0.00000000099999999999 
0.00000000100000000000 0.03049764998480403166 0.53216678622784130415 0.05011200032703921892 0.13583920763302836932 0.00904084093805837020 0.20361134459112947837 0.03873216929809911863 
0.00000000099999999997 0.00000000099999999997 0.00000000099999999997 0.00000000099999999997 0.99999999300000008695 0.00000000099999999997 0.00000000099999999997 0.00000000099999999997 
0.00000000100000000000 0.00000000100000000000 0.00000000100000000000 0.43517970326945226711 0.50836777462789362048 0.00000000100000000000 0.05645251710265401096 0.00000000100000000000 
0.00000000099999999999 0.00000000099999999999 0.00000000099999999999 0.45636396652979005495 0.54360026372947500839 0.00000000099999999999 0.00003576474073493397 0.00000000099999999999 
0.01561949758892560575 0.02492457011189785562 0.26044247465109804374 0.21437444602569441510 0.31765665523031083595 0.00000000100000000000 0.16698235439207320674 0.00000000100000000000 
0.00000000100000000000 0.01732209726209900033 0.44977967442220806449 0.23907720463029852320 0.13089293676148522350 0.00000000150925296473 0.16292808320404419953 0.00000000121061198415 
0.00000000099999999997 0.00000000099999999997 0.00000000099999999997 0.00000000099999999997 0.99999999300000008695 0.00000000099999999997 0.00000000099999999997 0.00000000099999999997 
0.00000000100000000000 0.00000000100000000000 0.01711168239956189011 0.43689533841322775176 0.54599297418721026709 0.00000000100000000000 0.00000000100000000000 0.00000000100000000000 
0.00000000099999999999 0.00000000099999999999 0.47604128623697927747 0.17576348775104613797 0.12054992193033023384 0.00000000099999999999 0.22764530008164449160 0.00000000099999999999 
0.00000000100000000000 0.01455258625584378469 0.68093363420384978024 0.00000000100000000000 0.14512081818705832581 0.01151956862222927765 0.14787338973101873951 0.00000000100000000000 
0.00000000100000000000 0.00000000100000000000 0.74955607395739387577 0.00000000872762475459 0.25038510354945553438 0.00000000100000000000 0.00005880976552585496 0.00000000100000000000 
0.00000000099999999997 0.00000000099999999997 0.00000000099999999997 0.00000000099999999997 0.99999999300000008695 0.00000000099999999997 0.00000000099999999997 0.00000000099999999997 
0.00000000099999999992 0.00000000099999999992 0.00000000099999999992 0.99999999299999997593 0.00000000099999999992 0.00000000099999999992 0.00000000099999999992 0.00000000099999999992 
0.05499216173959826232 0.00616905771435983467 0.06238750932627368240 0.27454499327285869503 0.57115917474807498255 0.00000000100000000000 0.03074710119883451373 0.00000000100000000000 
0.00000000100000000000 0.00000000100000000000 0.63465419740259776393 0.00000005656059726129 0.15410637505620838894 0.00000000100000000000 0.21123936698059639361 0.00000000100000000000 
0.00000000100000000000 0.00000000100000000000 0.64939585471707295117 0.00081963929000835917 0.15059424031429385904 0.00000000100000000000 0.19919026167862477483 0.00000000100000000000 
0.00000000100000000000 0.00000000100000000000 0.00440430318434666384 0.38053972588432943835 0.61229326442588249968 0.00000000100000000000 0.00276270250544121895 0.00000000100000000000 
0.00000000099999999999 0.00000000099999999999 0.00000000099999999999 0.55668750758748763996 0.44331248641251236320 0.00000000099999999999 0.00000000099999999999 0.00000000099999999999 
0.00000000099999999993 0.00000000099999999993 0.00000000099999999993 0.99999999300000008695 0.00000000099999999993 0.00000000099999999993 0.00000000099999999993 0.00000000099999999993 
0.00000000099999999999 0.00000000099999999999 0.00000000099999999999 0.41014011397437249995 0.58985988002562739219 0.00000000099999999999 0.00000000099999999999 0.00000000099999999999 
0.00000000099999999999 0.00000000099999999999 0.07062568477773019382 0.37251578086394965261 0.55685834408959067332 0.00000000099999999999 0.00000018626872949889 0.00000000099999999999 
0.00000000099999999997 0.00000000099999999997 0.00000000099999999997 0.00000000099999999997 0.99999999299999997593 0.00000000099999999997 0.00000000099999999997 0.00000000099999999997 
