0.02686719307739551116 0.00000000110862584389 0.28474176363622116792 0.45352259133594918783 0.03199768941323113958 0.01915644209002696427 0.00016284233012581119 0.18355147700842447400 
0.00000000099999999988 0.00000000099999999988 0.00000000099999999988 0.99999999300000008695 0.00000000099999999988 0.00000000099999999988 0.00000000099999999988 0.00000000099999999988 
0.00000000099999999995 0.00000000099999999995 0.00000000099999999995 0.00000000099999999995 0.00000000099999999995 0.00000000099999999995 0.00000000099999999995 0.99999999300000008695 
0.00000000099999999999 0.00000000099999999999 0.59127811548424513699 0.00000000099999999999 0.00000000099999999999 0.00000000099999999999 0.00000000099999999999 0.40872187851575481066 
0.00000000100000000000 0.03053117330485483755 0.39578173139684569293 0.57001318632568531708 0.00367373472159126168 0.00000017125102296048 0.00000000100000000000 0.00000000100000000000 
0.00000000099999999996 0.00000000099999999996 0.99999999299999997593 0.00000000099999999996 0.00000000099999999996 0.00000000099999999996 0.00000000099999999996 0.00000000099999999996 
0.00000000100000000000 0.00000000100000000000 0.38831063959037803723 0.44823461492629995684 0.00035216188224715096 0.15071997391613781159 0.01238260668493712351 0.00000000100000000000 
0.00000000100000000000 0.00000000100000000000 0.39329365527316817452 0.36456030890413376744 0.01142698585562772727 0.00000000100000000000 0.00000003082582491140 0.23071901614124548652 
0.00000000100000000000 0.00000000100000000000 0.26809448208488678711 0.45828777512134921679 0.04827867674067325143 0.00000000100000000000 0.03420711110464767085 0.19113195194844315172 
0.00289331964332442812 0.00003447888697619928 0.33566713297726225029 0.43152791566063752882 0.05229717997416282599 0.00000033870209499687 0.00000000100000000000 0.17757963315554178840 
0.03024106450047611694 0.02080838656170359846 0.41104251079871922947 0.45112163233656227268 0.01541965435274580271 0.00000000100000000000 0.07136674944979291835 0.00000000100000000000 
0.01331250757896972406 0.00000000100000000000 0.51787513190286504905 0.45585529422108039821 0.00770026218103882741 0.00000000100000000000 0.00525680111604594474 0.00000000100000000000 
0.00000000100000000000 0.00000005011909811227 0.41702732664872566026 0.42778273615545570063 0.00000000100000000000 0.00000000100000000000 0.00000000115397237869 0.15518988292274815688 
0.00000000099999999995 0.00000000099999999995 0.99999999300000008695 0.00000000099999999995 0.00000000099999999995 0.00000000099999999995 0.00000000099999999995 0.00000000099999999995 
0.00000000099999999996 0.00000000099999999996 0.99999999300000008695 0.00000000099999999996 0.00000000099999999996 0.00000000099999999996 0.00000000099999999996 0.00000000099999999996 
0.00000000100000000000 0.02930238164823362884 0.33517252077014048073 0.47347696371366648771 0.00000000100000000000 0.00377139560059106026 0.06936541470564167033 0.08891132156172666667 
0.00000000099999999999 0.00000000099999999999 0.48308772147804290853 0.48089300811636781496 0.03601926540558925138 0.00000000099999999999 0.00000000099999999999 0.00000000099999999999 
0.00304551879099193134 0.00170922727953916548 0.37221044459436114504 0.44514415670711809936 0.00000000100000000000 0.02176026535438110865 0.07805443053473283543 0.07807595573887567142 
0.07875347595896976804 0.00000001983346785187 0.27727130751682343979 0.44556971550522711523 0.00000000370293015797 0.00000000100000000000 0.01896079244521369986 0.17944468403736810180 
0.03150466818326116275 0.00004299088265648988 0.38170137821448091309 0.47698588343095726927 0.00373563697155121109 0.00000000100000000000 0.10602943901883647715 0.00000000229825643134 
0.00000000099999999997 0.00000000099999999997 0.00000000099999999997 0.99999999300000008695 0.00000000099999999997 0.00000000099999999997 0.00000000099999999997 0.00000000099999999997 
0.02685631245943969833 0.00007717383348235362 0.40313484100170621227 0.56993166662131844458 0.00000000100000000000 0.00000000100000000000 0.00000000308405323040 0.00000000100000000000 
0.02480226014834072817 0.00005370706966013691 0.41416921701796982624 0.37720615139940461003 0.01593390400485115641 0.00000361359489826732 0.03871052856161043276 0.12912061820326486972 
0.00000000099999999994 0.00000000099999999994 0.00000000099999999994 0.99999999299999997593 0.00000000099999999994 0.00000000099999999994 0.00000000099999999994 0.00000000099999999994 
0.00088752311841748608 0.00867795162382328962 0.36924401091897651739 0.40748000594705019450 0.00000000100000000000 0.02320815868714171809 0.07150480104174029850 0.11899754766285070007 
0.00000000133606236442 0.00000000100000000000 0.38782107182112368626 0.37566693396738348731 0.03007913640019863055 0.00000000100000000000 0.05607500715106196465 0.15035784732416979104 
0.00000187653510094675 0.00000000100000000000 0.39839260185600355868 0.50405873269344469989 0.00000000100000000000 0.05330719894624379868 0.04423958696920698985 0.00000000100000000000 
0.00187007237310341835 0.02176986242377695890 0.38257309997731742124 0.55447437081348494026 0.03930059149837850097 0.00001200091393882811 0.00000000100000000000 0.00000000100000000000 
0.04247640203185524405 0.02623672057506716560 0.44108333992404463730 0.49020353346903300373 0.00000000100000000000 0.00000000100000000000 0.00000000100000000000 0.00000000100000000000 
0.01490295146358044075 0.00000000100000000000 0.44015801311796071138 0.54493840910900381846 0.00000000470853249160 0.00000000100000000000 0.00000061860092272295 0.00000000100000000000 
0.02172324376192468626 0.02822035858811221265 0.39574568600632464843 0.38357858677300349370 0.00202474760351848988 0.00000000100000000000 0.01168761413694459697 0.15701976213017188044 
0.00000000099999999999 0.00000000099999999999 0.44613200878204223310 0.23973749111851336280 0.00000000099999999999 0.00000000200219522778 0.11512611631564091674 0.19900437878160817662 
0.00621543552229744146 0.04642484285369375546 0.27330655729329550452 0.46549189048602773733 0.00906268002783974964 0.00000000100000000000 0.09429854499867641737 0.10520004781816935657 
0.00000000099999999995 0.00000000099999999995 0.00000000099999999995 0.99999999300000008695 0.00000000099999999995 0.00000000099999999995 0.00000000099999999995 0.00000000099999999995 
0.00001605804276486606 0.00000000100000000000 0.33521246529911313816 0.22405911169226896962 0.03664417125714260898 0.00000000100000000000 0.00000000100000000000 0.40406819070871036192 
0.03965523162146502439 0.02975597916271058296 0.31703740513331257755 0.45168272428041228439 0.04544618576372953106 0.00166602723069246973 0.00000005457350746322 0.11475639223417009871 
0.00000000099999999988 0.00000000099999999988 0.00000000099999999988 0.99999999300000008695 0.00000000099999999988 0.00000000099999999988 0.00000000099999999988 0.00000000099999999988 
0.03110076550281180852 0.01658762477103658053 0.39385181955390574648 0.34984890183196959423 0.01688708593699008234 0.00000000100000000000 0.00000000100000000000 0.19172380040328626527 
0.00000000099999999992 0.00000000099999999992 0.99999999300000008695 0.00000000099999999992 0.00000000099999999992 0.00000000099999999992 0.00000000099999999992 0.00000000099999999992 
0.00000000100000000000 0.01088423460142137929 0.35254255223463909497 0.57845670528804171706 0.01426496020546484320 0.00000000100000000000 0.04385154467043295839 0.00000000100000000000 
0.01873156946078638474 0.00000000100000000000 0.42130000515178794851 0.55996840811053461007 0.00000001327689117043 0.00000000100000000000 0.00000000100000000000 0.00000000100000000000 
0.00000000100000000000 0.00985547788508951694 0.27763287454725971148 0.40225484174232362111 0.00000000100000000000 0.00000001006842047114 0.13333561639779559216 0.17692117735911117027 
0.00000021037465863810 0.00000000100000000000 0.56771728579575009288 0.39239917509355637382 0.03988332473603491135 0.00000000100000000000 0.00000000100000000000 0.00000000100000000000 
0.03436339621356419849 0.00300240369066677708 0.36591712270801196594 0.36544039178364384757 0.01950707361822958189 0.00000122777997594811 0.00320875689530852578 0.20855962731059904391 
0.00000000100000000000 0.00000000100000000000 0.47397541826907918505 0.49131276013705227346 0.00110816069978104817 0.02703071515215706155 0.00657294274193033316 0.00000000100000000000 
0.00000000099999999995 0.00000000099999999995 0.00000000099999999995 0.99999999299999997593 0.00000000099999999995 0.00000000099999999995 0.00000000099999999995 0.00000000099999999995 
0.03175559925098100922 0.00000000100000000000 0.38002542828628493865 0.38007991714623684532 0.00000000100000000000 0.02632556533672157986 0.06170644044986510479 0.12010704752991054056 
0.00000000100000000000 0.00061538016093974125 0.20984017268160390368 0.46023554463515264912 0.03657546829031904645 0.00000000100000000000 0.05203704049812694910 0.24069639173385762310 
0.04642653913361485113 0.00000000100000000000 0.33937398845791777457 0.41708187055203110871 0.00001474783030347777 0.11219481452933269261 0.02178659556092981883 0.06312144293587035326 
0.00000000099999999994 0.00000000099999999994 0.99999999299999997593 0.00000000099999999994 0.00000000099999999994 0.00000000099999999994 0.00000000099999999994 0.00000000099999999994 
0.00000013647597544978 0.02195956577450386762 0.26429337707034256111 0.47620420301182270206 0.00268872285334245502 0.00072741984253245741 0.06412913216223846413 0.16999744280924200535 
0.07329217516715483272 0.00000000100000000000 0.32516894688314351702 0.49439341300733763429 0.03649904350980927997 0.04752515045386207504 0.02311600796106325073 0.00000526201762928784 
0.00478955157162792161 0.00000173929099931486 0.38568362248193727160 0.35001041876569660705 0.03731955656019046025 0.00000000100000000000 0.00000000100000000000 0.22219510932954852911 
0.02132641946119453666 0.00000000100000000000 0.35187597716088231392 0.51576854997012888671 0.00104345755489124669 0.05784525919657042964 0.05214033414160773594 0.00000000151472479378 
0.00000000100000000000 0.00449585609050896264 0.42986653426940846234 0.15638711635831076263 0.00000000100000000000 0.00469593290551055097 0.00000000100000000000 0.40455455737626144774 
0.01646751778122718460 0.09173738669422641656 0.25740528988341326855 0.60910027562371227283 0.02528952701742094231 0.00000000100000000000 0.00000000100000000000 0.00000000100000000000 
0.23233401557959176831 0.00000000099999999996 0.00000000099999999996 0.76766597842040840138 0.00000000099999999996 0.00000000099999999996 0.00000000099999999996 0.00000000099999999996 
0.01149101149717524778 0.02999107038357974944 0.36064512412531263275 0.35140032909711271802 0.00000000100000000000 0.00000022477890348484 0.01939207229064156268 0.22708016682727477642 
0.00239483895520917027 0.00221032110041624250 0.31539609800868678713 0.43371538790295427468 0.00000000100000000000 0.00000000100000000000 0.07237659734611637252 0.17390675468661728753 
0.10386758180089632198 0.05494601468574236702 0.24788557132492827773 0.37855346802624184610 0.03831717268441153790 0.00000000100000000000 0.03908895277020521530 0.13734123770757467042 
0.01822167734956055274 0.01527262441932395950 0.33989978129517139926 0.48413194766791300960 0.00052940255582251193 0.05065195729895696081 0.09129260841325138875 0.00000000100000000000 
0.00000000099999999995 0.00000000099999999995 0.99999999299999997593 0.00000000099999999995 0.00000000099999999995 0.00000000099999999995 0.00000000099999999995 0.00000000099999999995 
0.00000000100000000000 0.00000000100000000000 0.37054775799441880269 0.38265491722295841281 0.04694623158835414811 0.06033651315499422019 0.03308413838363297166 0.10643043965564147335 
0.01067354234652617868 0.00000000100000000000 0.32337364108785088268 0.48217655231791378689 0.01139404251894353577 0.00000000100000000000 0.08864851477811534763 0.08373370495065035612 
0.00000000099999999997 0.00000000099999999997 0.99999999299999997593 0.00000000099999999997 0.00000000099999999997 0.00000000099999999997 0.00000000099999999997 0.00000000099999999997 
0.00285323229832800491 0.00146920317337051270 0.42843037075097673005 0.34120342664742975280 0.00095956200035773431 0.00000000100000000000 0.00000000100000000000 0.22508420312953716924 
0.00000109674165237017 0.00000000099999999999 0.53631249372608380543 0.00000000099999999999 0.00000000099999999999 0.00000000099999999999 0.00128674973639490101 0.46239965579586911337 
0.00958824813708115432 0.00583393944678596479 0.24058556272829903500 0.42851286673600941235 0.01636123159939343458 0.02972227200745101300 0.07167751842070840818 0.19771836092427141907 
0.00000000099999999999 0.00000000099999999999 0.00000000099999999999 0.63729003584851551256 0.00000000099999999999 0.00000000099999999999 0.00000000099999999999 0.36270995815148460162 
0.03087883250278521119 0.00001615223984423177 0.27925938435614922062 0.45026269125752715894 0.00127031012707228236 0.00087059627453451519 0.00000000100000000000 0.23744203224208756953 
0.00000000100000000000 0.02248733298960195123 0.26309974895167664855 0.31128846312046859479 0.00000000100000000000 0.00361106520458554566 0.21092865875624552952 0.18858472897742181718 
0.37330973808763817656 0.00000000100000000000 0.54441704919479716462 0.00000000100000000000 0.06460647862798558905 0.00000000100000000000 0.01766673008957924534 0.00000000100000000000 
0.00000000099999999996 0.00000000099999999996 0.99999999300000008695 0.00000000099999999996 0.00000000099999999996 0.00000000099999999996 0.00000000099999999996 0.00000000099999999996 
0.00000000099999999995 0.00000000099999999995 0.99999999300000008695 0.00000000099999999995 0.00000000099999999995 0.00000000099999999995 0.00000000099999999995 0.00000000099999999995 
0.00000000099999999997 0.00000000099999999997 0.00000000099999999997 0.99999999299999997593 0.00000000099999999997 0.00000000099999999997 0.00000000099999999997 0.00000000099999999997 
0.00000000100000000000 0.01926913073059344228 0.35445702287813457554 0.41423558257856923914 0.00642110678151112946 0.00000000100000000000 0.08184315602683182866 0.12377399900435992475 
0.00000000100000000000 0.00000000100000000000 0.00000000100000000000 0.54683516453139535685 0.01395996678593461500 0.00000000100000000000 0.00000000100000000000 0.43920486368266992150 
0.00000000099999999996 0.00000000099999999996 0.99999999300000008695 0.00000000099999999996 0.00000000099999999996 0.00000000099999999996 0.00000000099999999996 0.00000000099999999996 
0.00000000099999999994 0.00000000099999999994 0.99999999300000008695 0.00000000099999999994 0.00000000099999999994 0.00000000099999999994 0.00000000099999999994 0.00000000099999999994 
0.03433733363201935812 0.00137300946332123870 0.36263226259707675991 0.45995187329179554325 0.01174966015235653048 0.00000000100000000000 0.01612769348461375041 0.11382816637881676414 
0.29832450058572268503 0.00000000099999999998 0.00000000099999999998 0.70118958749972926103 0.00000000099999999998 0.00000000099999999998 0.00048590691454792451 0.00000000099999999998 
0.03324678999138955954 0.00000000100000000000 0.25312523026039845941 0.49683745780304494621 0.03081168065139709700 0.06245431945656233080 0.04135312960098692925 0.08217139123622083097 
0.03930650552729295089 0.00000000100000000000 0.39491577047738868345 0.27607918795355068653 0.00000000100000000000 0.01223464416051402853 0.01637894519785067574 0.26108494468340293082 
0.00000000099999999997 0.00000000099999999997 0.00000000099999999997 0.99999999300000008695 0.00000000099999999997 0.00000000099999999997 0.00000000099999999997 0.00000000099999999997 
0.02967353775322845166 0.00000000100000000000 0.17786304386717546877 0.36544101743871992838 0.00000065350552205068 0.02327986842426892772 0.08471742275093466223 0.31902445526015038579 
0.03374839630015408209 0.00000000100000000000 0.48728515420275575476 0.22697611739510703543 0.00015621078671028291 0.00000000100000000000 0.00000000100000000000 0.25183411831527291458 
0.00000000099999999999 0.00000000099999999999 0.52893941840149472089 0.00000000099999999999 0.00000000099999999999 0.00000000099999999999 0.00000000099999999999 0.47106057559850522676 
0.02967194573808660391 0.00000000100000000000 0.34693778450981366257 0.51094688445890856787 0.01720627482329491892 0.01505492818586874962 0.08018218028402757103 0.00000000100000000000 
0.00000000985369549887 0.00000000100000000000 0.40643165189984625796 0.27876106964487001871 0.00000002456877539102 0.00000000506374150392 0.04337368889151169832 0.27143354907755945504 
0.04263408193307393484 0.01578532520103527806 0.32288864125199534527 0.35301022974509943531 0.00000371550595470497 0.00000000100000000000 0.10395079851591873532 0.16172720684692262760 
0.00485491527747312478 0.00966924382948681875 0.48700249148205815297 0.23192013564979119256 0.00015593693991291759 0.00010918970973233818 0.04845678179398583280 0.21783130531755970360 
0.00000000099999999995 0.00000000099999999995 0.99999999299999997593 0.00000000099999999995 0.00000000099999999995 0.00000000099999999995 0.00000000099999999995 0.00000000099999999995 
0.05808758822018902229 0.00000000100000000000 0.38400901742751758494 0.33532455368963437481 0.01391147462452115534 0.06444126502898311903 0.03883631143518215950 0.10538978857397256206 
0.00000000099999999996 0.00000000099999999996 0.99999999300000008695 0.00000000099999999996 0.00000000099999999996 0.00000000099999999996 0.00000000099999999996 0.00000000099999999996 
0.00000000100000000000 0.00492670211072224976 0.37169562641925818491 0.55010275506540629031 0.04233903001632240148 0.02948335262282898023 0.00000025026260146975 0.00145228250286031832 
0.00000000100000000000 0.00000000100000000000 0.00000000100000000000 0.59416360688507086074 0.03163899177764178255 0.00000000100000000000 0.00000000100000000000 0.37419739633728743566 
0.04205359061370348567 0.00000000100000000000 0.00000000100000000000 0.21752780661576989751 0.03224510959735101684 0.00000000100000000000 0.70817348917317557433 0.00000000100000000000 
0.00000000099999999999 0.00000000099999999999 0.00000000099999999999 0.00000000099999999999 0.00000000099999999999 0.00000000099999999999 0.99999999299999997593 0.00000000099999999999 
0.08902418058283372015 0.00000000492825666778 0.00000000100000000000 0.18093879410912161454 0.01676047064075541007 0.00699660747930986714 0.70627994025972273828 0.00000000100000000000 
0.00000000099999999998 0.00000000099999999998 0.00000000099999999998 0.00000000099999999998 0.00000000099999999998 0.00000000099999999998 0.99999999299999986491 0.00000000099999999998 
0.06863412598603345349 0.02157248774125151980 0.08458240108079299879 0.07911322900798296864 0.07118933551119320524 0.00102684911540553000 0.67388157055734021483 0.00000000100000000000 
0.00000000099999999999 0.00000000099999999999 0.00000000099999999999 0.00000000099999999999 0.00000000099999999999 0.00000000099999999999 0.99999999299999986491 0.00000000099999999999 
0.00000000099999999999 0.00000000099999999999 0.00000000099999999999 0.00000000099999999999 0.00000000099999999999 0.00000000099999999999 0.99999999299999986491 0.00000000099999999999 
0.00000000099999999998 0.00000000099999999998 0.00000000099999999998 0.00000000099999999998 0.00000000099999999998 0.00000000099999999998 0.99999999299999986491 0.00000000099999999998 
0.00000000099999999999 0.00000000099999999999 0.00000000099999999999 0.00000000099999999999 0.00000000099999999999 0.00000000099999999999 0.99999999299999997593 0.00000000099999999999 
0.00000000099999999998 0.00000000099999999998 0.00000000099999999998 0.00000000099999999998 0.00000000099999999998 0.00000000099999999998 0.99999999299999997593 0.00000000099999999998 
0.06620180445978686434 0.00000000100000000000 0.00000000100000000000 0.12138606702111492952 0.03543700738757466634 0.00000000100000000000 0.77697511713152356272 0.00000000100000000000 
0.00000000099999999999 0.00000000099999999999 0.00000000099999999999 0.00000000099999999999 0.00000566801022169079 0.00000000099999999999 0.99999432598977833209 0.00000000099999999999 
0.00000000099999999998 0.00000000099999999998 0.00000000099999999998 0.00000000099999999998 0.00000000099999999998 0.00000000099999999998 0.99999999299999997593 0.00000000099999999998 
0.00000020272862494831 0.00000000099999999998 0.00000000099999999998 0.00000000099999999998 0.00000000099999999998 0.00000000099999999998 0.99999979127137494928 0.00000000099999999998 
0.00000000099999999998 0.00000000099999999998 0.00000000099999999998 0.00000000099999999998 0.00000000099999999998 0.00000000099999999998 0.99999999299999997593 0.00000000099999999998 
0.00000000099999999998 0.00000000099999999998 0.00000000099999999998 0.00000000099999999998 0.00000000099999999998 0.00000000099999999998 0.99999999299999986491 0.00000000099999999998 
0.09076541227744112927 0.00000153680023535252 0.02537959333406011875 0.07212488516946911898 0.02891009128603451439 0.02896381669698616657 0.75385466343577367532 0.00000000100000000000 
0.00053789952107947221 0.00000000099999999998 0.00000000099999999998 0.00000000099999999998 0.00000000099999999998 0.00000000099999999998 0.99946209447892053745 0.00000000099999999998 
0.00000000099999999998 0.00000000099999999998 0.00000000099999999998 0.00000000099999999998 0.00462294220872966084 0.00000000099999999998 0.99537705179127022870 0.00000000099999999998 
0.09990422068910641273 0.00215016205864470081 0.00000000100000000000 0.09896522929429643622 0.00909358075646040862 0.11052540947481190314 0.41688983580018246222 0.26247156092649759351 
0.00000000099999999999 0.00000000099999999999 0.00000000099999999999 0.00000000099999999999 0.00000000099999999999 0.00000000099999999999 0.99999999299999997593 0.00000000099999999999 
0.00000000099999999997 0.00000000099999999997 0.00000000099999999997 0.00000000099999999997 0.00000000099999999997 0.00000000099999999997 0.99999999299999986491 0.00000000099999999997 
0.00000000099999999999 0.00000000099999999999 0.00000000099999999999 0.00000000099999999999 0.00000000099999999999 0.00000000099999999999 0.99999999299999997593 0.00000000099999999999 
0.00000000099999999999 0.01863206092754941465 0.00000000099999999999 0.00000000099999999999 0.00000000099999999999 0.00000000099999999999 0.98136793307245062667 0.00000000099999999999 
0.00000000099999999998 0.00000000099999999998 0.00000000099999999998 0.00000000099999999998 0.00000000099999999998 0.00000000099999999998 0.99999999299999997593 0.00000000099999999998 
0.00000000099999999999 0.00000000099999999999 0.00000000099999999999 0.00000000099999999999 0.00000000099999999999 0.00000000099999999999 0.99999999299999997593 0.00000000099999999999 
0.00000000099999999998 0.00000000099999999998 0.00000000099999999998 0.00000000099999999998 0.00000000099999999998 0.00000000099999999998 0.99999999299999986491 0.00000000099999999998 
0.00000000099999999999 0.00000000099999999999 0.11748501034760124029 0.00000000099999999999 0.04684016754938863381 0.00302729127709983883 0.83264752682591025579 0.00000000099999999999 
0.00000000099999999997 0.00000000099999999997 0.00000000099999999997 0.00000000099999999997 0.00000000099999999997 0.00000000099999999997 0.99999999299999986491 0.00000000099999999997 
0.06067495436160361133 0.00000000100000000000 0.00000000100000000000 0.09646497237392580304 0.04485967153748616348 0.00000000100000000000 0.67925114206762415847 0.11874925665936007790 
0.00000000099999999999 0.00000000099999999999 0.00000000099999999999 0.00000000099999999999 0.00000000099999999999 0.00000000099999999999 0.99999999299999997593 0.00000000099999999999 
0.00000000099999999996 0.00000000099999999996 0.00000000099999999996 0.00000000099999999996 0.85980774770964485398 0.00000000099999999996 0.14019224629035520469 0.00000000099999999996 
0.00000000099999999995 0.00000000099999999995 0.00000000099999999995 0.00000000099999999995 0.99999999299999997593 0.00000000099999999995 0.00000000099999999995 0.00000000099999999995 
0.00000000099999999995 0.00000000099999999995 0.00000000099999999995 0.00000000099999999995 0.99999999300000008695 0.00000000099999999995 0.00000000099999999995 0.00000000099999999995 
0.00000000099999999995 0.00000000099999999995 0.00000000099999999995 0.00000000099999999995 0.99999999300000008695 0.00000000099999999995 0.00000000099999999995 0.00000000099999999995 
0.00000000099999999994 0.00000000099999999994 0.00000000099999999994 0.00000000099999999994 0.99999999299999997593 0.00000000099999999994 0.00000000099999999994 0.00000000099999999994 
0.00000000099999999993 0.00000000099999999993 0.00000000099999999993 0.00000000099999999993 0.99999999300000008695 0.00000000099999999993 0.00000000099999999993 0.00000000099999999993 
0.00000000099999999994 0.00000000099999999994 0.00000000099999999994 0.00000000099999999994 0.99999999300000008695 0.00000000099999999994 0.00000000099999999994 0.00000000099999999994 
0.00000000099999999995 0.00000000099999999995 0.00000000099999999995 0.00000000099999999995 0.99999999300000008695 0.00000000099999999995 0.00000000099999999995 0.00000000099999999995 
0.00000000099999999993 0.00000000099999999993 0.00000000099999999993 0.00000000099999999993 0.99999999299999997593 0.00000000099999999993 0.00000000099999999993 0.00000000099999999993 
0.00000000099999999993 0.00000000099999999993 0.00000000099999999993 0.00000000099999999993 0.99999999300000008695 0.00000000099999999993 0.00000000099999999993 0.00000000099999999993 
0.00000000099999999994 0.00000000099999999994 0.00000000099999999994 0.00000000099999999994 0.99999999299999997593 0.00000000099999999994 0.00000000099999999994 0.00000000099999999994 
0.00000000099999999995 0.00000000099999999995 0.00000000099999999995 0.00000000099999999995 0.99999999299999997593 0.00000000099999999995 0.00000000099999999995 0.00000000099999999995 
0.62198466184580891714 0.00000000099999999999 0.00000000099999999999 0.00000000099999999999 0.37801533215419114153 0.00000000099999999999 0.00000000099999999999 0.00000000099999999999 
0.00000000099999999993 0.00000000099999999993 0.00000000099999999993 0.00000000099999999993 0.99999999299999997593 0.00000000099999999993 0.00000000099999999993 0.00000000099999999993 
0.00000000099999999994 0.00000000099999999994 0.00000000099999999994 0.00000000099999999994 0.99999999299999997593 0.00000000099999999994 0.00000000099999999994 0.00000000099999999994 
0.00000000099999999994 0.00000000099999999994 0.00000000099999999994 0.00000000099999999994 0.99999999299999997593 0.00000000099999999994 0.00000000099999999994 0.00000000099999999994 
0.00000000099999999996 0.00000000099999999996 0.00000000099999999996 0.00000000099999999996 0.99999999299999997593 0.00000000099999999996 0.00000000099999999996 0.00000000099999999996 
0.00000000099999999994 0.00000000099999999994 0.00000000099999999994 0.00000000099999999994 0.99999999300000008695 0.00000000099999999994 0.00000000099999999994 0.00000000099999999994 
0.00000000099999999993 0.00000000099999999993 0.00000000099999999993 0.00000000099999999993 0.99999999299999997593 0.00000000099999999993 0.00000000099999999993 0.00000000099999999993 
0.00000000099999999994 0.00000000099999999994 0.00000000099999999994 0.00000000099999999994 0.99999999300000008695 0.00000000099999999994 0.00000000099999999994 0.00000000099999999994 
0.45294615501062757135 0.00000000099999999999 0.00000000099999999999 0.00000000099999999999 0.54705383898937232079 0.00000000099999999999 0.00000000099999999999 0.00000000099999999999 
0.00000000099999999994 0.00000000099999999994 0.00000000099999999994 0.00000000099999999994 0.99999999300000008695 0.00000000099999999994 0.00000000099999999994 0.00000000099999999994 
0.40369779747758843813 0.00000000099999999999 0.00000000099999999999 0.00000000099999999999 0.59630219652241145400 0.00000000099999999999 0.00000000099999999999 0.00000000099999999999 
0.00000000099999999994 0.00000000099999999994 0.00000000099999999994 0.00000000099999999994 0.99999999299999997593 0.00000000099999999994 0.00000000099999999994 0.00000000099999999994 
0.00000000099999999995 0.00000000099999999995 0.00000000099999999995 0.00000000099999999995 0.99999999300000008695 0.00000000099999999995 0.00000000099999999995 0.00000000099999999995 
0.00000000099999999993 0.00000000099999999993 0.00000000099999999993 0.00000000099999999993 0.99999999299999997593 0.00000000099999999993 0.00000000099999999993 0.00000000099999999993 
0.00000000100000000000 0.72131854699857822499 0.00000015264692127160 0.06176442054463295028 0.00000000100000000000 0.19768521755558934871 0.01923165925427830839 0.00000000100000000000 
0.00000000099999999999 0.00000000099999999999 0.00000000099999999999 0.00000000099999999999 0.00000000099999999999 0.99969403465113115814 0.00000000099999999999 0.00030595934886898054 
0.00000000099999999999 0.00826028701571398030 0.00000000099999999999 0.00000000099999999999 0.00000000099999999999 0.99173969390231597743 0.00000000099999999999 0.00000001408197006231 
0.00000000099999999999 0.79193660801977572294 0.00000000099999999999 0.00000000099999999999 0.00000000099999999999 0.06180886507884550407 0.00000000099999999999 0.14625452190137891439 
0.00000000099999999999 0.00000018980193043307 0.00000000099999999999 0.03322841634694694707 0.00000000099999999999 0.96677138885112268163 0.00000000099999999999 0.00000000099999999999 
0.00000000099999999999 0.00257588751434253450 0.00000000099999999999 0.00982089153183021007 0.00000000099999999999 0.98760321595382727367 0.00000000099999999999 0.00000000099999999999 
0.00000000099999999999 0.00000000099999999999 0.00000000099999999999 0.00000000099999999999 0.00000000099999999999 0.99999999300000008695 0.00000000099999999999 0.00000000099999999999 
0.00000000099999999999 0.04340463815723975827 0.00000000099999999999 0.00000000099999999999 0.00000000099999999999 0.85241020629409669507 0.00000000099999999999 0.10418515054866363256 
0.00000000099999999999 0.00000000099999999999 0.00000000099999999999 0.00000000099999999999 0.00000000099999999999 0.99999999299999997593 0.00000000099999999999 0.00000000099999999999 
0.00345698489720244403 0.00000000100000000000 0.00000000281793288925 0.00000000100000000000 0.00000000100000000000 0.99654300728486455707 0.00000000100000000000 0.00000000100000000000 
0.00000000099999999999 0.05147309451301916583 0.00000000099999999999 0.03986494307818282123 0.00000000099999999999 0.90866195740879796006 0.00000000099999999999 0.00000000099999999999 
0.00000000099999999999 0.00000000099999999999 0.00000000099999999999 0.00000000099999999999 0.00000000099999999999 0.87967250605746627468 0.00000000099999999999 0.12032748794253371460 
0.00000000100000000000 0.47453447220108585514 0.05325368914301376044 0.00128081894097762804 0.00000000100000000000 0.35190193028917593487 0.02097091653241503484 0.09805817089333192238 
0.00000077740589168529 0.02794756298128316455 0.18288233744107637579 0.00000000100000000000 0.00000000100000000000 0.50485500789504078600 0.02958522398940794523 0.25472908828730023156 
0.00000000099999999999 0.03317794079022900328 0.00000000099999999999 0.00000000099999999999 0.00000000099999999999 0.96679330407688768290 0.00000000099999999999 0.00002875013288341116 
0.00000000099999999999 0.05692333539812755028 0.00000000099999999999 0.00000000099999999999 0.00000000099999999999 0.94298036184530498183 0.00000000099999999999 0.00009629775656753463 
0.00000000100000000000 0.02645986405141740813 0.00000128305629885963 0.02466668765918557382 0.01260383279992338158 0.93626832943317472857 0.00000000100000000000 0.00000000100000000000 
0.00000000100000000000 0.02916062336920541287 0.00000000100000000000 0.00000000100000000000 0.00000000100000000000 0.82857798647286984295 0.01472061512128122057 0.12754077103664351878 
0.00000000099999999995 0.99999999300000019797 0.00000000099999999995 0.00000000099999999995 0.00000000099999999995 0.00000000099999999995 0.00000000099999999995 0.00000000099999999995 
0.00000000100000000000 0.07873747374319520209 0.00565535669904213781 0.03659325371526334775 0.00000000100000000000 0.87901391184249944022 0.00000000100000000000 0.00000000100000000000 
0.00000083059603320127 0.76767598741344333924 0.00000016025421727730 0.07126045837523102555 0.01086833679592875447 0.09427232750371637715 0.00000000100000000000 0.05592189806143008785 
0.00000000100000000000 0.70943889705492946263 0.00000000100000000000 0.00000002184883565245 0.00699522101741264102 0.08213440479942023253 0.00000000807871453208 0.20143144520068734238 
0.00000000099999999999 0.00011178235531049978 0.03650299945631144821 0.00000000099999999999 0.00000000099999999999 0.96338521318837810892 0.00000000099999999999 0.00000000099999999999 
0.00000000099999999999 0.00034762986121482945 0.00000000099999999999 0.00000000099999999999 0.00000000099999999999 0.99965236413878522104 0.00000000099999999999 0.00000000099999999999 
0.00000000100000000000 0.72709574275653510167 0.12744784465303049537 0.00000000100000000000 0.00272411257851403951 0.13768917253436305237 0.00504312447755722419 0.00000000100000000000 
0.00000000099999999999 0.00236978358578437357 0.00008095640094024361 0.00000000099999999999 0.00000000099999999999 0.99754925501327529336 0.00000000099999999999 0.00000000099999999999 
0.01571675867232064788 0.00000000099999999999 0.00000000099999999999 0.00000000099999999999 0.00000000099999999999 0.98428323532767936221 0.00000000099999999999 0.00000000099999999999 
0.00000000100000000000 0.78242905216967950643 0.02869880425962914594 0.03837939032512092258 0.00000000100000000000 0.09955259821774901929 0.00000000100000000000 0.05094015202782149754 
0.00000000099999999999 0.00000162717504493772 0.00000000099999999999 0.00000000099999999999 0.00000000099999999999 0.99999836682495502060 0.00000000099999999999 0.00000000099999999999 
0.00000000099999999998 0.00391289654669216887 0.00000000099999999998 0.00000000099999999998 0.00000000099999999998 0.99608709745330792362 0.00000000099999999998 0.00000000099999999998 
0.03257085613676539981 0.73564599505752581443 0.01826986608123676650 0.00000018945378858726 0.00000000100000000000 0.12680358599411087339 0.00711845203801856653 0.07959105423855411532 
0.00000000099999999999 0.00604734464163020260 0.06488481847083106546 0.00000000099999999999 0.00000000099999999999 0.92906783188753871983 0.00000000099999999999 0.00000000099999999999 
0.00000000100000000000 0.76082987137542423817 0.05886412805264385623 0.01543205319073967866 0.00000000100000000000 0.16487394338119223947 0.00000000100000000000 0.00000000100000000000 
0.00000000100000000000 0.80391190623283725891 0.00000000100000000000 0.08453994288953710357 0.00000000100000000000 0.11154814587762577893 0.00000000100000000000 0.00000000100000000000 
0.00000000100000000000 0.76582121500039546103 0.07971720157476391844 0.01614596912773785808 0.00000000100000000000 0.13825399823026487955 0.00000000100000000000 0.00006161306683802824 
0.00000000100000000000 0.82816873860208739533 0.12559134614782629935 0.00000000100000000000 0.00000000100000000000 0.04623991025008648836 0.00000000100000000000 0.00000000100000000000 
0.00000000099999999998 0.00000000099999999998 0.00000000099999999998 0.00000000099999999998 0.00000000099999999998 0.99999999300000008695 0.00000000099999999998 0.00000000099999999998 
0.00548566813262660585 0.00000000100000000000 0.00000000100000000000 0.00000213339629204787 0.00000000100000000000 0.94153676378004302894 0.00000000100000000000 0.05297543069103831381 
0.00000000099999999999 0.07345806522281456141 0.05370914917313520526 0.00005101145018659767 0.00000000099999999999 0.87278177015386360083 0.00000000099999999999 0.00000000099999999999 
0.00000000100000000000 0.04924895097603045058 0.00000000100000000000 0.00000000100000000000 0.00734352887132124800 0.81641640932508818818 0.00000000100000000000 0.12699110682756017954 
0.00000000099999999999 0.08081651373839460195 0.01788990261016684680 0.00000000099999999999 0.00000000099999999999 0.83901974138670532000 0.00000000099999999999 0.06227383826473327499 
0.04806443192337371551 0.63829634636029297656 0.05553015418006806286 0.00277731356100575965 0.00000000100000000000 0.23492047251641226535 0.02041127945884725625 0.00000000100000000000 
0.00104179967053801025 0.00000000100000000000 0.00000000100000000000 0.00000000100000000000 0.00000000100000000000 0.98312117583292346623 0.01583701949653841534 0.00000000100000000000 
0.00000000099999999999 0.07044454358406569694 0.00000000099999999999 0.01996083327812200187 0.00000000099999999999 0.90469162224100330150 0.00490299689680903997 0.00000000099999999999 
0.00000000099999999998 0.00000007638304683816 0.00000000099999999998 0.00000000099999999998 0.00000000099999999998 0.99999991761695306014 0.00000000099999999998 0.00000000099999999998 
0.00000000099999999999 0.37437136725998110265 0.00000000099999999999 0.00000000099999999999 0.00000000099999999999 0.50145323367019789540 0.03570511092163328182 0.08847028414818770836 
0.01716580589400885579 0.51823474874038311100 0.00000003600355220147 0.00837403982179029185 0.00582218781729224553 0.40016955484574612267 0.01006079992732439483 0.04017282694990274849 
0.00000000099999999999 0.03344961962197226524 0.06671079843278802934 0.00000000099999999999 0.00000000099999999999 0.89983957694523974968 0.00000000099999999999 0.00000000099999999999 
0.00000000100000000000 0.01087476286219793593 0.00000000100000000000 0.00000000100000000000 0.00000072649441328488 0.98912432542291028881 0.00000004988189255634 0.00000013233858595045 
0.00000000100000000000 0.61723953081632698670 0.00000000100000000000 0.00000007958859747585 0.00000000100000000000 0.33660871389337698734 0.00000000100000000000 0.04615167170169873906 
0.01284638617075801147 0.66788046104716047857 0.02034026110702716675 0.00000000100000000000 0.00841285976243650625 0.16145302148724452462 0.01362109408849324077 0.11544591533688007556 
0.00000030218214263774 0.57657754385004367226 0.03038973342749582904 0.00000000100000000000 0.00000000100000000000 0.27199157992089578739 0.01308953110373616523 0.10795130751568593475 
0.00000000099999999999 0.00000793209590063281 0.00010743188527681882 0.00000000099999999999 0.00000000099999999999 0.99988463101882252282 0.00000000099999999999 0.00000000099999999999 
0.00000000099999999999 0.05563458004490099557 0.02736750217457244866 0.00000000099999999999 0.00000000099999999999 0.91699791278052655841 0.00000000099999999999 0.00000000099999999999 
0.00000000100000000000 0.08755069201953342983 0.00006520080740179924 0.00000000100000000000 0.00000000100000000000 0.79854642820711430051 0.04118625238051994153 0.07265142358543053014 
0.00000000100000000000 0.70771471396595442283 0.00000000100000000000 0.00000056009170945305 0.00000000100000000000 0.18253611588551280076 0.00000000100000000000 0.10974860605682353054 
0.00000000100000000000 0.69931819482613977179 0.00000001340087516992 0.00000000100000000000 0.01828879507978515770 0.19430538684868686738 0.00000000100000000000 0.08808760684451294454 
0.00000000100000000000 0.03270759362472910187 0.00000000100000000000 0.00000000100000000000 0.00000000100000000000 0.92510466777824462703 0.02818876198626876425 0.01399897261075762518 
0.00000000100000000000 0.00000000100000000000 0.00000000100000000000 0.00000000100000000000 0.00000593726565402846 0.99999405673434604847 0.00000000100000000000 0.00000000100000000000 
0.00000000099999999999 0.00000000099999999999 0.00000000099999999999 0.00000000099999999999 0.00000000099999999999 0.93849746055257521338 0.00000000099999999999 0.06150253344742482448 
0.00000000099999999999 0.00000000099999999999 0.00000000099999999999 0.00000000099999999999 0.00000000099999999999 0.99999999299999997593 0.00000000099999999999 0.00000000099999999999 
0.00000000099999999999 0.04613697168094216955 0.00000009705297119545 0.00000002644744382871 0.00000000099999999999 0.94443708597192566057 0.00000000099999999999 0.00942581584671723337 
0.00000000100000000000 0.03386497042819547332 0.00000000100000000000 0.00000000100000000000 0.00000000100000000000 0.84293001551912782876 0.00000000100000000000 0.12320500905267668668 
