0.00005644750854155765 0.00021450175176043171 0.03791679506580004910 0.40069316302820051634 0.00507968283470203261 0.02981260890475211089 0.47419209809651285958 0.05203470280973047229 
0.00000000099999999988 0.00000000099999999988 0.00000000099999999988 0.99999999299999997593 0.00000000099999999988 0.00000000099999999988 0.00000000099999999988 0.00000000099999999988 
0.00000000099999999998 0.00000000099999999998 0.00000000099999999998 0.00000000099999999998 0.00000000099999999998 0.00000000099999999998 0.99999999299999997593 0.00000000099999999998 
0.00000000099999999998 0.00000000099999999998 0.00000000099999999998 0.00000000099999999998 0.00000000099999999998 0.00000000099999999998 0.99999999299999986491 0.00000000099999999998 
0.04748375516443881922 0.00000000100000000000 0.02670322579923662190 0.53797055553465189526 0.00220080003053794732 0.00070821404383116123 0.36216305532647996568 0.02277039310082347098 
0.00000000100000000000 0.03957110449138512287 0.00076734814276401312 0.23283421913553581373 0.00000000100000000000 0.00000305836108416091 0.72682426686923073955 0.00000000100000000000 
0.00000000100000000000 0.00000325610915192693 0.01065537023271269021 0.39443600364456599117 0.06132587028313187666 0.13100317097334204797 0.40257632675709542625 0.00000000100000000000 
0.00000000100000000000 0.01320712896542654453 0.02395069760248490567 0.36757718163104402542 0.00002436692156054324 0.00000000100000000000 0.58581189027987023987 0.00942873259961376359 
0.00000000100000000000 0.00000781255746917241 0.05644800981539777052 0.37972892369060634588 0.08081772623040364700 0.00000000100000000000 0.48276351492428060119 0.00023401078184247872 
0.02094166272737843504 0.00000000100000000000 0.06022971715266887266 0.44055188502685832530 0.00000000100000000000 0.00612423760515081600 0.45070130856621959392 0.02145118692172402752 
0.00000000099999999997 0.00000000099999999997 0.00000000099999999997 0.99999999299999997593 0.00000000099999999997 0.00000000099999999997 0.00000000099999999997 0.00000000099999999997 
0.00000000100000000000 0.00000000100000000000 0.00955041931750959076 0.44685900161864600122 0.03443148540516011852 0.00000000100000000000 0.47678891142718982099 0.03237017923149442672 
0.00000000100000000000 0.05122239630571539387 0.00000000100000000000 0.44374247724065901677 0.01655166614996476243 0.00000000100000000000 0.47247511544398312910 0.01600834185967774798 
0.00000000099999999998 0.00000000099999999998 0.00000000099999999998 0.00000000099999999998 0.00000000099999999998 0.00000000099999999998 0.99999999299999997593 0.00000000099999999998 
0.00339835733122753137 0.00000095216769550341 0.00468643806114961772 0.28079650648945331248 0.00006752124158385621 0.02491090625686528254 0.63054835792688257445 0.05559096052514229253 
0.00000000100000000000 0.04750386985172350141 0.00000000100000000000 0.42146330910420526372 0.11020307953892866104 0.00000000108319413882 0.42082973742194851319 0.00000000100000000000 
0.00000000100000000000 0.00645591583275321665 0.05436330957078321091 0.46369544824583869280 0.03048365847358709690 0.00000000100000000000 0.44197564848216597255 0.00302601739487178738 
0.01016850316236759047 0.00000000100000000000 0.00000000100000000000 0.41413327602232291591 0.09436681837716581756 0.01023110705321162751 0.44706526266312579532 0.02403503072180629072 
0.00713747607023812632 0.00000000886685749114 0.00000040737232770133 0.41835565041954980714 0.03467325873471972797 0.00000000100000000000 0.44315604452309359518 0.09667715301321368193 
0.00000000100000000000 0.00265077050735095746 0.01134885991359474086 0.42102986553050925078 0.12273532351716498479 0.00000000100000000000 0.38986916153809542118 0.05236601699328467807 
0.03128470093639559163 0.00000300111772106595 0.00000000100000000000 0.39688807009640891810 0.00000000100000000000 0.00000021038074928633 0.50335205491238743658 0.06847196055633768264 
0.00000000099999999996 0.00000000099999999996 0.00000000099999999996 0.99999999299999997593 0.00000000099999999996 0.00000000099999999996 0.00000000099999999996 0.00000000099999999996 
0.00001669333715468532 0.00886632479394027992 0.01557503280166228250 0.42407442622052071712 0.04714881019321434663 0.00000006616267484923 0.46579725100298485785 0.03852139548784792172 
0.00000000099999999994 0.00000000099999999994 0.00000000099999999994 0.99999999300000008695 0.00000000099999999994 0.00000000099999999994 0.00000000099999999994 0.00000000099999999994 
0.01291409266498383390 0.00049104935198437635 0.00000000100000000000 0.38836107523718454981 0.09157520345898004233 0.02253773383727347354 0.46920835421436052348 0.01491249023523325695 
0.00000000100000000000 0.00000000100000000000 0.03621915602184914290 0.40519517722253245440 0.06872683662120369907 0.00000000100000000000 0.48884091064100948509 0.00101791649340515376 
0.00000000100000000000 0.00000013313525618855 0.00000008010641605302 0.48494474205498605546 0.07530627619498182768 0.05852433737592969976 0.35848556407978432459 0.02273886605264591534 
0.00000000100000000000 0.04170047039168948977 0.04559520686903185266 0.46704103938226976256 0.00000146589054218554 0.00000000100000000000 0.40537592689461215967 0.04028588857185472216 
0.00000000100000000000 0.05022674198592515238 0.00000000100000000000 0.43733555232491494458 0.00844021927302068646 0.00000000100000000000 0.42823235859728525643 0.07576512481885389061 
0.00000000099999999997 0.00000000099999999997 0.00000000099999999997 0.99999999300000008695 0.00000000099999999997 0.00000000099999999997 0.00000000099999999997 0.00000000099999999997 
0.00000000100000000000 0.05455112811288213848 0.00763462472547744506 0.38035683382811275033 0.02605928001635055002 0.00000000100000000000 0.49704997373428344565 0.03434815758289351539 
0.00508092722527751176 0.00000000099999999999 0.00000000099999999999 0.29067528187188163002 0.12953754014483073731 0.00179243027325412334 0.57291381748475589397 0.00000000099999999999 
0.00970524654693287990 0.05516707622471866274 0.01385571810699140136 0.43726616869606838023 0.10366840051996704941 0.00000000100000000000 0.35585250109319871425 0.02448488781212280682 
0.00000000099999999995 0.00000000099999999995 0.00000000099999999995 0.99999999299999997593 0.00000000099999999995 0.00000000099999999995 0.00000000099999999995 0.00000000099999999995 
0.00000000100000000000 0.00173184963231745809 0.04005697875602164809 0.22581386918728402202 0.00696582884866233428 0.00000000100000000000 0.71015374925417396046 0.01527772232154053431 
0.00011465858328729870 0.05502591504164343339 0.05549457458578802016 0.41567640870661565211 0.00000007288365330741 0.00000005121272240942 0.41707243988136272206 0.05661587910492715120 
0.00000000099999999988 0.00000000099999999988 0.00000000099999999988 0.99999999300000008695 0.00000000099999999988 0.00000000099999999988 0.00000000099999999988 0.00000000099999999988 
0.02644502230675441212 0.00209196262549439082 0.02212965244990627509 0.35312590524314607654 0.00000000100000000000 0.00000000100000000000 0.54507577859505296214 0.05113167677964587654 
0.00000000099999999994 0.00000000099999999994 0.00000000099999999994 0.99999999299999997593 0.00000000099999999994 0.00000000099999999994 0.00000000099999999994 0.00000000099999999994 
0.01403268104673753222 0.00139979176827464860 0.03067383456847003198 0.51414907205984883287 0.08909254340192769572 0.00000000100000000000 0.35063075021852202484 0.00002132593621944047 
0.00052381532549170863 0.00000000100000000000 0.01065159112243791069 0.48462402199811066561 0.01970010424335013124 0.00000000100000000000 0.43133179782697694815 0.05316866748363259509 
0.02879380418423902951 0.00000000100000000000 0.00000000100000000000 0.37580878807531492569 0.15859251843967714368 0.00000279258659302737 0.43680209371417572095 0.00000000100000000000 
0.00000000100000000000 0.00000000100000000000 0.04389328778847768897 0.34621985225306484146 0.00000000100000000000 0.00000000100000000000 0.57556837435566510219 0.03431848160279243193 
0.02340177540892520239 0.00000000100000000000 0.02072181552723208198 0.36293519410577718132 0.01649827854480777345 0.00416792916587170430 0.52117325042926154754 0.05110175581812451823 
0.00000000100000000000 0.00000000100000000000 0.01611127332708201659 0.42695304076972845353 0.04783478104230705352 0.02597910222078236506 0.46991057532428398558 0.01321122531581621178 
0.00000000099999999995 0.00000000099999999995 0.00000000099999999995 0.99999999299999997593 0.00000000099999999995 0.00000000099999999995 0.00000000099999999995 0.00000000099999999995 
0.00000000100000000000 0.00000000100000000000 0.00000000100000000000 0.37775427783692927530 0.07250395720483884809 0.02873045814274279366 0.47019450663393941303 0.05081679718154975128 
0.00265424879384388787 0.03171852296354875367 0.04663802539546876152 0.42445644379833535886 0.06973008749638542891 0.01334123792709923303 0.40064568906966219197 0.01081574455565624884 
0.00000000100000000000 0.00000001520404079201 0.00339356961582860852 0.40605579231584904010 0.02650879007068661017 0.10593996503041064328 0.39212454100755217423 0.06597732575563225454 
0.00000000099999999998 0.00000000099999999998 0.00000000099999999998 0.00000000099999999998 0.00000000099999999998 0.00000000099999999998 0.99999999299999986491 0.00000000099999999998 
0.04425072575602936181 0.00000000513055476165 0.00735031741351151874 0.43760160841480000293 0.08843450065630897861 0.00303008200126749947 0.40395795314415378074 0.01537480748337415395 
0.00000000100000000000 0.00000000100000000000 0.04258365450695844601 0.42035308916635910625 0.03456721277613169357 0.01668008318510264334 0.39090939766401955335 0.09490656070142861056 
0.01631599587305818458 0.00000000100000000000 0.04528552214970680417 0.37189816266632796937 0.00000000100000000000 0.00000000100000000000 0.54823835484485505809 0.01826196146605185006 
0.00000000100000000000 0.01510270028624472946 0.00617723691808509928 0.48559657050572302417 0.07261195115596193184 0.04330622172447382706 0.33737876274685946187 0.03982655566265190517 
0.00000000100000000000 0.04522689984380673378 0.00598348608382955668 0.16326273625392115352 0.00000001039940544190 0.02736535011970381293 0.75795262069389801596 0.00020889560543541847 
0.00000000100000000000 0.11979365003099066989 0.03535320571170959963 0.49951952630213330986 0.00009506867576604511 0.00000000100000000000 0.29209526763957971429 0.05314327963982058006 
0.00000000099999999997 0.00000000099999999997 0.01413296323315115822 0.69514694618329964104 0.00000000099999999997 0.00000000099999999997 0.00000000099999999997 0.29072008558354928143 
0.00000000100000000000 0.07702486087051789443 0.00000000100000000000 0.31838777022719921828 0.03683165436865709630 0.00000000100000000000 0.53905923313057879653 0.02869647840304693012 
0.01048403986974829304 0.00045171389546980851 0.00000000100000000000 0.38976893204565404849 0.08246360297794586014 0.00000000100000000000 0.48639045899039656806 0.03044125022078532708 
0.00000000100000000000 0.09511469904407322817 0.04065423241504149965 0.32350611348637248188 0.04977042621386648658 0.00000000100000000000 0.37091089035498464588 0.12004363648566168665 
0.00000000100000000000 0.04259483741174630717 0.00895401979335697443 0.47055444185401734680 0.10079987349328699275 0.05036174597097218403 0.28694398828294115367 0.03979109219367901740 
0.00000000100000000000 0.06766043312950240085 0.00000000100000000000 0.55050866230060591100 0.00004484771253126618 0.00000146036570653553 0.38178459349165377867 0.00000000100000000000 
0.00000000100000000000 0.00000000100000000000 0.05055617113564387505 0.42683182644072026335 0.05190208146658090160 0.07007282600686938479 0.40063552524013007483 0.00000156771005551782 
0.00000000100000000000 0.00000000100000000000 0.02073359906531433566 0.44082607562597164730 0.10195981045601389126 0.00000000100000000000 0.40891509814463122829 0.02756541370806896499 
0.00000000100000000000 0.03186741311510206398 0.00896299444969650243 0.25180808524922870806 0.05762192328276455333 0.03847525622768119963 0.59045960035387701215 0.02080472632165007718 
0.01353835476937548764 0.00119189839002222095 0.00536204799070162403 0.34689950804891200864 0.00000000100000000000 0.00000000100000000000 0.61147160563487379381 0.02153658316611482479 
0.00000000099999999999 0.00000000099999999999 0.00000000099999999999 0.00000000099999999999 0.00000000099999999999 0.00000000099999999999 0.99999999299999997593 0.00000000099999999999 
0.02192056428072470739 0.00000026519461583091 0.02215720031902918691 0.39657459661405475293 0.08537067483532491396 0.04696524993967816225 0.39685112670823097236 0.03016032210834148145 
0.00000000966528979193 0.00000004858422185215 0.00006200879483099159 0.43487756527247206639 0.04409998267990233173 0.04793430959432109367 0.40878510808065460225 0.06424096732830722467 
0.00000000100000000000 0.03741852981424915320 0.00983210282366569002 0.42705004609357760659 0.00000000100000000000 0.01112589980428192044 0.46131379372153885621 0.05325962574268684052 
0.00837832941907288263 0.03418095113084939490 0.00000000100000000000 0.32693432990828530382 0.23158292645534833687 0.02200897693985843021 0.37691448414658557109 0.00000000100000000000 
0.00000000100000000000 0.00000000100000000000 0.06617145939445333302 0.03262319220899137506 0.05003602258481398141 0.00000000100000000000 0.50537548320514769085 0.34579383960659348940 
0.00000000099999999998 0.00000000099999999998 0.00000000099999999998 0.00000000099999999998 0.00000000099999999998 0.00000000099999999998 0.99999999299999986491 0.00000000099999999998 
0.00000000099999999998 0.00000000099999999998 0.00000000099999999998 0.00000000099999999998 0.00000000099999999998 0.00000000099999999998 0.99999999299999997593 0.00000000099999999998 
0.03864360961671731848 0.00000000100000000000 0.03295797626963672955 0.36640767873792950970 0.01073038802343052010 0.00000000100000000000 0.46760270847192397792 0.08365763688036191581 
0.02594947808507194406 0.00000000216429275878 0.01786858616579583073 0.40693624196701833062 0.09789376267524629860 0.00000000100000000000 0.45135192694257475488 0.00000000100000000000 
0.00568652083552660236 0.00000000100000000000 0.03195441414015622733 0.36926960376650019846 0.02281657529542044371 0.03121317231087683552 0.48762701484228954119 0.05143269780923032108 
0.00000000100000000000 0.01743671205108452207 0.00000000100000000000 0.14570546651431565133 0.00000000100000000000 0.11380491915042188766 0.72305289828417795839 0.00000000100000000000 
0.00000000099999999995 0.00000000099999999995 0.00000000099999999995 0.99999999299999997593 0.00000000099999999995 0.00000000099999999995 0.00000000099999999995 0.00000000099999999995 
0.01629132932491342278 0.00000000100000000000 0.01708011364226107859 0.43605545373950316268 0.03799613010167526145 0.00000000100000000000 0.44058675769205957184 0.05199021349958740656 
0.00000000099999999998 0.00000000099999999998 0.00000000099999999998 0.58065587070441315731 0.11150056436392900838 0.00000000099999999998 0.00000000099999999998 0.30784355993165785081 
0.00000000100000000000 0.00000000100000000000 0.03260486967131811381 0.47297184605706754645 0.05842713567417515130 0.06379466546888834522 0.32195244283331336810 0.05024903829523733739 
0.00006186267986551433 0.00000216751675633782 0.00000000100000000000 0.31014980290649668548 0.01827025405616967968 0.04993986723631617386 0.56370021045629925549 0.05787583414809627930 
0.03976859713738897101 0.00000000100000000000 0.05994900752397550048 0.48235466897456230617 0.04598822954844458688 0.00000000100000000000 0.33473870810157918543 0.03720078671404937476 
0.00662515724463865700 0.00000000100000000000 0.00080800310527744123 0.32859828604719071299 0.09843618216610650062 0.08307592339482891552 0.42608482021216892432 0.05637162682978908573 
0.00000005580631658557 0.00000000100000000000 0.00116595244504865379 0.30968185092661970614 0.00000000100000000000 0.00000002169796947271 0.64710341467409171479 0.04204870244995385919 
0.00000000099999999998 0.00000000099999999998 0.00000000099999999998 0.00000000099999999998 0.00000000099999999998 0.00000000099999999998 0.99999999299999986491 0.00000000099999999998 
0.00000000100000000000 0.00000000100000000000 0.02623208442477608510 0.42056940119414781831 0.10684239683938386023 0.01099064524679936247 0.38270876173508977525 0.05265670855980321419 
0.00203647084093759676 0.00000000100000000000 0.00080591078741466609 0.30120060069522275326 0.05948340392767307444 0.00433403969674673890 0.63005266629394429678 0.00208690675806098109 
0.04289872236919806819 0.00000000100000000000 0.00003029284619142083 0.36297148244170285292 0.10828435620065388068 0.00000000100000000000 0.42471564877377543379 0.06109949536847843199 
0.01702598914702544916 0.00000371195893245017 0.00663035683763556465 0.25662917006430263633 0.04731003774568450643 0.00871611134714171502 0.64736229107787490733 0.01632233182140290298 
0.00000000099999999998 0.00000000099999999998 0.00000000099999999998 0.00000000099999999998 0.00000000099999999998 0.00000000099999999998 0.99999999299999997593 0.00000000099999999998 
0.00000000100000000000 0.00000000100000000000 0.02067514385478941286 0.32610635317657382659 0.04578369924022455961 0.05753532909839075005 0.47946986217841197631 0.07042961045160950340 
0.00000000099999999999 0.00000000099999999999 0.00000000099999999999 0.00000000099999999999 0.00000000099999999999 0.00000000099999999999 0.99999999299999997593 0.00000000099999999999 
0.00000000100000000000 0.03025844019824595887 0.04708469994149696441 0.46469732188922269200 0.03475298215035176747 0.00000639077057373808 0.40853976959747451136 0.01466039445263420983 
0.00000000100000000000 0.03212283839839829430 0.06382260989279085750 0.41436574314319890577 0.00000000100000000000 0.06449380915604746578 0.39581778365757636085 0.02937721375198824175 
0.00000000100000000000 0.00000000100000000000 0.03117306993665569514 0.19977825919935576771 0.71267904732157594250 0.00000000100000000000 0.00000000100000000000 0.05636961954241279105 
0.00000000099999999999 0.00000000099999999999 0.00000000099999999999 0.00000000099999999999 0.99999999300000008695 0.00000000099999999999 0.00000000099999999999 0.00000000099999999999 
0.00000000100000000000 0.02453195074252601665 0.01527958896106785050 0.16270964447459088098 0.68949973953295040641 0.00000000845053816834 0.00000000100000000000 0.10797906583832667105 
0.00000000099999999997 0.00000000099999999997 0.00000000099999999997 0.00000000099999999997 0.99999999300000008695 0.00000000099999999997 0.00000000099999999997 0.00000000099999999997 
0.00000000100000000000 0.04751551239641505636 0.07061954217910104692 0.08923569609448621376 0.67396332113087009663 0.00000044044818945969 0.04154391349230870945 0.07712157325862917245 
0.00000000099999999998 0.00000000099999999998 0.00000000099999999998 0.00000000099999999998 0.99999999299999997593 0.00000000099999999998 0.00000000099999999998 0.00000000099999999998 
0.00000000099999999999 0.00000000099999999999 0.00000000099999999999 0.00000000099999999999 0.99999999299999997593 0.00000000099999999999 0.00000000099999999999 0.00000000099999999999 
0.00000000099999999998 0.00000000099999999998 0.00000000099999999998 0.00000000099999999998 0.99999999299999997593 0.00000000099999999998 0.00000000099999999998 0.00000000099999999998 
0.00000000099999999999 0.00000000099999999999 0.00000000099999999999 0.00000000099999999999 0.99999999300000008695 0.00000000099999999999 0.00000000099999999999 0.00000000099999999999 
0.00000000099999999998 0.00000000099999999998 0.00000000099999999998 0.00000000099999999998 0.99999999300000008695 0.00000000099999999998 0.00000000099999999998 0.00000000099999999998 
0.00000000100000000000 0.00000051829073839961 0.03380689587024642007 0.11103232990391245782 0.77879126906653695084 0.00000000100000000000 0.00000000100000000000 0.07636898386856569299 
0.00000000099999999999 0.00000000099999999999 0.00000004450272418161 0.00000000099999999999 0.99999994949727588622 0.00000000099999999999 0.00000000099999999999 0.00000000099999999999 
0.00000000099999999998 0.00000000099999999998 0.00000000099999999998 0.00000000099999999998 0.99999999299999997593 0.00000000099999999998 0.00000000099999999998 0.00000000099999999998 
0.00000000099999999998 0.00000000099999999998 0.00000000099999999998 0.00000000099999999998 0.99999999300000008695 0.00000000099999999998 0.00000000099999999998 0.00000000099999999998 
0.00000000099999999998 0.00000000099999999998 0.00000000099999999998 0.00000000099999999998 0.99999999299999997593 0.00000000099999999998 0.00000000099999999998 0.00000000099999999998 
0.00000000099999999998 0.00000000099999999998 0.00000000099999999998 0.00000000099999999998 0.99999999300000008695 0.00000000099999999998 0.00000000099999999998 0.00000000099999999998 
0.00000000100000000000 0.03051971796425506991 0.02464353538515147435 0.09013384038043772972 0.76569522344179674622 0.00122629034687063931 0.00000000100000000000 0.08778139048148825285 
0.00000000099999999999 0.00000000099999999999 0.00000000099999999999 0.00000000099999999999 0.91011861166537100232 0.00000000099999999999 0.00000000099999999999 0.08988138233462894533 
0.00000000099999999998 0.00000000099999999998 0.00000000443582278111 0.00000000099999999998 0.99999998956417734952 0.00000000099999999998 0.00000000099999999998 0.00000000099999999998 
0.00000000100000000000 0.04541917878840383282 0.01000003712430459074 0.06457715338317640552 0.41023117014442772588 0.12496823110315732897 0.22877814179883596002 0.11602608665769412188 
0.00000000099999999999 0.00000000099999999999 0.00000000099999999999 0.00000000099999999999 0.99999999299999997593 0.00000000099999999999 0.00000000099999999999 0.00000000099999999999 
0.00000000099999999997 0.00000000099999999997 0.00000000099999999997 0.00000000099999999997 0.99999999299999997593 0.00000000099999999997 0.00000000099999999997 0.00000000099999999997 
0.00000000099999999999 0.00000000099999999999 0.00000000099999999999 0.00000000099999999999 0.99999999299999997593 0.00000000099999999999 0.00000000099999999999 0.00000000099999999999 
0.01314509501566252583 0.00000000099999999999 0.00000000099999999999 0.00000000099999999999 0.98685489898433742528 0.00000000099999999999 0.00000000099999999999 0.00000000099999999999 
0.00000000099999999998 0.00000000099999999998 0.00000000099999999998 0.00000000099999999998 0.99999999299999997593 0.00000000099999999998 0.00000000099999999998 0.00000000099999999998 
0.00000000099999999998 0.00000000099999999998 0.00000000099999999998 0.00000000099999999998 0.99999999299999997593 0.00000000099999999998 0.00000000099999999998 0.00000000099999999998 
0.00000000099999999998 0.00000000099999999998 0.00000000099999999998 0.00000000099999999998 0.99999999299999997593 0.00000000099999999998 0.00000000099999999998 0.00000000099999999998 
0.00000000099999999999 0.00000000099999999999 0.00000000099999999999 0.00000000099999999999 0.99999999300000008695 0.00000000099999999999 0.00000000099999999999 0.00000000099999999999 
0.00000000099999999997 0.00000000099999999997 0.00000000099999999997 0.00000000099999999997 0.99999999300000008695 0.00000000099999999997 0.00000000099999999997 0.00000000099999999997 
0.00000000100000000000 0.00028673678279942218 0.04467482070353264584 0.06761147490752332512 0.67651945173928962340 0.00069438417295055225 0.13410504853603461006 0.07610808215786980802 
0.00000000099999999999 0.00000000099999999999 0.00000000099999999999 0.00000000099999999999 0.99999999300000008695 0.00000000099999999999 0.00000000099999999999 0.00000000099999999999 
0.00000000099999999996 0.00000000099999999996 0.86186985924225523181 0.00000000099999999996 0.13813013475774491012 0.00000000099999999996 0.00000000099999999996 0.00000000099999999996 
0.00000000099999999995 0.00000000099999999995 0.99999999299999997593 0.00000000099999999995 0.00000000099999999995 0.00000000099999999995 0.00000000099999999995 0.00000000099999999995 
0.00000000099999999995 0.00000000099999999995 0.99999999299999997593 0.00000000099999999995 0.00000000099999999995 0.00000000099999999995 0.00000000099999999995 0.00000000099999999995 
0.00000000099999999995 0.00000000099999999995 0.99999999300000008695 0.00000000099999999995 0.00000000099999999995 0.00000000099999999995 0.00000000099999999995 0.00000000099999999995 
0.00000000099999999994 0.00000000099999999994 0.99999999299999997593 0.00000000099999999994 0.00000000099999999994 0.00000000099999999994 0.00000000099999999994 0.00000000099999999994 
0.00000000099999999993 0.00000000099999999993 0.99999999299999997593 0.00000000099999999993 0.00000000099999999993 0.00000000099999999993 0.00000000099999999993 0.00000000099999999993 
0.00000000099999999994 0.00000000099999999994 0.99999999300000008695 0.00000000099999999994 0.00000000099999999994 0.00000000099999999994 0.00000000099999999994 0.00000000099999999994 
0.00000000099999999995 0.00000000099999999995 0.99999999300000008695 0.00000000099999999995 0.00000000099999999995 0.00000000099999999995 0.00000000099999999995 0.00000000099999999995 
0.00000000099999999993 0.00000000099999999993 0.99999999299999997593 0.00000000099999999993 0.00000000099999999993 0.00000000099999999993 0.00000000099999999993 0.00000000099999999993 
0.00000000099999999993 0.00000000099999999993 0.99999999299999997593 0.00000000099999999993 0.00000000099999999993 0.00000000099999999993 0.00000000099999999993 0.00000000099999999993 
0.00000000099999999994 0.00000000099999999994 0.99999999300000008695 0.00000000099999999994 0.00000000099999999994 0.00000000099999999994 0.00000000099999999994 0.00000000099999999994 
0.00000000099999999995 0.00000000099999999995 0.99999999300000008695 0.00000000099999999995 0.00000000099999999995 0.00000000099999999995 0.00000000099999999995 0.00000000099999999995 
0.00000000099999999999 0.00000000099999999999 0.37776024542364233794 0.00000000099999999999 0.00000000099999999999 0.00000000099999999999 0.00000000099999999999 0.62223974857635744318 
0.00000000099999999993 0.00000000099999999993 0.99999999300000008695 0.00000000099999999993 0.00000000099999999993 0.00000000099999999993 0.00000000099999999993 0.00000000099999999993 
0.00000000099999999994 0.00000000099999999994 0.99999999300000008695 0.00000000099999999994 0.00000000099999999994 0.00000000099999999994 0.00000000099999999994 0.00000000099999999994 
0.00000000099999999994 0.00000000099999999994 0.99999999299999997593 0.00000000099999999994 0.00000000099999999994 0.00000000099999999994 0.00000000099999999994 0.00000000099999999994 
0.00000000099999999996 0.00000000099999999996 0.99999999300000008695 0.00000000099999999996 0.00000000099999999996 0.00000000099999999996 0.00000000099999999996 0.00000000099999999996 
0.00000000099999999994 0.00000000099999999994 0.99999999300000008695 0.00000000099999999994 0.00000000099999999994 0.00000000099999999994 0.00000000099999999994 0.00000000099999999994 
0.00000000099999999993 0.00000000099999999993 0.99999999299999997593 0.00000000099999999993 0.00000000099999999993 0.00000000099999999993 0.00000000099999999993 0.00000000099999999993 
0.00000000099999999994 0.00000000099999999994 0.99999999299999997593 0.00000000099999999994 0.00000000099999999994 0.00000000099999999994 0.00000000099999999994 0.00000000099999999994 
0.00000000099999999999 0.00000000099999999999 0.54678205240241850582 0.00000000099999999999 0.00000000099999999999 0.00000000099999999999 0.00000000099999999999 0.45321794159758149734 
0.00000000099999999994 0.00000000099999999994 0.99999999299999997593 0.00000000099999999994 0.00000000099999999994 0.00000000099999999994 0.00000000099999999994 0.00000000099999999994 
0.00000000099999999999 0.00000000099999999999 0.59632769644711913770 0.00000000099999999999 0.00000000099999999999 0.00000000099999999999 0.00000000099999999999 0.40367229755288086546 
0.00000000099999999994 0.00000000099999999994 0.99999999300000008695 0.00000000099999999994 0.00000000099999999994 0.00000000099999999994 0.00000000099999999994 0.00000000099999999994 
0.00000000099999999995 0.00000000099999999995 0.99999999299999997593 0.00000000099999999995 0.00000000099999999995 0.00000000099999999995 0.00000000099999999995 0.00000000099999999995 
0.00000000099999999992 0.00000000099999999992 0.99999999300000008695 0.00000000099999999992 0.00000000099999999992 0.00000000099999999992 0.00000000099999999992 0.00000000099999999992 
0.34148707175513504097 0.47849464126621998883 0.00000000100000000000 0.02904658837444505648 0.01682055577837631571 0.13415113982582377306 0.00000000100000000000 0.00000000100000000000 
0.00000000099999999999 0.00000000099999999999 0.00000000099999999999 0.00000000099999999999 0.00000000099999999999 0.99999999300000008695 0.00000000099999999999 0.00000000099999999999 
0.00000000099999999999 0.06418895468642334123 0.00000000099999999999 0.00000000099999999999 0.00000000099999999999 0.93581103931357667580 0.00000000099999999999 0.00000000099999999999 
0.34197225063979963533 0.61847493090530125670 0.00000000099999999999 0.00000000099999999999 0.00000000099999999999 0.03955281245243347232 0.00000000200246574464 0.00000000099999999999 
0.00412999617990333825 0.00046689449126583268 0.00000000099999999999 0.00000004632807458883 0.00000000099999999999 0.99540305900075631840 0.00000000099999999999 0.00000000099999999999 
0.00000000099999999999 0.05424386111097240226 0.00000000099999999999 0.00037097783138027933 0.00000000099999999999 0.94538515605764739114 0.00000000099999999999 0.00000000099999999999 
0.00000000099999999999 0.00807822768972003315 0.00000000099999999999 0.00000000099999999999 0.00000000099999999999 0.99192176631027983991 0.00000000099999999999 0.00000000099999999999 
0.07218730798820099936 0.00000000099999999999 0.00000000099999999999 0.00000000099999999999 0.00000000099999999999 0.86216633066384507078 0.06564635634795389085 0.00000000099999999999 
0.00000000099999999999 0.00000000099999999999 0.00000000099999999999 0.00000000099999999999 0.00000000099999999999 0.99999999300000008695 0.00000000099999999999 0.00000000099999999999 
0.00000000100000000000 0.00000160238840475168 0.00000000100000000000 0.00000000100000000000 0.00000000100000000000 0.99998865511879619916 0.00000000100000000000 0.00000973749279898740 
0.06266812773837258932 0.00000054759565912052 0.00000000100000000000 0.02008180910005270478 0.00000000100000000000 0.91724951156591572055 0.00000000100000000000 0.00000000100000000000 
0.00000000100000000000 0.04135372808390546523 0.00000000100000000000 0.00000000100000000000 0.00000000100000000000 0.95864608058244726863 0.00000018633364718109 0.00000000100000000000 
0.15278310238423695178 0.45403012762520389423 0.00000000100000000000 0.01536879268653258170 0.01437016807190775319 0.30965138353157595219 0.05379642370054290440 0.00000000100000000000 
0.00000000100000000000 0.09002658748466861593 0.00000000100000000000 0.00000708263485742339 0.04445962527935543029 0.53260074239763988135 0.33022817491750594554 0.00267778528597282465 
0.05836976593192635954 0.00000000099999999999 0.00000000099999999999 0.00000000099999999999 0.00000000099999999999 0.94163022806807361587 0.00000000099999999999 0.00000000099999999999 
0.08061715674664268749 0.00000000099999999999 0.00000000099999999999 0.00000000099999999999 0.00000000099999999999 0.91938283725335723240 0.00000000099999999999 0.00000000099999999999 
0.03746909041579403465 0.00000758389484751829 0.01625904206519888581 0.00000001008949749662 0.00000000100000000000 0.94626410872516752981 0.00000016280949443673 0.00000000100000000000 
0.00000000100000000000 0.11929465663765689842 0.00000000100000000000 0.00000000100000000000 0.03224007662526838514 0.83427797144870075030 0.01418729128837381732 0.00000000100000000000 
0.99999999300000008695 0.00000000099999999990 0.00000000099999999990 0.00000000099999999990 0.00000000099999999990 0.00000000099999999990 0.00000000099999999990 0.00000000099999999990 
0.00095768776959282830 0.13581042543051458082 0.00000000100000000000 0.01645515378827709999 0.00000000100000000000 0.84677672348037869021 0.00000000653123677239 0.00000000100000000000 
0.22817518962432384311 0.72859761331637951098 0.00000000100000000000 0.04322719205929672487 0.00000000100000000000 0.00000000100000000000 0.00000000100000000000 0.00000000100000000000 
0.00000000099999999998 0.99999999300000008695 0.00000000099999999998 0.00000000099999999998 0.00000000099999999998 0.00000000099999999998 0.00000000099999999998 0.00000000099999999998 
0.00076234144940646152 0.02425526029274749015 0.00000000099999999999 0.00000000099999999999 0.00000000099999999999 0.97498239325784608056 0.00000000099999999999 0.00000000099999999999 
0.01722302741920475264 0.00001124207858278193 0.00000000099999999999 0.00000000099999999999 0.00000000099999999999 0.98276572550221241720 0.00000000099999999999 0.00000000099999999999 
0.32440846953782764839 0.52850772108253829540 0.00579029838001317299 0.00000025796210195018 0.01652195334310908870 0.08823894420896405411 0.03653235448544572134 0.00000000100000000000 
0.00000000099999999999 0.08467187376110758834 0.00000000099999999999 0.00000000099999999999 0.00000000099999999999 0.91532812023889242870 0.00000000099999999999 0.00000000099999999999 
0.00000007605560321936 0.00000000099999999999 0.00000000099999999999 0.00000000099999999999 0.00000000099999999999 0.98818683834294984702 0.00000000099999999999 0.01181308060144686291 
0.28014913638587563005 0.68382875604770210209 0.00000000100000000000 0.00000000100000000000 0.00000000100000000000 0.03551652216472141188 0.00050558140170092400 0.00000000100000000000 
0.00001702319675787616 0.02286840416143959970 0.00000000099999999999 0.00000000099999999999 0.00000000099999999999 0.97711456764180248946 0.00000000099999999999 0.00000000099999999999 
0.03970234045790881072 0.00000000099999999998 0.00000000099999999998 0.00000000099999999998 0.00000000099999999998 0.96029765354209128958 0.00000000099999999998 0.00000000099999999998 
0.00000000099999999997 0.99999999300000019797 0.00000000099999999997 0.00000000099999999997 0.00000000099999999997 0.00000000099999999997 0.00000000099999999997 0.00000000099999999997 
0.03325055805062948622 0.00000000099999999999 0.00000000099999999999 0.00000000099999999999 0.00000000099999999999 0.91469558659089456043 0.05205385035847583108 0.00000000099999999999 
0.31336130862481226256 0.59986388302606696854 0.00000000099999999999 0.00000000099999999999 0.00000000099999999999 0.08677480334912086868 0.00000000099999999999 0.00000000099999999999 
0.00000000099999999997 0.99999999300000019797 0.00000000099999999997 0.00000000099999999997 0.00000000099999999997 0.00000000099999999997 0.00000000099999999997 0.00000000099999999997 
0.32003147826325467618 0.58801380061242392028 0.00000000100000000000 0.01996991635940916290 0.00000000100000000000 0.07163306166475538750 0.00035174010015676896 0.00000000100000000000 
0.28378897301566285982 0.71619270647978294786 0.00000000099999999999 0.00000000099999999999 0.00000000099999999999 0.00000000099999999999 0.00001831550455421013 0.00000000099999999999 
0.01070202191644681680 0.00000000099999999998 0.00000000099999999998 0.00000000099999999998 0.00000000099999999998 0.98929797208355307880 0.00000000099999999998 0.00000000099999999998 
0.00000000099999999999 0.00000000099999999999 0.00000000099999999999 0.03944323029738913688 0.00000000099999999999 0.96055676370261089403 0.00000000099999999999 0.00000000099999999999 
0.00000000099999999999 0.14827452031268181787 0.00000000099999999999 0.00926391099971111270 0.00000000099999999999 0.84246156368760716227 0.00000000099999999999 0.00000000099999999999 
0.00000000100000000000 0.11362987040505985459 0.00916227747812064196 0.00000000100000000000 0.00000000100000000000 0.80584922452007801130 0.07135862359674147171 0.00000000100000000000 
0.00000000099999999999 0.17489845017586314047 0.00000000099999999999 0.00000000099999999999 0.00000000099999999999 0.82510141219583643668 0.00000013262830038031 0.00000000099999999999 
0.25701865109873717197 0.50572260559982851191 0.00000000100000000000 0.02775504296506602075 0.00451983115290560938 0.16314904082780826156 0.00000000100000000000 0.04183482635565453911 
0.00548183211483610662 0.00015235847507935528 0.00000000100000000000 0.00000000100000000000 0.01613151483478411988 0.97817478504179433685 0.00000000100000000000 0.00005950653350609761 
0.07848192409202113529 0.00003198298050762427 0.00000000100000000000 0.00000000100000000000 0.00791220944740325324 0.91357387948006796297 0.00000000100000000000 0.00000000100000000000 
0.01843991310333423922 0.00000000099999999998 0.00000000099999999998 0.00000000099999999998 0.00000000099999999998 0.98156008089666579863 0.00000000099999999998 0.00000000099999999998 
0.18325832764320776347 0.27049201199036648768 0.00000000099999999999 0.00000000099999999999 0.03634929515138818346 0.48092793735763927909 0.02897242485739824625 0.00000000099999999999 
0.21787649617871343577 0.40923327774897572118 0.00384268509280148111 0.00000000100000000000 0.00913416157877520313 0.34610298256583221788 0.00000022068774774421 0.01381017514715427753 
0.00181122416160577255 0.10176961459502348317 0.00000000099999999999 0.00000043864717041488 0.00000000099999999999 0.89257201391529084056 0.00384670568090933343 0.00000000099999999999 
0.00000000100000000000 0.08003558464362973968 0.00000184113363844817 0.00000000100000000000 0.00000002463461536529 0.91996254558811652036 0.00000000100000000000 0.00000000100000000000 
0.28016576572832246894 0.44663792438851229738 0.00000000099999999999 0.00000000099999999999 0.00000000099999999999 0.27319630488316548611 0.00000000099999999999 0.00000000099999999999 
0.24732647632733650855 0.58102076314988404526 0.00884533565107257364 0.01645634502648619588 0.01231331889440761065 0.12305844899524101543 0.00000000100000000000 0.01097931095557212397 
0.21856810013275390636 0.50383596840963429386 0.00000000100000000000 0.00016619668801012093 0.01609733559975073947 0.23735280015149987087 0.02397959701835122512 0.00000000100000000000 
0.05474955668608095377 0.00000000099999999999 0.00000000099999999999 0.00000000099999999999 0.00000000099999999999 0.94525043731391911184 0.00000000099999999999 0.00000000099999999999 
0.00000000099999999999 0.11887570020300465556 0.00000000099999999999 0.00000000099999999999 0.00000000099999999999 0.88112429379699541698 0.00000000099999999999 0.00000000099999999999 
0.04587348803571530964 0.07446063550394921293 0.00000000100000000000 0.00000000100000000000 0.03531509885123731984 0.78155817460680399034 0.06279260000229408556 0.00000000100000000000 
0.28653859464278069735 0.57376508841987960974 0.00000000100000000000 0.00000000100000000000 0.00000000100000000000 0.13969631193733980656 0.00000000100000000000 0.00000000100000000000 
0.27205708698948100066 0.58174441443564484100 0.01167748124864306618 0.00000000100000000000 0.00000000100000000000 0.13452101332623123131 0.00000000100000000000 0.00000000100000000000 
0.00000097853411763214 0.06924393724156895080 0.00000000100000000000 0.00000000100000000000 0.02194032608862457601 0.90881475413568879596 0.00000000100000000000 0.00000000100000000000 
0.00000000099999999999 0.00000000099999999999 0.00000000099999999999 0.00000000099999999999 0.00000000099999999999 0.99999999300000008695 0.00000000099999999999 0.00000000099999999999 
0.00000000099999999999 0.00000000099999999999 0.00000000099999999999 0.00000000099999999999 0.00000000099999999999 0.99999999300000008695 0.00000000099999999999 0.00000000099999999999 
0.00000000099999999999 0.00000000099999999999 0.00000000099999999999 0.00000000099999999999 0.00000000099999999999 0.99999999300000008695 0.00000000099999999999 0.00000000099999999999 
0.00360884071991290521 0.08429314053691026876 0.00000000099999999999 0.00000387252131109334 0.00000000099999999999 0.91209414222186568910 0.00000000099999999999 0.00000000099999999999 
0.00093468183504695848 0.08581329604161760938 0.00000000100000000000 0.00000000100000000000 0.00006843444177312691 0.85151900233845978505 0.06166458234310243092 0.00000000100000000000 
