0.00401196410175105878 0.00483702921704036014 0.03027760619071993148 0.36377747819678124541 0.04331106965353707927 0.51822348718825206326 0.03555933982433563678 0.00000202562758257441 
0.00000000099999999990 0.00000000099999999990 0.00000000099999999990 0.00000000099999999990 0.00000000099999999990 0.99999999300000008695 0.00000000099999999990 0.00000000099999999990 
0.00000000100000000000 0.00006587527422964163 0.00000000100000000000 0.78142524912441480023 0.00000000100000000000 0.21700102884189395591 0.00000000100000000000 0.00150784275946158120 
0.00000000099999999998 0.00000000099999999998 0.00000000099999999998 0.99999999300000008695 0.00000000099999999998 0.00000000099999999998 0.00000000099999999998 0.00000000099999999998 
0.00407700967865631207 0.05091114606717940527 0.01952092570271737881 0.24739645967872686549 0.00000000100000000000 0.63101300223735468098 0.01236481538181667672 0.03471664025354873062 
0.00000000100000000000 0.05865152202113214919 0.00000000234351445777 0.65324948681955474772 0.00000000100000000000 0.28809720678805200711 0.00000000100000000000 0.00000177902774683230 
0.02706478760756154955 0.16976302473957272099 0.01010342318088304318 0.31187938700825434957 0.00000000212678521206 0.48118937333694306036 0.00000000100000000000 0.00000000100000000000 
0.00000204401901141981 0.00035093323939207273 0.01472613866435251544 0.52142897006198463128 0.00196156450795752181 0.45950418777608126319 0.00054971564292375025 0.00147644608829690187 
0.05245817218073099697 0.00057990388709381040 0.04615332933156050810 0.36346530297218587746 0.00000017598794221459 0.53734299380577477123 0.00000000100000000000 0.00000012083471196583 
0.00000000100000000000 0.00000000100000000000 0.05303168512276981023 0.35798458688489409596 0.06310994744420284075 0.51821131465367475943 0.00766246289445829658 0.00000000100000000000 
0.08081924873260390441 0.00000000100000000000 0.01873033133191428709 0.27051769828564775633 0.00000000100000000000 0.56109536462520481770 0.03549886522022840246 0.03333848980440077409 
0.01393785028923538900 0.00000000100000000000 0.00736263007695448640 0.42639575717903943630 0.00000000100000000000 0.52399533963094302447 0.02830841982382773306 0.00000000100000000000 
0.00652665454206715224 0.00000000100000000000 0.00000000100000000000 0.45691330378417216451 0.00000000100000000000 0.53438050454923968768 0.00217105449179180472 0.00000847963272902841 
0.00000000099999999997 0.00000000099999999997 0.00000000099999999997 0.99999999300000008695 0.00000000099999999997 0.00000000099999999997 0.00000000099999999997 0.00000000099999999997 
0.00010115654797488588 0.07718101593671070071 0.00200412048672875829 0.54922147230810769436 0.00000000100000000000 0.32175381649836926057 0.04973841622210876945 0.00000000100000000000 
0.00000000099999999998 0.00000000099999999998 0.00000000099999999998 0.00000000099999999998 0.00000000099999999998 0.99999999300000008695 0.00000000099999999998 0.00000000099999999998 
0.01365426139585031173 0.00000000100000000000 0.04582536206034146936 0.35608396137677650328 0.00000000100000000000 0.57660757561034126084 0.00001060135531184741 0.00781823620137850513 
0.06617591999642852274 0.00000730003142293319 0.00000000100000000000 0.41058668254051433610 0.02705490643519633739 0.47180426279887610619 0.02437080663298900329 0.00000012056457275134 
0.02258417381632276885 0.00000000100000000000 0.00000001497982333568 0.37713351497845098992 0.00000000100000000000 0.51298351370726835707 0.08328569211176879705 0.00401308840636577409 
0.11541858640856203500 0.00003828336806046886 0.00369524440814712621 0.29398072995161000920 0.00000000100000000000 0.54804234289669695457 0.03880630417316972142 0.00001850779375376180 
0.00000000100000000000 0.02895257946838375451 0.00000000100000000000 0.40800327614058984338 0.00000000100000000000 0.49658236256816629117 0.04740210606136465582 0.01905967276149538731 
0.00429403625639193220 0.00000000100000000000 0.00000002786953033345 0.28414852347317454129 0.00000000100000000000 0.65890300791929912183 0.04304507870271612191 0.00960932377888785300 
0.05111536600766136001 0.03248643909427859078 0.00961439175480582539 0.41113036670694125263 0.00000000100000000000 0.46187585487110277560 0.03371183504928924185 0.00006574551592088979 
0.00105135286671761562 0.00000000099999999999 0.00000000099999999999 0.21188246777381433694 0.00000000099999999999 0.78706617435946812922 0.00000000099999999999 0.00000000099999999999 
0.07107120617951927233 0.03869482125151574997 0.00000000100000000000 0.42689744591895806280 0.00000020996527945946 0.44581670446944582364 0.01261138303534949448 0.00490822817993209499 
0.05809516617302362684 0.01945886557974920925 0.03155114529698135190 0.43526544631449798350 0.00000000100000000000 0.45547816566450932685 0.00015120897123857701 0.00000000100000000000 
0.04884929276876660148 0.10583602191163504758 0.00000210370304890887 0.22437232804607862291 0.00000000100000000000 0.60718504758571367752 0.01375520398475702129 0.00000000100000000000 
0.00018835849480112009 0.00101589937775219130 0.03716064990153170045 0.31252157577137357203 0.00000003369838593399 0.60625375876725495772 0.02151993440231095983 0.02133978958658961159 
0.00534812937283138650 0.00000189556203293610 0.00000000100000000000 0.37094718758777384116 0.00000000100000000000 0.53914757163275328633 0.05892002128320777965 0.02563519256140073949 
0.00935741462570913868 0.00010951898096549883 0.00003496061987851027 0.34383651949620758215 0.00000000100000000000 0.60807676617376982264 0.03788142604459594776 0.00070339305887351638 
0.01763425664554519462 0.00000002908425815373 0.00411361925710324473 0.45721272315511707340 0.00000000100000000000 0.46087701301418793065 0.02556435379646558592 0.03459800404732270990 
0.08351281466353301097 0.00000000099999999999 0.00000000099999999999 0.53461983640361254722 0.02742584790496366276 0.35444149702789079504 0.00000000099999999999 0.00000000099999999999 
0.10060322773543595165 0.00000000100000000000 0.00892537417344365681 0.30689530634551953625 0.00000000100000000000 0.51847098067173158498 0.01478636655072757336 0.05031874252314152279 
0.00000000099999999997 0.00000000099999999997 0.00000000099999999997 0.00000000099999999997 0.00000000099999999997 0.99999999299999997593 0.00000000099999999997 0.00000000099999999997 
0.00014165458467355998 0.00900684217650493495 0.03771812253297304740 0.61657621082349178820 0.00000000100000000000 0.33459455704219498440 0.00120860175608871042 0.00075401008407291405 
0.00000096390792400553 0.02436782678756960890 0.04478230349749270922 0.31209358804851899949 0.00006976316040779862 0.54263372289252609360 0.04482185061640098916 0.03122998108915972862 
0.00000000099999999991 0.00000000099999999991 0.00000000099999999991 0.00000000099999999991 0.00000000099999999991 0.99999999300000008695 0.00000000099999999991 0.00000000099999999991 
0.00000000100000000000 0.05077612148169403927 0.01679132643197809444 0.41723630092977093131 0.00000000100000000000 0.46480433130500858896 0.03628616983426363046 0.01410574801728455875 
0.00004174096641215851 0.00000000099999999999 0.00841207817399446285 0.45860525750181607707 0.00000000099999999999 0.53294091935777720970 0.00000000099999999999 0.00000000099999999999 
0.00000000099999999997 0.00000000099999999997 0.00000000099999999997 0.00000000099999999997 0.00000000099999999997 0.99999999299999997593 0.00000000099999999997 0.00000000099999999997 
0.00202090071522711186 0.00000000100000000000 0.00147559360129365102 0.30194018120915655512 0.00000000100000000000 0.65811429160478385203 0.03644902986953893476 0.00000000100000000000 
0.12580146753710433338 0.01155472965276533107 0.00000187922742262411 0.41314094976068893583 0.00003476775676966444 0.44053712527481520000 0.00000000549472778356 0.00892907529570610183 
0.00000000100000000000 0.00001581044879541721 0.03876662945900911927 0.50165845637986672401 0.00000000314092442210 0.43758795783327913975 0.02197114073812506119 0.00000000100000000000 
0.01072185307269274239 0.00000056679251706295 0.01506892795433396534 0.48889658760683590843 0.01849604248256618219 0.41629860888485470394 0.04530065702915798270 0.00521675617704143568 
0.01773650699604734093 0.07341484210909832164 0.01525513709644932443 0.35175648643028695206 0.00000000100000000000 0.53436789984934218722 0.00746912551877574726 0.00000000100000000000 
0.02975083508155750706 0.00000000120981535494 0.00000092765066399053 0.17762334010554259311 0.00000000100000000000 0.79215737048723644520 0.00046752346518399442 0.00000000100000000000 
0.03787283030541843676 0.00000000100000000000 0.00000000100000000000 0.39820558180739484833 0.05750798767694303981 0.45576333496083648589 0.05065026224940716998 0.00000000100000000000 
0.05631907776504074814 0.05343907020912184308 0.03805307586477531256 0.29557899162537365489 0.00000037962767105067 0.54438237416331658469 0.00160952051846694096 0.01061751022623378705 
0.02693088887843642087 0.09488340637972179914 0.00035604031115345897 0.34658991097817604121 0.01714727701340728813 0.45714858387723783517 0.05694389156186719508 0.00000000100000000000 
0.00000000099999999999 0.08603139641672997995 0.00000000099999999999 0.76049590566864300190 0.00000008363806152986 0.15347261027656555754 0.00000000099999999999 0.00000000099999999999 
0.00000000099999999998 0.00000000099999999998 0.00000000099999999998 0.00000000099999999998 0.00000000099999999998 0.99999999300000008695 0.00000000099999999998 0.00000000099999999998 
0.02501429464712129694 0.04260503116208427810 0.03606007849313418168 0.26941727856557196041 0.00000013945479548270 0.54512058626840365072 0.08178259040888907760 0.00000000100000000000 
0.00000000099999999999 0.00000000099999999999 0.00000000099999999999 0.00000000099999999999 0.00000000099999999999 0.99999999300000008695 0.00000000099999999999 0.00000000099999999999 
0.00000000099999999998 0.00000000099999999998 0.00000000099999999998 0.00000000099999999998 0.00000000099999999998 0.99999999300000008695 0.00000000099999999998 0.00000000099999999998 
0.00000001373797703498 0.10145574089815415086 0.00153387462639845346 0.66249573727981403426 0.00000000100000000000 0.23399709108560812210 0.00000530927404913499 0.00051223209799905771 
0.00000000099999999998 0.00000000099999999998 0.00000000099999999998 0.00000000099999999998 0.00000000099999999998 0.99999999299999997593 0.00000000099999999998 0.00000000099999999998 
0.00000000099999999997 0.00000000099999999997 0.02754882593040006503 0.00000000099999999997 0.00000000099999999997 0.71043473298030013208 0.26201643608929969798 0.00000000099999999997 
0.00210673620276304128 0.03526859642470785150 0.00000000100000000000 0.48961094122032783327 0.00000003202427731278 0.41049706244388400878 0.03119307035932323419 0.03132356032471676072 
0.05132691826254359713 0.00000000100000000000 0.00000001534697264351 0.39449472437503740885 0.00459605481914490167 0.51523164471240334716 0.02056242473518435365 0.01378821674871371847 
0.04223234767783775462 0.00003018763674098946 0.03519631110572210564 0.29782588232654472193 0.00000000100000000000 0.44676860825859820991 0.11166387305949672382 0.06628278893505948344 
0.09923000474581548935 0.00000038109975843598 0.00307196067260541873 0.21460384051417810691 0.06828777238832692276 0.56873306846982685236 0.02386225700293187826 0.02221071510655682132 
0.03053047833008157644 0.04011576697823103499 0.00000000100000000000 0.52629547352115668701 0.00000000100000000000 0.40277891330396453640 0.00000000100000000000 0.00027936486656628075 
0.00636381941172938122 0.00000000100000000000 0.05316992029293386018 0.30215617884477941057 0.11802452331823323761 0.52028529905215437079 0.00000025708016965222 0.00000000100000000000 
0.09448870496748822123 0.00165202884056033167 0.01258131593137458426 0.30864621105308359672 0.00000000100000000000 0.57012397433887751497 0.01250776286861571794 0.00000000100000000000 
0.00000000508798871000 0.26156259131610032354 0.00000000106214007902 0.00267497548918676142 0.00000042140616745613 0.73575349917223908935 0.00000000102095620362 0.00000850544522136308 
0.00000007325146843756 0.00053224703343115478 0.00225169685980537541 0.57563651379002167552 0.00000000100000000000 0.40084041601300990365 0.01118164514190259778 0.00955740691036090391 
0.00000000099999999998 0.00000000099999999998 0.00000000099999999998 0.99999999300000008695 0.00000000099999999998 0.00000000099999999998 0.00000000099999999998 0.00000000099999999998 
0.07722364171939333222 0.00000002321266837872 0.01652846756594670424 0.31959731187085727022 0.08377839208994075637 0.48191868742452820262 0.01765867720635920859 0.00329479891030611070 
0.02199436218458156872 0.03568735802753789793 0.00001214655891912974 0.31361036714000600778 0.03197151879312537526 0.54408146364840070941 0.05264278264742906083 0.00000000100000000000 
0.00000046586352521736 0.00000000100000000000 0.00348491046757251144 0.35436286456375770682 0.08585132101455787701 0.51778244421849062284 0.03851797469470929353 0.00000001817738673240 
0.18184453566990568807 0.00000000100000000000 0.00000000100000000000 0.30809091876856131709 0.12654501759802427863 0.38351565553500849282 0.00000000100000000000 0.00000386942850020304 
0.04513248162337064190 0.00000000100000000000 0.06517130167871913737 0.47255231982909368105 0.00000000100000000000 0.07393764974372793453 0.34320624412508865531 0.00000000100000000000 
0.00000000099999999998 0.00000000099999999998 0.00000000099999999998 0.99999999299999997593 0.00000000099999999998 0.00000000099999999998 0.00000000099999999998 0.00000000099999999998 
0.00000000100000000000 0.00000002920815526802 0.00000000100000000000 0.69215055581134188323 0.08882940327528603131 0.21018399211510530034 0.00000000100000000000 0.00883601659011163526 
0.00785036282089689869 0.00000000100000000000 0.02662960635145824803 0.40638490501319146642 0.00000000100000000000 0.45934302160440693141 0.06987915735738942091 0.02991294485265693845 
0.06934109022623313745 0.00000292742029414404 0.01268494592811882440 0.37873444116564874973 0.00000024707915434058 0.51654526809573897417 0.00000000100000000000 0.02269107908481174732 
0.00001875063661726519 0.00000000100000000000 0.02963091275934848917 0.38521479207817127532 0.08501983405850019326 0.45260616000007325432 0.04750954846728938641 0.00000000100000000000 
0.00000000099999999998 0.00000000099999999998 0.00000000099999999998 0.99999999299999997593 0.00000000099999999998 0.00000000099999999998 0.00000000099999999998 0.00000000099999999998 
0.00000000099999999999 0.00000000099999999999 0.00000000099999999999 0.45302700926276806559 0.00022096660458230600 0.54675201913264959153 0.00000000099999999999 0.00000000099999999999 
0.01828108346657544500 0.00000000100000000000 0.01152040091622738571 0.35699001161244986458 0.00002600770727662901 0.57173305395555540365 0.03710604470919037778 0.00434339663272496641 
0.11358349336684321618 0.00000000099999999998 0.00000293215945392611 0.00000000099999999998 0.00000000099999999998 0.59233540155308128661 0.29407816892062144110 0.00000000099999999998 
0.00000000099999999998 0.00000000099999999998 0.00000000099999999998 0.00000000099999999998 0.00739023090223565621 0.99260976309776438598 0.00000000099999999998 0.00000000099999999998 
0.00021534626548754882 0.00000000100000000000 0.00000127853229148098 0.53987204779394093457 0.06959965126382493261 0.33474776677567652516 0.05556390326371776073 0.00000000510506087886 
0.03107493008168020834 0.00000000100000000000 0.05652696238884796776 0.23167861451039747922 0.00009667524339477096 0.62458453394400548220 0.02330842231247147803 0.03272986051920271505 
0.07996081917914805992 0.00000000100000000000 0.00021193791029417957 0.35261952800455587109 0.11955543508635964323 0.40511702051786202539 0.04253525730178011471 0.00000000100000000000 
0.00000000117050856711 0.00000000100000000000 0.00000006394370348726 0.53253646751112915236 0.08267480271664474911 0.38478851927816776213 0.00000014337984629305 0.00000000100000000000 
0.00000000099999999998 0.00000000099999999998 0.00000000099999999998 0.99999999299999997593 0.00000000099999999998 0.00000000099999999998 0.00000000099999999998 0.00000000099999999998 
0.09050462724016020144 0.00000000100000000000 0.01946135600795526055 0.25734270772068817967 0.05418859074465197379 0.53182886961466524500 0.04667384667187918917 0.00000000100000000000 
0.00460283606178798002 0.00000000100000000000 0.00825092792207087963 0.54198749016959191227 0.05995887924756258119 0.37730053342079000744 0.00789933117819662488 0.00000000100000000000 
0.10347743551311880394 0.00000851163511159152 0.00003605038816064866 0.36641366878303560650 0.02291097136104099791 0.43756747567477094485 0.04826571773254106912 0.02132016891222038649 
0.03425206593465012633 0.04739342921401857450 0.00448790174532158123 0.57788317728627980330 0.00000000100000000000 0.32078974889916722635 0.01301283177329394698 0.00218084414726878260 
0.00000000099999999998 0.00000000099999999998 0.00000000099999999998 0.99999999299999997593 0.00000000099999999998 0.00000000099999999998 0.00000000099999999998 0.00000000099999999998 
0.03181040683382962975 0.00016384066844204656 0.01637784259090902320 0.36888076304187217280 0.08051890228318642206 0.44302385915614750367 0.05922438442561316074 0.00000000100000000000 
0.00000000100000000000 0.08356222845529273635 0.00084463981878252464 0.71510975024307665837 0.00000000221971821558 0.19905992347900103301 0.00000025520426678296 0.00142319957986200953 
0.01022498373727234039 0.04178444257404468481 0.03807338954650661689 0.26843657989917640849 0.00000000373324322695 0.63840648778790942686 0.00299420301564664671 0.00007990970620065641 
0.00000000124168465992 0.10900443488272718029 0.05843425430407741400 0.30440949920144455554 0.00000000100000000000 0.51331668505974026306 0.01482270085145197779 0.00001242345887393584 
0.70280813876563508202 0.00062483594666421210 0.02645700471331686315 0.00000000100000000000 0.00000000100000000000 0.22357650427404412996 0.04653351330033971001 0.00000000100000000000 
0.99999999300000008695 0.00000000099999999999 0.00000000099999999999 0.00000000099999999999 0.00000000099999999999 0.00000000099999999999 0.00000000099999999999 0.00000000099999999999 
0.68239433741577260051 0.04889680921071238445 0.01703931673747767495 0.00000000100000000000 0.00000000100000000000 0.14549002583159620361 0.10617950780444106174 0.00000000100000000000 
0.99999999300000019797 0.00000000099999999997 0.00000000099999999997 0.00000000099999999997 0.00000000099999999997 0.00000000099999999997 0.00000000099999999997 0.00000000099999999997 
0.69507741293773606106 0.00324012652267281201 0.06719086899422836712 0.00526040852665260635 0.00898716794964055099 0.13979933231848745701 0.05666385926212652580 0.02378082348845559496 
0.99999999300000019797 0.00000000099999999998 0.00000000099999999998 0.00000000099999999998 0.00000000099999999998 0.00000000099999999998 0.00000000099999999998 0.00000000099999999998 
0.99999999300000008695 0.00000000099999999999 0.00000000099999999999 0.00000000099999999999 0.00000000099999999999 0.00000000099999999999 0.00000000099999999999 0.00000000099999999999 
0.99999999300000008695 0.00000000099999999998 0.00000000099999999998 0.00000000099999999998 0.00000000099999999998 0.00000000099999999998 0.00000000099999999998 0.00000000099999999998 
0.99999999300000019797 0.00000000099999999999 0.00000000099999999999 0.00000000099999999999 0.00000000099999999999 0.00000000099999999999 0.00000000099999999999 0.00000000099999999999 
0.99999999300000008695 0.00000000099999999998 0.00000000099999999998 0.00000000099999999998 0.00000000099999999998 0.00000000099999999998 0.00000000099999999998 0.00000000099999999998 
0.99999999300000008695 0.00000000099999999999 0.00000000099999999999 0.00000000099999999999 0.00000000099999999999 0.00000000099999999999 0.00000000099999999999 0.00000000099999999999 
0.99999618399036682703 0.00000000099999999999 0.00000381000963325484 0.00000000099999999999 0.00000000099999999999 0.00000000099999999999 0.00000000099999999999 0.00000000099999999999 
0.99999999300000019797 0.00000000099999999998 0.00000000099999999998 0.00000000099999999998 0.00000000099999999998 0.00000000099999999998 0.00000000099999999998 0.00000000099999999998 
0.99999999300000008695 0.00000000099999999998 0.00000000099999999998 0.00000000099999999998 0.00000000099999999998 0.00000000099999999998 0.00000000099999999998 0.00000000099999999998 
0.99999999300000008695 0.00000000099999999998 0.00000000099999999998 0.00000000099999999998 0.00000000099999999998 0.00000000099999999998 0.00000000099999999998 0.00000000099999999998 
0.99999999300000019797 0.00000000099999999998 0.00000000099999999998 0.00000000099999999998 0.00000000099999999998 0.00000000099999999998 0.00000000099999999998 0.00000000099999999998 
0.74198206628368712501 0.00000000100000000000 0.03011027435563692206 0.00000000100000000000 0.05917730347692139875 0.08517733393732131175 0.08355301894643324401 0.00000000100000000000 
0.99999999300000019797 0.00000000099999999998 0.00000000099999999998 0.00000000099999999998 0.00000000099999999998 0.00000000099999999998 0.00000000099999999998 0.00000000099999999998 
0.99767830086724096361 0.00000000099999999998 0.00232169313275903781 0.00000000099999999998 0.00000000099999999998 0.00000000099999999998 0.00000000099999999998 0.00000000099999999998 
0.40981652961853820560 0.01500998835069633150 0.00851846899263546987 0.22634322916522142677 0.13353965603212558655 0.07544068062965694765 0.11087164225493788272 0.02045980495618817882 
0.99999999300000008695 0.00000000099999999999 0.00000000099999999999 0.00000000099999999999 0.00000000099999999999 0.00000000099999999999 0.00000000099999999999 0.00000000099999999999 
0.99999999300000019797 0.00000000099999999997 0.00000000099999999997 0.00000000099999999997 0.00000000099999999997 0.00000000099999999997 0.00000000099999999997 0.00000000099999999997 
0.99999999300000019797 0.00000000099999999999 0.00000000099999999999 0.00000000099999999999 0.00000000099999999999 0.00000000099999999999 0.00000000099999999999 0.00000000099999999999 
0.97288056563005154143 0.00000000099999999999 0.00000000099999999999 0.00000000099999999999 0.00000000099999999999 0.00000000099999999999 0.00000000099999999999 0.02711942836994852071 
0.99999999300000019797 0.00000000099999999998 0.00000000099999999998 0.00000000099999999998 0.00000000099999999998 0.00000000099999999998 0.00000000099999999998 0.00000000099999999998 
0.99999999300000019797 0.00000000099999999999 0.00000000099999999999 0.00000000099999999999 0.00000000099999999999 0.00000000099999999999 0.00000000099999999999 0.00000000099999999999 
0.99999999300000008695 0.00000000099999999998 0.00000000099999999998 0.00000000099999999998 0.00000000099999999998 0.00000000099999999998 0.00000000099999999998 0.00000000099999999998 
0.84702296759012252192 0.00000000100000000000 0.05005469827701466284 0.00000000100000000000 0.10292232913286296359 0.00000000100000000000 0.00000000100000000000 0.00000000100000000000 
0.99999999300000019797 0.00000000099999999997 0.00000000099999999997 0.00000000099999999997 0.00000000099999999997 0.00000000099999999997 0.00000000099999999997 0.00000000099999999997 
0.67667123003317974916 0.00000000100000000000 0.04289455851045290147 0.08432182661887953345 0.03035090127366860818 0.09861409436908601112 0.06714738719473323236 0.00000000100000000000 
0.99999999300000008695 0.00000000099999999999 0.00000000099999999999 0.00000000099999999999 0.00000000099999999999 0.00000000099999999999 0.00000000099999999999 0.00000000099999999999 
0.12018111921492746763 0.00000000099999999996 0.87981887478507248002 0.00000000099999999996 0.00000000099999999996 0.00000000099999999996 0.00000000099999999996 0.00000000099999999996 
0.00000000099999999995 0.00000000099999999995 0.99999999299999997593 0.00000000099999999995 0.00000000099999999995 0.00000000099999999995 0.00000000099999999995 0.00000000099999999995 
0.00000000099999999994 0.00000000099999999994 0.99999999299999997593 0.00000000099999999994 0.00000000099999999994 0.00000000099999999994 0.00000000099999999994 0.00000000099999999994 
0.00000000099999999995 0.00000000099999999995 0.99999999300000008695 0.00000000099999999995 0.00000000099999999995 0.00000000099999999995 0.00000000099999999995 0.00000000099999999995 
0.00000000099999999994 0.00000000099999999994 0.99999999300000008695 0.00000000099999999994 0.00000000099999999994 0.00000000099999999994 0.00000000099999999994 0.00000000099999999994 
0.00000000099999999993 0.00000000099999999993 0.99999999300000008695 0.00000000099999999993 0.00000000099999999993 0.00000000099999999993 0.00000000099999999993 0.00000000099999999993 
0.00000000099999999994 0.00000000099999999994 0.99999999299999997593 0.00000000099999999994 0.00000000099999999994 0.00000000099999999994 0.00000000099999999994 0.00000000099999999994 
0.00000000099999999995 0.00000000099999999995 0.99999999299999997593 0.00000000099999999995 0.00000000099999999995 0.00000000099999999995 0.00000000099999999995 0.00000000099999999995 
0.00000000099999999993 0.00000000099999999993 0.99999999300000008695 0.00000000099999999993 0.00000000099999999993 0.00000000099999999993 0.00000000099999999993 0.00000000099999999993 
0.00000000099999999993 0.00000000099999999993 0.99999999299999997593 0.00000000099999999993 0.00000000099999999993 0.00000000099999999993 0.00000000099999999993 0.00000000099999999993 
0.00000000099999999994 0.00000000099999999994 0.99999999299999997593 0.00000000099999999994 0.00000000099999999994 0.00000000099999999994 0.00000000099999999994 0.00000000099999999994 
0.00000000099999999995 0.00000000099999999995 0.99999999299999997593 0.00000000099999999995 0.00000000099999999995 0.00000000099999999995 0.00000000099999999995 0.00000000099999999995 
0.00000000099999999999 0.00000000099999999999 0.37867493061211920935 0.00000000099999999999 0.00000000099999999999 0.00000000099999999999 0.62132506338788062727 0.00000000099999999999 
0.00000000099999999993 0.00000000099999999993 0.99999999300000008695 0.00000000099999999993 0.00000000099999999993 0.00000000099999999993 0.00000000099999999993 0.00000000099999999993 
0.00000000099999999994 0.00000000099999999994 0.99999999299999997593 0.00000000099999999994 0.00000000099999999994 0.00000000099999999994 0.00000000099999999994 0.00000000099999999994 
0.00000000099999999994 0.00000000099999999994 0.99999999299999997593 0.00000000099999999994 0.00000000099999999994 0.00000000099999999994 0.00000000099999999994 0.00000000099999999994 
0.00000000099999999996 0.00000000099999999996 0.99999999300000008695 0.00000000099999999996 0.00000000099999999996 0.00000000099999999996 0.00000000099999999996 0.00000000099999999996 
0.00000000099999999994 0.00000000099999999994 0.99999999299999997593 0.00000000099999999994 0.00000000099999999994 0.00000000099999999994 0.00000000099999999994 0.00000000099999999994 
0.00000000099999999993 0.00000000099999999993 0.99999999299999997593 0.00000000099999999993 0.00000000099999999993 0.00000000099999999993 0.00000000099999999993 0.00000000099999999993 
0.00000000099999999994 0.00000000099999999994 0.99999999299999997593 0.00000000099999999994 0.00000000099999999994 0.00000000099999999994 0.00000000099999999994 0.00000000099999999994 
0.00000000099999999999 0.00000000099999999999 0.54733234876743430686 0.00000000099999999999 0.00000000099999999999 0.00000000099999999999 0.45266764523256569630 0.00000000099999999999 
0.00000000099999999994 0.00000000099999999994 0.99999999299999997593 0.00000000099999999994 0.00000000099999999994 0.00000000099999999994 0.00000000099999999994 0.00000000099999999994 
0.00000000099999999999 0.00000000099999999999 0.59619417728942425416 0.00000000099999999999 0.00000000099999999999 0.00000000099999999999 0.40380581671057574900 0.00000000099999999999 
0.00000000099999999994 0.00000000099999999994 0.99999999300000008695 0.00000000099999999994 0.00000000099999999994 0.00000000099999999994 0.00000000099999999994 0.00000000099999999994 
0.00000000099999999995 0.00000000099999999995 0.99999999300000008695 0.00000000099999999995 0.00000000099999999995 0.00000000099999999995 0.00000000099999999995 0.00000000099999999995 
0.00000000099999999993 0.00000000099999999993 0.99999999299999997593 0.00000000099999999993 0.00000000099999999993 0.00000000099999999993 0.00000000099999999993 0.00000000099999999993 
0.00397909853313328527 0.18253397557525544159 0.00000000100000000000 0.00000000100000000000 0.05175537060302201620 0.05943559137167409717 0.00000000100000000000 0.70229596091691526283 
0.00000000099999999999 0.60370854788075223318 0.00000000099999999999 0.00000000099999999999 0.39629144611924788100 0.00000000099999999999 0.00000000099999999999 0.00000000099999999999 
0.00000000099999999999 0.59244887366331822065 0.00000000099999999999 0.00000000099999999999 0.40305215793751292264 0.00000000099999999999 0.00000000099999999999 0.00449896339916885241 
0.00000000100000000000 0.00075889067998123963 0.00000000100000000000 0.00159621928117807893 0.19639487536123328981 0.00000001451668577572 0.00000017305945797835 0.80124982510146358639 
0.00000000099999999996 0.00000000099999999996 0.00000000099999999996 0.00000000099999999996 0.99999999300000008695 0.00000000099999999996 0.00000000099999999996 0.00000000099999999996 
0.00000000099999999997 0.99999999300000008695 0.00000000099999999997 0.00000000099999999997 0.00000000099999999997 0.00000000099999999997 0.00000000099999999997 0.00000000099999999997 
0.00000000099999999995 0.00000000099999999995 0.00000000099999999995 0.00000000099999999995 0.99999999299999997593 0.00000000099999999995 0.00000000099999999995 0.00000000099999999995 
0.00000000099999999999 0.43519015628624763137 0.00000000099999999999 0.04642871330875775887 0.47083992235997068621 0.00000000099999999999 0.00000000099999999999 0.04754120404502375219 
0.00000000099999999999 0.59598617230754358243 0.00000000099999999999 0.00000000099999999999 0.40401382169245647624 0.00000000099999999999 0.00000000099999999999 0.00000000099999999999 
0.00000000099999999999 0.60073558022036654958 0.00000000099999999999 0.00000000099999999999 0.39926441377963356461 0.00000000099999999999 0.00000000099999999999 0.00000000099999999999 
0.00000000099999999999 0.64673910156626179813 0.00000000099999999999 0.00000000099999999999 0.30796962021482099381 0.00526034381935491704 0.00000000099999999999 0.04003093039956238941 
0.00000000099999999999 0.57565464143207423220 0.00000000099999999999 0.00000000099999999999 0.42434535256792593749 0.00000000099999999999 0.00000000099999999999 0.00000000099999999999 
0.01232282122964844205 0.25957106351418501866 0.00000000100000000000 0.05979150497826307697 0.16951253138978997215 0.02996658539692396289 0.00000000100000000000 0.46883549149118952659 
0.04899783010498496433 0.42110782800061402620 0.00000000100000000000 0.33985927808976601483 0.15498817251002991457 0.00001084281407383278 0.00001289064221776634 0.03502315683831370291 
0.00000000099999999999 0.62427260349481894508 0.00000000099999999999 0.00000000099999999999 0.35661241965404294474 0.00000000099999999999 0.00000000099999999999 0.01911497185113829322 
0.00000000099999999995 0.00000000099999999995 0.00000000099999999995 0.00000000099999999995 0.99999999300000008695 0.00000000099999999995 0.00000000099999999995 0.00000000099999999995 
0.00000000100000000000 0.64039433898723641114 0.00378604594520397849 0.00000000100000000000 0.34819428597368368150 0.00000686729069736300 0.00000000100000000000 0.00761845880317839255 
0.02595777800740176749 0.67227462070753185586 0.00000000100000000000 0.02992911937769546227 0.23676580806811195479 0.00000000100000000000 0.00000000100000000000 0.03507267083925919710 
0.00000000099999999995 0.00000000099999999995 0.00000000099999999995 0.00000000099999999995 0.00000000099999999995 0.00000000099999999995 0.00000000099999999995 0.99999999299999997593 
0.00000000099999999996 0.99999999300000008695 0.00000000099999999996 0.00000000099999999996 0.00000000099999999996 0.00000000099999999996 0.00000000099999999996 0.00000000099999999996 
0.00000000100000000000 0.19667867868182986602 0.01327611427048347101 0.00000000100000000000 0.00000000100000000000 0.05344054275427506662 0.00082803541919411895 0.73577662587421743812 
0.00000217276828808280 0.24625355453279582085 0.01636321941862304424 0.05522390765733012352 0.00000000100000000000 0.00000091881439609540 0.00000000100000000000 0.68215622480856674681 
0.00000000099999999999 0.69892975086234099269 0.00000000099999999999 0.00000000099999999999 0.30106956375277243998 0.00000000099999999999 0.00000000099999999999 0.00000068038488671749 
0.00000000099999999996 0.99999999300000008695 0.00000000099999999996 0.00000000099999999996 0.00000000099999999996 0.00000000099999999996 0.00000000099999999996 0.00000000099999999996 
0.02825762525037677983 0.19790906973958716231 0.00094625188673977823 0.03033211663744665720 0.02934247189440785872 0.00694751795942156677 0.00000002579714479208 0.70626492083487535378 
0.00000000099999999996 0.99999999300000008695 0.00000000099999999996 0.00000000099999999996 0.00000000099999999996 0.00000000099999999996 0.00000000099999999996 0.00000000099999999996 
0.00000000099999999996 0.99999999300000019797 0.00000000099999999996 0.00000000099999999996 0.00000000099999999996 0.00000000099999999996 0.00000000099999999996 0.00000000099999999996 
0.00000000099999999999 0.17883098166280650410 0.00000000099999999999 0.05153387856985825605 0.00000000099999999999 0.00000000099999999999 0.00000000099999999999 0.76963513476733524943 
0.00000000099999999995 0.99999999300000019797 0.00000000099999999995 0.00000000099999999995 0.00000000099999999995 0.00000000099999999995 0.00000000099999999995 0.00000000099999999995 
0.00000000099999999995 0.99999999300000008695 0.00000000099999999995 0.00000000099999999995 0.00000000099999999995 0.00000000099999999995 0.00000000099999999995 0.00000000099999999995 
0.00103250409742570146 0.21680012431871795164 0.00000000100000000000 0.00599934963818538752 0.00000000100000000000 0.00000043458851772867 0.04254573780212170253 0.73362184755503156985 
0.00000000099999999999 0.59016466470450779092 0.00000000099999999999 0.00237587310593900120 0.40701105508510682096 0.00000000099999999999 0.00000000099999999999 0.00044840310444656635 
0.00000000099999999999 0.26306196032599382661 0.00000000099999999999 0.00000000110570336365 0.00000000099999999999 0.00000000099999999999 0.00000000099999999999 0.73693803356830278606 
0.00000000099999999999 0.20432390970410918563 0.00000000099999999999 0.00000000099999999999 0.00000000099999999999 0.03193225374293275076 0.00000000099999999999 0.76374383155295810788 
0.00000000099999999999 0.24480257479230688178 0.00000000099999999999 0.00028267220823944607 0.00000000099999999999 0.00607133638091272246 0.00000000099999999999 0.74884341261854092675 
0.00000000100000000000 0.12102214414255714481 0.00000000100000000000 0.07297856536539180927 0.00000039802370461659 0.00000000100000000000 0.00000000100000000000 0.80599888846834633060 
0.00000000099999999996 0.99999999300000019797 0.00000000099999999996 0.00000000099999999996 0.00000000099999999996 0.00000000099999999996 0.00000000099999999996 0.00000000099999999996 
0.00000000099999999999 0.64131653575120983746 0.00000000099999999999 0.00000000099999999999 0.35802099271038168027 0.00066246653840854128 0.00000000099999999999 0.00000000099999999999 
0.00000000099999999999 0.50269366812346705231 0.00000000099999999999 0.00000000099999999999 0.41892898826875651919 0.01612379723783783844 0.00000000099999999999 0.06225354236993878299 
0.00000000100000000000 0.55071282003741395261 0.00575593857448227202 0.06588883354312047302 0.31826904028196167928 0.00604722482084337019 0.00000000100000000000 0.05332614074217817413 
0.00000000099999999999 0.62662538073975670994 0.00000000099999999999 0.00000089317956161449 0.29492701526879444573 0.00000000099999999999 0.00000000099999999999 0.07844670681188729844 
0.00823730880025362079 0.07910213503912741362 0.00000000100000000000 0.00000000100000000000 0.20777738521950500639 0.04357433301591336766 0.04043010266754916426 0.62087873325765130517 
0.00000000099999999997 0.99999999300000008695 0.00000000099999999997 0.00000000099999999997 0.00000000099999999997 0.00000000099999999997 0.00000000099999999997 0.00000000099999999997 
0.00000000099999999999 0.60845306719618685865 0.00000000099999999999 0.00000000099999999999 0.33875670804809931980 0.00000000099999999999 0.00000000099999999999 0.05279021975571404623 
0.00000000099999999995 0.99999999300000008695 0.00000000099999999995 0.00000000099999999995 0.00000000099999999995 0.00000000099999999995 0.00000000099999999995 0.00000000099999999995 
0.02579660952516866015 0.37776503187480409141 0.00000000099999999999 0.03378903540566904895 0.19618674982764375270 0.00000000099999999999 0.00000000099999999999 0.36646257036671442409 
0.00000000103120929458 0.25384838387388303227 0.00502774333651249353 0.01083259560173438323 0.20433225902085525028 0.00000030643208652332 0.02089633482810435497 0.50506237587561475522 
0.00000000099999999999 0.57618471638260126966 0.00000000099999999999 0.00000000354070360667 0.38565829372782844953 0.00000092711328710007 0.00000000099999999999 0.03815605623557955656 
0.00000000099999999997 0.99999999300000008695 0.00000000099999999997 0.00000000099999999997 0.00000000099999999997 0.00000000099999999997 0.00000000099999999997 0.00000000099999999997 
0.00000000099999999999 0.17259314755321325530 0.00000000099999999999 0.00000000099999999999 0.22355761290010789377 0.00000000099999999999 0.00000000099999999999 0.60384923454667893683 
0.00428984916686249093 0.00000000100000000000 0.00334679831247552658 0.00000011013241476315 0.26834172214520879418 0.03310465333931726650 0.01592115434347833244 0.67499571156024273932 
0.00953156458949704598 0.14865258224334668147 0.00000256770017111548 0.06882590636213725688 0.19839995464382856327 0.00000107357538952134 0.00006765016179821884 0.57451870072383159904 
0.00000000099999999999 0.65665826260165938155 0.00000000099999999999 0.00000000099999999999 0.34334079580256193776 0.00000000099999999999 0.00000000099999999999 0.00000093659577878336 
0.00000000099999999994 0.00000000099999999994 0.00000000099999999994 0.00000000099999999994 0.99999999300000008695 0.00000000099999999994 0.00000000099999999994 0.00000000099999999994 
0.00000000099999999999 0.34834578581574321410 0.00000000099999999999 0.08018798607196833683 0.49954928236133960828 0.00000000099999999999 0.00000000099999999999 0.07191694175094898167 
0.00000000100000000000 0.00000000147505014934 0.00000000100000000000 0.00000000103800121393 0.27393072928573564129 0.00094693038812635637 0.00000000100000000000 0.72512233481308663308 
0.00000000100000000000 0.09777776472162021115 0.02138573177337835252 0.00031554274979040645 0.18577379672015562062 0.00000000203920798300 0.00000000100000000000 0.69474715999584746307 
0.00000000100000000000 0.52373429721231989920 0.00000000100000000000 0.00000000100000000000 0.47029580697569917103 0.00000000100000000000 0.00000000100000000000 0.00596989081198105991 
0.00000000099999999996 0.00000000099999999996 0.00000000099999999996 0.00000000099999999996 0.99999999299999997593 0.00000000099999999996 0.00000000099999999996 0.00000000099999999996 
0.00000000099999999999 0.57912029703915846035 0.00000000099999999999 0.00000000099999999999 0.42087969696084165383 0.00000000099999999999 0.00000000099999999999 0.00000000099999999999 
0.00000000099999999999 0.64055817797860870044 0.00000000099999999999 0.00000000099999999999 0.35944181602139130272 0.00000000099999999999 0.00000000099999999999 0.00000000099999999999 
0.00000000099999999995 0.99999999300000008695 0.00000000099999999995 0.00000000099999999995 0.00000000099999999995 0.00000000099999999995 0.00000000099999999995 0.00000000099999999995 
0.00000000099999999997 0.99999999300000008695 0.00000000099999999997 0.00000000099999999997 0.00000000099999999997 0.00000000099999999997 0.00000000099999999997 0.00000000099999999997 
