0.44059780036374007750 0.44585364826209666900 0.03550972278586162628 0.00485490064944401993 0.00000003219738530927 0.00078905256705312282 0.03762619738969197325 0.03476864578472717987 
0.00000000099999999988 0.99999999300000008695 0.00000000099999999988 0.00000000099999999988 0.00000000099999999988 0.00000000099999999988 0.00000000099999999988 0.00000000099999999988 
0.99999999300000019797 0.00000000099999999998 0.00000000099999999998 0.00000000099999999998 0.00000000099999999998 0.00000000099999999998 0.00000000099999999998 0.00000000099999999998 
0.99999999300000019797 0.00000000099999999998 0.00000000099999999998 0.00000000099999999998 0.00000000099999999998 0.00000000099999999998 0.00000000099999999998 0.00000000099999999998 
0.34966304995736552375 0.57538318812927813362 0.01965351233587368449 0.04851359637832716731 0.00000000100000000000 0.00000029731441908112 0.00677548043742666993 0.00001087444730980568 
0.73611072824407253190 0.23125740196438865359 0.00069035556748297785 0.00000000100000000000 0.02814214004568165242 0.00000000100000000000 0.00000000100000000000 0.00379937117837420317 
0.37960020608641198425 0.43835821788581458280 0.00684718377732999005 0.00000000100000000000 0.00000000100000000000 0.03793325138316644418 0.00000000100000000000 0.13726113786727711652 
0.57947933203663892776 0.38710376315022021476 0.01782314627702839133 0.00000000100000000000 0.01322620795968591431 0.00013361271307277874 0.00223393586335387303 0.00000000100000000000 
0.42431781523674422241 0.47353788107218963699 0.05220288725520957213 0.00000000100000000000 0.00785431973991562553 0.04208702016639449817 0.00000007452954657184 0.00000000100000000000 
0.44128350344824890383 0.46773585746413798292 0.05724618878566432867 0.02468745151973832097 0.00000000100000000000 0.00000000100000000000 0.00660810317799059247 0.00243889360421980757 
0.33344060442503659081 0.49513355818517196250 0.02375546937549167029 0.03055736688471199017 0.00124018549220887109 0.08495723428669646471 0.03091558035068250887 0.00000000100000000000 
0.48793082813881716309 0.44788967029530807329 0.00742538483220979775 0.00000000100000000000 0.00000000100000000000 0.03192279309642085533 0.02483132063724422314 0.00000000100000000000 
0.49933173072162073680 0.43699878673207959157 0.00000000100000000000 0.00000000100000000000 0.04172731723157269146 0.01499203992893075738 0.00695012238579628770 0.00000000100000000000 
0.99999999300000019797 0.00000000099999999998 0.00000000099999999998 0.00000000099999999998 0.00000000099999999998 0.00000000099999999998 0.00000000099999999998 0.00000000099999999998 
0.62616948399337357678 0.28891392679942534683 0.00264645990979540079 0.00088527016961239343 0.00014287924366399577 0.00000468877505950475 0.05103507800302268388 0.03020221310604718351 
0.36802310791274323032 0.49725356538581078070 0.00000000100000000000 0.00000000100000000000 0.05971337966853685481 0.07500983019562999787 0.00000000100000000000 0.00000011383727918347 
0.42975471889665017855 0.50883675883144696694 0.05056283654718712189 0.00000000352962092105 0.00720978505661078704 0.00363272855008217209 0.00000316758840185812 0.00000000100000000000 
0.00000000099999999997 0.99999999300000008695 0.00000000099999999997 0.00000000099999999997 0.00000000099999999997 0.00000000099999999997 0.00000000099999999997 0.00000000099999999997 
0.41866063540124581754 0.46220235829454436871 0.00000000100000000000 0.01283737445293411071 0.00000000100000000000 0.02021875997530333050 0.08608086887597239667 0.00000000100000000000 
0.35843917750864301430 0.48393754968155994201 0.00645268403549329773 0.00000000100000000000 0.00192526970822473479 0.10842067603335711623 0.04082464103272182010 0.00000000100000000000 
0.46593167369717697346 0.44284139240918551916 0.00000000100000000000 0.04205869448010687156 0.00000000100000000000 0.00000000100000000000 0.04916778078848595135 0.00000045562504471107 
0.34832915405342446125 0.59573094802621429089 0.00000374347519748980 0.01481823200693033714 0.00000000100000000000 0.00004532535283541109 0.04107259508539808091 0.00000000100000000000 
0.45489690723252024229 0.44526650940784079369 0.01113519451386274679 0.00000000100000000000 0.01684739427809555171 0.04159496653026077684 0.03025901910000057884 0.00000000793741920217 
0.00000000099999999994 0.99999999300000008695 0.00000000099999999994 0.00000000099999999994 0.00000000099999999994 0.00000000099999999994 0.00000000099999999994 0.00000000099999999994 
0.46203922461440832814 0.41359560494288366561 0.00000000100000000000 0.01916086270244338544 0.00000003857547802736 0.07605258964052383219 0.00901913898863862876 0.02013253953562414364 
0.49096048663407598767 0.41815234973665016405 0.03233357517559085070 0.00000000100000000000 0.00000000100000000000 0.05855325263852100004 0.00000032854933995106 0.00000000526582207637 
0.36430007960654675614 0.50134441407444862993 0.00000000100000000000 0.00633745980588045540 0.00000000100000000000 0.06118819772296373027 0.01337609612631286346 0.05345375066384747131 
0.39340975854642989962 0.50538587146019631202 0.03941320181808408152 0.00000021484925666178 0.03547270743084879330 0.00000005682170521284 0.02631818807347910405 0.00000000100000000000 
0.44151055238337616471 0.46210988506938127651 0.00000000100000000000 0.00000312683606961787 0.03225999922413123194 0.00014868620646450178 0.06396774828057723294 0.00000000100000000000 
0.39492761616460930751 0.56472808203611546407 0.00178876768593033784 0.00000000100000000000 0.00475961440161142349 0.00001115528943556300 0.03378476242229779686 0.00000000100000000000 
0.49754597847460635407 0.39546574428139957824 0.00794802069205855811 0.00000000100000000000 0.05723488432084621047 0.01340058450436321970 0.02840478572672611515 0.00000000100000000000 
0.55526860179261705586 0.30080901805588533549 0.00000000099999999999 0.02211132092660637871 0.00000000099999999999 0.12166258211488689689 0.00000000099999999999 0.00014847411000431333 
0.33971986252370822701 0.46716044598433859036 0.01152616809867788514 0.00008758425310774075 0.07114310567105618099 0.09630505416832875476 0.01405777830078259669 0.00000000100000000000 
0.00000000099999999996 0.99999999300000008695 0.00000000099999999996 0.00000000099999999996 0.00000000099999999996 0.00000000099999999996 0.00000000099999999996 0.00000000099999999996 
0.68266318476388621050 0.25848017054945193749 0.03589668093895041073 0.00000000125285591913 0.00543668058390399649 0.00989320324752612258 0.00763007766342550971 0.00000000100000000000 
0.38291712916820291879 0.45562344612823424406 0.05083803210656693411 0.00000000100000000000 0.06641019120892341365 0.00000115241284999014 0.04420986778022800018 0.00000018019499458683 
0.00000000099999999988 0.99999999300000008695 0.00000000099999999988 0.00000000099999999988 0.00000000099999999988 0.00000000099999999988 0.00000000099999999988 0.00000000099999999988 
0.52249932892839268117 0.38733765861360164307 0.01876902685511780758 0.02661537406887940979 0.00501619918836425979 0.00000000100000000000 0.03976237850646175548 0.00000003283918241759 
0.54566630492065371083 0.43949065502799683491 0.01484171047763932147 0.00000000099999999999 0.00000000099999999999 0.00000132557371021738 0.00000000099999999999 0.00000000099999999999 
0.32524975635031388999 0.56973173047039882277 0.02447130545867511747 0.02161674901638954011 0.00000002010029107619 0.05893043660393148392 0.00000000100000000000 0.00000000100000000000 
0.39471316473020767734 0.55975966479694805322 0.00534227488839745038 0.00017482134673298453 0.00000000100000000000 0.00000292159437803898 0.04000715064333590365 0.00000000100000000000 
0.40300052991904433686 0.42057390126518784390 0.00000000100000000000 0.03356673957112406986 0.00000000100000000000 0.14271468588821684120 0.00000000100000000000 0.00014414035642711258 
0.58006331875724559399 0.35151101234320347722 0.04117245964445646195 0.00000000100000000000 0.00000000100000000000 0.00000000100000000000 0.02725320525509449324 0.00000000100000000000 
0.52328689324222188439 0.37555104022400215280 0.01870010590808463338 0.02566184982701410003 0.00000000100000000000 0.01005962071239922297 0.04452550218752340805 0.00221498689875461842 
0.45171682340921887056 0.47063247448429751385 0.01187852513719163915 0.00000000100000000000 0.00000000100000000000 0.03845141209965630830 0.00066259084579865335 0.02665817202383697487 
0.00000000099999999995 0.99999999300000008695 0.00000000099999999995 0.00000000099999999995 0.00000000099999999995 0.00000000099999999995 0.00000000099999999995 0.00000000099999999995 
0.46339639399577720047 0.39809720633163392378 0.00000000100000000000 0.00000000100000000000 0.00000000100000000000 0.06411190694034354931 0.04240528390056499952 0.03198920583168035625 
0.36574808333529662541 0.47382043384457034341 0.03902381479328273506 0.00002302510317106985 0.03758810921305512365 0.06598459864279210274 0.00003275306307777635 0.01777918200475418764 
0.41224068736953073389 0.40883775789350751406 0.00212195638283918606 0.00000000100000000000 0.00000000100000000000 0.02129576995033219747 0.05698230700015981948 0.09852151940363061688 
0.99999999300000019797 0.00000000099999999997 0.00000000099999999997 0.00000000099999999997 0.00000000099999999997 0.00000000099999999997 0.00000000099999999997 0.00000000099999999997 
0.37804116983114177675 0.47817055354100046483 0.00636400238412245054 0.00339513958773085111 0.05245930722621843650 0.07395025338775350343 0.00401738195373350666 0.00360219208829921271 
0.35513061328232187197 0.47862617866130918731 0.04074854612535240561 0.00000000100000000000 0.00000000100000000000 0.01952041923666454626 0.08268774864568725902 0.02328649204866487313 
0.54929072653626664913 0.37760944910186794443 0.04185402797569449246 0.01844698492570252465 0.00000000100000000000 0.00000000100000000000 0.01279880846046846203 0.00000000100000000000 
0.35091290097594435293 0.49993000592486780409 0.00539625283069927221 0.00000000100000000000 0.00168480388487713241 0.05957867620149834981 0.03155717122143628095 0.05094018796067685539 
0.71458125179263554116 0.19018506683851191252 0.00569414696675352681 0.00000324097581243803 0.04467652243792594180 0.00005009727613576630 0.00002351420001147051 0.04478615951221347202 
0.24207627745163515232 0.58192221121050824451 0.02771831633616796825 0.00379215558803939123 0.11594501349800824530 0.00000000100000000000 0.02854602391564114300 0.00000000100000000000 
0.00000000099999999996 0.77068055164560078651 0.00000000099999999996 0.00000000099999999996 0.00000000099999999996 0.00000000099999999996 0.22931944235439932767 0.00000000099999999996 
0.52771717493458447645 0.35696559647997028186 0.00000000100000000000 0.00000000100000000000 0.06787220137264902975 0.02750038265497107073 0.01984052906479914780 0.00010411349302605725 
0.46807367211471778701 0.42305709043674460945 0.00000000100000000000 0.01778739473172778057 0.00000004252015936500 0.07010918479955979832 0.02097261339709060105 0.00000000100000000000 
0.34537539879755974059 0.36624523893497695770 0.04101996351864213575 0.00000000100000000000 0.09873443290303562936 0.03606664593497453664 0.11255831791081101489 0.00000000100000000000 
0.28069132605895336097 0.50456198554664821732 0.00494587912090651942 0.00000000100000000000 0.04678938598461922227 0.09030080742306287322 0.02968524371840565793 0.04302537114740401930 
0.58906949387475249225 0.34606149235046151924 0.00000000100000000000 0.00000000100000000000 0.02782744464026526768 0.03704156513452081662 0.00000000100000000000 0.00000000100000000000 
0.41698041963380866326 0.42782300440588244550 0.04906549355611151964 0.00000000100000000000 0.00000000100000000000 0.03700723485022961584 0.00000000354749452114 0.06912384200647338217 
0.36547618318766972312 0.52009051517796589525 0.01492024559852697836 0.00000000100000000000 0.00000000100000000000 0.08429310671264463040 0.01521994632319280047 0.00000000100000000000 
0.55856250241843197202 0.29315319473696288544 0.00842609768982940932 0.00000000100000000000 0.03651919049845049614 0.04520427721014751155 0.01505754446322141692 0.04307719198295629354 
0.60843592281003444633 0.35214068373352891417 0.00619816513769862014 0.00000382355548647712 0.02158672897016059022 0.00000000100000000000 0.01163467379309098687 0.00000000100000000000 
0.99999999300000008695 0.00000000099999999999 0.00000000099999999999 0.00000000099999999999 0.00000000099999999999 0.00000000099999999999 0.00000000099999999999 0.00000000099999999999 
0.36216225621312997385 0.45117512447366242556 0.01987693391066634035 0.00000053911681301912 0.03644984642964111538 0.07004446944154010812 0.01571920889343272898 0.04457162152111429632 
0.37881286003197711665 0.49727882738296808052 0.00000213520653868031 0.00000000100000000000 0.00018436933378310482 0.02285433955958770733 0.04898002265893377366 0.05188744482621138882 
0.43564919993566952883 0.47226210647003069587 0.00469775589314523102 0.00000000100000000000 0.03440421799508201761 0.00000000100000000000 0.03827952934575871297 0.01470718836031373149 
0.37272243088542916789 0.33600552692432339441 0.00000000100000000000 0.00000000100000000000 0.05377718534698835290 0.22005838356385928889 0.00000000100000000000 0.01743647027939995015 
0.49917388743309792920 0.03696797157670573403 0.06417735817180418578 0.00000000100000000000 0.00000000100000000000 0.05240721202204319529 0.34727356779634904749 0.00000000100000000000 
0.99999999300000008695 0.00000000099999999998 0.00000000099999999998 0.00000000099999999998 0.00000000099999999998 0.00000000099999999998 0.00000000099999999998 0.00000000099999999998 
0.99999999300000008695 0.00000000099999999998 0.00000000099999999998 0.00000000099999999998 0.00000000099999999998 0.00000000099999999998 0.00000000099999999998 0.00000000099999999998 
0.42634355534992329773 0.44060273890329404445 0.02799438972078692467 0.03600833614589130788 0.00000000100000000000 0.00000386127592069309 0.06904711660418381969 0.00000000100000000000 
0.45412221905305011349 0.42696623688269003116 0.01337897131709576276 0.02252968545717397991 0.00017724495457426126 0.08282564033541592319 0.00000000100000000000 0.00000000100000000000 
0.00000000099999999998 0.99999999300000019797 0.00000000099999999998 0.00000000099999999998 0.00000000099999999998 0.00000000099999999998 0.00000000099999999998 0.00000000099999999998 
0.69128329629286011659 0.16284269027188061352 0.00000000100000000000 0.00000049213649007330 0.01793313908331923764 0.00000000100000000000 0.00000000100000000000 0.12794037921545009517 
0.55691208345507414723 0.44308734445052022632 0.00000000099999999999 0.00000056709440563604 0.00000000099999999999 0.00000000099999999999 0.00000000099999999999 0.00000000099999999999 
0.44543533038771077059 0.47051529317284745968 0.01407138506261170624 0.00018468548580636567 0.00443032477477084147 0.02277344605182789888 0.04258953406442497758 0.00000000100000000000 
0.00000000099999999998 0.67199116103906275654 0.00000000099999999998 0.00000000099999999998 0.00000000099999999998 0.03350502827058111921 0.29450380569035622402 0.00000000099999999998 
0.25508595257156257974 0.57090276012804686001 0.02665407461041892356 0.00000000100000000000 0.00000235226112882895 0.03096333811914701514 0.04077264909377458640 0.07561887221592117347 
0.56225885182743529089 0.31551444332873157528 0.00000000100000000000 0.00000001421617411536 0.00031407003770503680 0.01974674884317645374 0.04848367188320616000 0.05368219886357156884 
0.28852656915986057973 0.56380311928552262479 0.05910966780016500832 0.04782153375675367996 0.00000000100000000000 0.01431260090761382435 0.02642650709008428911 0.00000000100000000000 
0.40740417509627335768 0.37531528137113373544 0.00031796601732523081 0.00108037400047465769 0.00000000100000000000 0.08280884229409236907 0.04639639306291402227 0.08667696715778663852 
0.65972982070194374771 0.30180476510110187949 0.00005412879409075536 0.00000070184764175311 0.00000000275753603387 0.00000000100000000000 0.03821150356285618610 0.00019907623482957380 
0.99999999300000008695 0.00000000099999999998 0.00000000099999999998 0.00000000099999999998 0.00000000099999999998 0.00000000099999999998 0.00000000099999999998 0.00000000099999999998 
0.00000000099999999997 0.99999999300000008695 0.00000000099999999997 0.00000000099999999997 0.00000000099999999997 0.00000000099999999997 0.00000000099999999997 0.00000000099999999997 
0.61448158914970441025 0.32183958974718468449 0.00001032941694942389 0.00000519550046286947 0.00000506325413970645 0.05010013465817382550 0.00001591875946093737 0.01354217951392419975 
0.41738731367833648012 0.38460097357932260254 0.00000666235994381120 0.04358643940206809175 0.00000000100000000000 0.10395904406485087512 0.05045956491547819861 0.00000000100000000000 
0.66463943380622303447 0.24623442263068792690 0.00519048522774104813 0.01072642609486771682 0.00337627315276756374 0.05152808056600031300 0.01033830723084594276 0.00796657129086642511 
0.99999999300000019797 0.00000000099999999998 0.00000000099999999998 0.00000000099999999998 0.00000000099999999998 0.00000000099999999998 0.00000000099999999998 0.00000000099999999998 
0.45791391581506690756 0.35719410673534368605 0.01939396153340986959 0.00563093476865640912 0.00000000100000000000 0.03483786568142381579 0.06378948839025548601 0.06123972607584386718 
0.76117020413711289351 0.15305486453834457605 0.00042299247553956548 0.02361775338587206868 0.00000000100000000000 0.00000000100000000000 0.00678894314163661777 0.05494524032149431664 
0.38527126849608051007 0.53870858307133506759 0.05025605969152512759 0.00353355347849444810 0.01793776150750959683 0.00142751544094863879 0.00082292547082781691 0.00204233284327869210 
0.38213906868509989190 0.44541379846898582207 0.06085076020449318307 0.00000000100000000000 0.02643807079219979983 0.00000000100000000000 0.01578500681805890954 0.06937329303116246404 
0.00000000100000000000 0.21680658297601360096 0.02977630665306846280 0.00000000100000000000 0.00000000100000000000 0.70070993126013392249 0.05270717511078405748 0.00000000100000000000 
0.00000000099999999999 0.00000000099999999999 0.00000000099999999999 0.00000000099999999999 0.00000000099999999999 0.99999999300000008695 0.00000000099999999999 0.00000000099999999999 
0.00000000100000000000 0.17157300248821699684 0.01379779817527898231 0.00000000100000000000 0.01788353521228325249 0.69626169866473863745 0.10035633686570477607 0.00012762659377745983 
0.00000000099999999997 0.00000000099999999997 0.00000000099999999997 0.00000000099999999997 0.00000000099999999997 0.99999999300000008695 0.00000000099999999997 0.00000000099999999997 
0.04038944046746355959 0.09711393399581479124 0.06972029200945455141 0.00000000100000000000 0.04386602433976341531 0.67789364234725468794 0.07098000194703228682 0.00003666389321663365 
0.00000000099999999999 0.00000000099999999999 0.00000000099999999999 0.00000000099999999999 0.00000000099999999999 0.99999999299999997593 0.00000000099999999999 0.00000000099999999999 
0.00000000099999999999 0.00000000099999999999 0.00000000099999999999 0.00000000099999999999 0.00000000099999999999 0.99999999300000008695 0.00000000099999999999 0.00000000099999999999 
0.00000000099999999998 0.00000000099999999998 0.00000000099999999998 0.00000000099999999998 0.00000000099999999998 0.99999999300000008695 0.00000000099999999998 0.00000000099999999998 
0.00000000099999999999 0.00000000099999999999 0.00000000099999999999 0.00000000099999999999 0.00000000099999999999 0.99999999299999997593 0.00000000099999999999 0.00000000099999999999 
0.00000000099999999998 0.00000000099999999998 0.00000000099999999998 0.00000000099999999998 0.00000000099999999998 0.99999999299999997593 0.00000000099999999998 0.00000000099999999998 
0.00000000100000000000 0.12381815972572579598 0.03415860391629214898 0.00000000100000000000 0.00000012084204654503 0.77105280124281727616 0.07097031127311820287 0.00000000100000000000 
0.00000000099999999999 0.00000000099999999999 0.00051461203603183226 0.00000000099999999999 0.00000000099999999999 0.99948538196396807809 0.00000000099999999999 0.00000000099999999999 
0.00000000099999999998 0.00000000099999999998 0.00000000099999999998 0.00000000099999999998 0.00000000099999999998 0.99999999300000008695 0.00000000099999999998 0.00000000099999999998 
0.00000000099999999998 0.00000000099999999998 0.00000000099999999998 0.00000000099999999998 0.00000000099999999998 0.99999995476983227771 0.00000003923016773859 0.00000000099999999998 
0.00000000099999999998 0.00000000099999999998 0.00000000099999999998 0.00000000099999999998 0.00000000099999999998 0.99999999300000008695 0.00000000099999999998 0.00000000099999999998 
0.00000000099999999998 0.00000000099999999998 0.00000000099999999998 0.00000000099999999998 0.00000000099999999998 0.99999999300000008695 0.00000000099999999998 0.00000000099999999998 
0.00000000099999999999 0.00000000099999999999 0.00000000099999999999 0.00000000099999999999 0.00000000099999999999 0.99999999299999997593 0.00000000099999999999 0.00000000099999999999 
0.00000000099999999999 0.00000000099999999999 0.00000000099999999999 0.00000000099999999999 0.00000000099999999999 0.89689524203315806883 0.10310475196684204535 0.00000000099999999999 
0.00000000099999999998 0.00000000099999999998 0.01433752323242784565 0.00000000099999999998 0.00000000099999999998 0.98566247076757207424 0.00000000099999999998 0.00000000099999999998 
0.20452854598738448577 0.08707901978585966263 0.01202751968775015758 0.00000000100000000000 0.04793688117511087782 0.40651876577523787804 0.11169209186464074124 0.13021717472401628246 
0.00000000099999999999 0.00000000099999999999 0.00000000099999999999 0.00000000099999999999 0.00000000099999999999 0.99999999300000008695 0.00000000099999999999 0.00000000099999999999 
0.00000000099999999997 0.00000000099999999997 0.00000000099999999997 0.00000000099999999997 0.00000000099999999997 0.99999999300000008695 0.00000000099999999997 0.00000000099999999997 
0.00000000099999999999 0.00000000099999999999 0.00000000099999999999 0.00000000099999999999 0.00000000099999999999 0.99999999300000008695 0.00000000099999999999 0.00000000099999999999 
0.00000000099999999999 0.00000000099999999999 0.00000000099999999999 0.00271918819807452812 0.00214396782142426421 0.99513683898050131482 0.00000000099999999999 0.00000000099999999999 
0.00000000099999999998 0.00000000099999999998 0.00000000099999999998 0.00000000099999999998 0.00000000099999999998 0.99999999300000008695 0.00000000099999999998 0.00000000099999999998 
0.00000000100000000000 0.11105058535697240329 0.06242009308831240194 0.00000000100000000000 0.00000000100000000000 0.76479658289939711491 0.06173273465531797094 0.00000000100000000000 
0.00000000099999999999 0.00000000099999999999 0.00000000099999999999 0.00000000099999999999 0.00000000099999999999 0.99999999300000008695 0.00000000099999999999 0.00000000099999999999 
0.06342832791964954364 0.00000000100000000000 0.05936454832672998644 0.00000000100000000000 0.00000000100000000000 0.83724490759397163231 0.00000000100000000000 0.03996221215964878420 
0.00000000099999999997 0.00000000099999999997 0.00000000099999999997 0.00000000099999999997 0.00000000099999999997 0.99999999300000008695 0.00000000099999999997 0.00000000099999999997 
0.13324549932558896193 0.06557334346647052115 0.04124222233161116413 0.00000000100000000000 0.00038739344092746645 0.68828080394786395058 0.07066144196446345893 0.00060929452307438418 
0.00000000099999999999 0.00000000099999999999 0.00000000099999999999 0.00000000099999999999 0.00000000099999999999 0.99999999299999997593 0.00000000099999999999 0.00000000099999999999 
0.00000000099999999996 0.00000000099999999996 0.86091898646864850608 0.00000000099999999996 0.00000000099999999996 0.13908100753135160810 0.00000000099999999996 0.00000000099999999996 
0.00000000099999999995 0.00000000099999999995 0.99999999299999997593 0.00000000099999999995 0.00000000099999999995 0.00000000099999999995 0.00000000099999999995 0.00000000099999999995 
0.00000000099999999995 0.00000000099999999995 0.99999999300000008695 0.00000000099999999995 0.00000000099999999995 0.00000000099999999995 0.00000000099999999995 0.00000000099999999995 
0.00000000099999999995 0.00000000099999999995 0.99999999299999997593 0.00000000099999999995 0.00000000099999999995 0.00000000099999999995 0.00000000099999999995 0.00000000099999999995 
0.00000000099999999994 0.00000000099999999994 0.99999999300000008695 0.00000000099999999994 0.00000000099999999994 0.00000000099999999994 0.00000000099999999994 0.00000000099999999994 
0.00000000099999999993 0.00000000099999999993 0.99999999299999997593 0.00000000099999999993 0.00000000099999999993 0.00000000099999999993 0.00000000099999999993 0.00000000099999999993 
0.00000000099999999994 0.00000000099999999994 0.99999999300000008695 0.00000000099999999994 0.00000000099999999994 0.00000000099999999994 0.00000000099999999994 0.00000000099999999994 
0.00000000099999999995 0.00000000099999999995 0.99999999299999997593 0.00000000099999999995 0.00000000099999999995 0.00000000099999999995 0.00000000099999999995 0.00000000099999999995 
0.00000000099999999993 0.00000000099999999993 0.99999999300000008695 0.00000000099999999993 0.00000000099999999993 0.00000000099999999993 0.00000000099999999993 0.00000000099999999993 
0.00000000099999999993 0.00000000099999999993 0.99999999300000008695 0.00000000099999999993 0.00000000099999999993 0.00000000099999999993 0.00000000099999999993 0.00000000099999999993 
0.00000000099999999994 0.00000000099999999994 0.99999999299999997593 0.00000000099999999994 0.00000000099999999994 0.00000000099999999994 0.00000000099999999994 0.00000000099999999994 
0.00000000099999999995 0.00000000099999999995 0.99999999300000008695 0.00000000099999999995 0.00000000099999999995 0.00000000099999999995 0.00000000099999999995 0.00000000099999999995 
0.00000000099999999999 0.00000000099999999999 0.37831987809929479294 0.00000000099999999999 0.00000000099999999999 0.00000000099999999999 0.62168011590070515471 0.00000000099999999999 
0.00000000099999999993 0.00000000099999999993 0.99999999300000008695 0.00000000099999999993 0.00000000099999999993 0.00000000099999999993 0.00000000099999999993 0.00000000099999999993 
0.00000000099999999994 0.00000000099999999994 0.99999999299999997593 0.00000000099999999994 0.00000000099999999994 0.00000000099999999994 0.00000000099999999994 0.00000000099999999994 
0.00000000099999999994 0.00000000099999999994 0.99999999300000008695 0.00000000099999999994 0.00000000099999999994 0.00000000099999999994 0.00000000099999999994 0.00000000099999999994 
0.00000000099999999996 0.00000000099999999996 0.99999999300000008695 0.00000000099999999996 0.00000000099999999996 0.00000000099999999996 0.00000000099999999996 0.00000000099999999996 
0.00000000099999999994 0.00000000099999999994 0.99999999299999997593 0.00000000099999999994 0.00000000099999999994 0.00000000099999999994 0.00000000099999999994 0.00000000099999999994 
0.00000000099999999993 0.00000000099999999993 0.99999999299999997593 0.00000000099999999993 0.00000000099999999993 0.00000000099999999993 0.00000000099999999993 0.00000000099999999993 
0.00000000099999999994 0.00000000099999999994 0.99999999300000008695 0.00000000099999999994 0.00000000099999999994 0.00000000099999999994 0.00000000099999999994 0.00000000099999999994 
0.00000000099999999999 0.00000000099999999999 0.54680058361042593873 0.00000000099999999999 0.00000000099999999999 0.00000000099999999999 0.45319941038957389789 0.00000000099999999999 
0.00000000099999999994 0.00000000099999999994 0.99999999300000008695 0.00000000099999999994 0.00000000099999999994 0.00000000099999999994 0.00000000099999999994 0.00000000099999999994 
0.00000000099999999999 0.00000000099999999999 0.59531561445581404612 0.00000000099999999999 0.00000000099999999999 0.00000000099999999999 0.40468437954418595703 0.00000000099999999999 
0.00000000099999999994 0.00000000099999999994 0.99999999300000008695 0.00000000099999999994 0.00000000099999999994 0.00000000099999999994 0.00000000099999999994 0.00000000099999999994 
0.00000000099999999995 0.00000000099999999995 0.99999999299999997593 0.00000000099999999995 0.00000000099999999995 0.00000000099999999995 0.00000000099999999995 0.00000000099999999995 
0.00000000099999999992 0.00000000099999999992 0.99999999299999997593 0.00000000099999999992 0.00000000099999999992 0.00000000099999999992 0.00000000099999999992 0.00000000099999999992 
0.00000000100000000000 0.03825564177754084416 0.00000000100000000000 0.28418193135772928937 0.55407939899602109968 0.00305749462782929637 0.00000000100000000000 0.12042553024087952751 
0.00000000099999999999 0.00000000099999999999 0.00000000099999999999 0.00000000099999999999 0.00000000099999999999 0.00000000099999999999 0.00000000099999999999 0.99999999300000008695 
0.00000000099999999999 0.00000000099999999999 0.00000000099999999999 0.00000000404768693019 0.04749038306929078551 0.00000000099999999999 0.00000000099999999999 0.95250960788302230231 
0.00000000099999999997 0.00000000099999999997 0.00000000099999999997 0.99999999299999997593 0.00000000099999999997 0.00000000099999999997 0.00000000099999999997 0.00000000099999999997 
0.00000000099999999999 0.00829616678898946469 0.00000000099999999999 0.02004992439495259862 0.00000002485357990065 0.00000000099999999999 0.00000000099999999999 0.97165387996247798430 
0.00000000099999999999 0.00000114306643461323 0.00000000099999999999 0.01397018649520860925 0.00535263678446059200 0.00000000099999999999 0.00000000099999999999 0.98067602965389610858 
0.00000000099999999999 0.00000000099999999999 0.00000000099999999999 0.00000000099999999999 0.00040697542841258640 0.00000000099999999999 0.00000000099999999999 0.99959301857158744387 
0.07463426224717757684 0.00000000099999999999 0.00000000099999999999 0.06619623508710939519 0.00000000099999999999 0.00000000099999999999 0.00000000099999999999 0.85916949766571293345 
0.00000000099999999999 0.00000000099999999999 0.00000000099999999999 0.00000000099999999999 0.00000000099999999999 0.00000000099999999999 0.00000000099999999999 0.99999999299999997593 
0.00000000100000000000 0.00000000100000000000 0.00000000100000000000 0.00000000100000000000 0.00000186484870905619 0.00000000100000000000 0.00017802181314692726 0.99982010833814405348 
0.00000000099999999999 0.02658015481223658522 0.00000000099999999999 0.06227275524838549875 0.00000001246436519859 0.00000000099999999999 0.00000000099999999999 0.91114707347501255885 
0.00000004911054247091 0.00000000100000000000 0.00000000100000000000 0.00000000100000000000 0.06419475873124402820 0.00000000100000000000 0.00000000100000000000 0.93580518715821336961 
0.06079894524304328696 0.00002955575141860021 0.00000000100000000000 0.07972026254700168013 0.54917080128318918053 0.01547908676258262159 0.00000000100000000000 0.29480134641276484198 
0.33756665368846211495 0.00000000100000000000 0.00000000100000000000 0.00000000100000000000 0.09272263715326845013 0.04446591663892832808 0.00325667594294949464 0.52198811357639174346 
0.00000000099999999999 0.00000000099999999999 0.00000000099999999999 0.06202934538981029478 0.00000000099999999999 0.00000000099999999999 0.00000000099999999999 0.93797064861018963899 
0.00000000099999999999 0.00000000099999999999 0.00000000099999999999 0.06455831562504868448 0.00000716818104250126 0.00000000099999999999 0.00000000099999999999 0.93543451119390885751 
0.00000000100000000000 0.00280542597886594518 0.01561072655604828219 0.03911362023130396381 0.00000000132320453695 0.00000000100000000000 0.00000000100000000000 0.94247022291057724885 
0.01721528489561978403 0.00000000100000000000 0.00000000100000000000 0.00000000100000000000 0.10336768949684640995 0.03465668615955176668 0.00000000100000000000 0.84476033544798201369 
0.00000000099999999990 0.00000000099999999990 0.00000000099999999990 0.99999999300000008695 0.00000000099999999990 0.00000000099999999990 0.00000000099999999990 0.00000000099999999990 
0.00011390331335153216 0.01510549948005843711 0.00000000100000000000 0.00280813804368279605 0.13273643444930927071 0.00000000100000000000 0.00000000100000000000 0.84923602171359791058 
0.00000000100000000000 0.04298877850899592012 0.00000032739570728805 0.20969132492540853985 0.74731954624405649845 0.00000000100000000000 0.00000000100000000000 0.00000001992583197702 
0.07970834951607790042 0.00000029235278304527 0.00993081426398213091 0.22454356159368857315 0.62154787620990836761 0.00000199362658513022 0.00000000100000000000 0.06426711143697490247 
0.00000000099999999999 0.00000000099999999999 0.00000000099999999999 0.01264409498340252416 0.00000025529359151136 0.00000000099999999999 0.00000000099999999999 0.98735564472300596517 
0.00000000099999999999 0.00000000099999999999 0.00000000099999999999 0.00000000099999999999 0.06239586164627528020 0.00000000099999999999 0.00000000099999999999 0.93760413235372463969 
0.00000000099999999998 0.00000000099999999998 0.00000000099999999998 0.00000000099999999998 0.99999999300000008695 0.00000000099999999998 0.00000000099999999998 0.00000000099999999998 
0.00000000099999999999 0.00000000099999999999 0.00000000099999999999 0.00000001372907653695 0.06180581093628130518 0.00000000099999999999 0.00000000099999999999 0.93819417033464214128 
0.00000000099999999999 0.00000000099999999999 0.00000000099999999999 0.00000061299307551094 0.00000000099999999999 0.00000000099999999999 0.01194814730394575669 0.98805123470297873123 
0.00090872727183960672 0.00000000099999999999 0.00000000099999999999 0.24371317396261268917 0.72344284747291154325 0.00000000099999999999 0.00000000099999999999 0.03193524729263633871 
0.00000000099999999999 0.00000000099999999999 0.00000000099999999999 0.00000000145568509818 0.00873628259345934216 0.00000000099999999999 0.00000000099999999999 0.99126371095085541452 
0.00000000099999999998 0.00000000099999999998 0.00000000099999999998 0.02856008426481413190 0.00000005117256867150 0.00000000099999999998 0.00000000099999999998 0.97143985956261724724 
0.00000000099999999998 0.00000000099999999998 0.00000000099999999998 0.00000000099999999998 0.99999999299999997593 0.00000000099999999998 0.00000000099999999998 0.00000000099999999998 
0.04255724925219538102 0.00000000099999999999 0.00000000099999999999 0.02308348561764442947 0.00000011520008008376 0.00000000099999999999 0.00000000099999999999 0.93435914593008018159 
0.00000000099999999999 0.00000000099999999999 0.00000000099999999999 0.29213769876904227552 0.62163764297432744232 0.00000000099999999999 0.00000000099999999999 0.08622465325663024316 
0.00000000099999999998 0.00000000099999999998 0.00000000099999999998 0.00000000099999999998 0.99999999300000008695 0.00000000099999999998 0.00000000099999999998 0.00000000099999999998 
0.03946993630294839267 0.00009495922704910000 0.00000000100000000000 0.31653879386847882937 0.58006006305689539193 0.00000000100000000000 0.00000000100000000000 0.06383624454462837050 
0.02339729501682086266 0.00000000099999999999 0.00000000099999999999 0.26502632284790067496 0.71157637713527843726 0.00000000099999999999 0.00000000099999999999 0.00000000099999999999 
0.00000000099999999998 0.00000000099999999998 0.00000000099999999998 0.03014286125976821037 0.00000000099999999998 0.00000000099999999998 0.00000000099999999998 0.96985713274023188646 
0.00000000099999999999 0.02441948196050553604 0.00000000099999999999 0.00000000099999999999 0.00000000099999999999 0.00000000099999999999 0.00000000099999999999 0.97558051203949458507 
0.00000000099999999999 0.01662215187638822061 0.00000000099999999999 0.00000000099999999999 0.15150184351640078040 0.00000000099999999999 0.00000000099999999999 0.83187599960721092529 
0.07665541396320856016 0.00000000385334997640 0.00966353551654624068 0.00000020500895188604 0.10191999946448872250 0.00000000100000000000 0.00000000100000000000 0.81176084019345462472 
0.00300746018135146422 0.00000000099999999999 0.00000000099999999999 0.00000000099999999999 0.15612807731524813715 0.00000000099999999999 0.00000000099999999999 0.84086445750340021998 
0.00000000100000000000 0.00757008636686391182 0.00000000100000000000 0.22216775590465928647 0.55142925582647106530 0.01502790039904686875 0.04148818447309258334 0.16231681502986630705 
0.00000000100000000000 0.00000000100000000000 0.00000000100000000000 0.02294639509211933437 0.00000000100000000000 0.01448301955493956454 0.00279434741677711540 0.95977623393616406933 
0.00000000100000000000 0.00000001280644405163 0.00000000100000000000 0.08194072215816398941 0.00000000100000000000 0.00370841988465170445 0.00000000100000000000 0.91435084115074016786 
0.00000000099999999998 0.00000000099999999998 0.00000000099999999998 0.01500985293043290841 0.00000005204005750544 0.00000000099999999998 0.00000000099999999998 0.98499009002950954628 
0.01737317435896884935 0.00000000099999999999 0.00000000099999999999 0.19989272025251805798 0.24592937039789466991 0.03982544837446635316 0.00000000099999999999 0.49697928361615201220 
0.00000003349663231566 0.00000000100000000000 0.00448029864931764801 0.17877672018943041587 0.45646220048726587892 0.00976850738810000445 0.01020571127901178689 0.34030652751024209612 
0.00826184854761902523 0.00000000111209657710 0.00000000099999999999 0.06465935181998824777 0.00000010422415959058 0.00000000099999999999 0.00000000099999999999 0.92707869129613662551 
0.00000002529707699355 0.00000000100000000000 0.00009471626300499527 0.02984637511683038355 0.00162234213364494790 0.00000004986043167848 0.00000000100000000000 0.96843648932901094106 
0.00000000099999999999 0.00000000099999999999 0.00000000099999999999 0.25550861275351732793 0.47542727863457995285 0.00000000099999999999 0.00000000099999999999 0.26906410361190263858 
0.00000000099999999998 0.00000000099999999998 0.00000000099999999998 0.00000000099999999998 0.99999999299999997593 0.00000000099999999998 0.00000000099999999998 0.00000000099999999998 
0.04447384526692569479 0.00000000100000000000 0.00000000100000000000 0.18856047591772459593 0.53022774181768905777 0.00836583797721078548 0.00000000100000000000 0.22837209602044983292 
0.00000000099999999999 0.00000000099999999999 0.00000000099999999999 0.04281404839998168704 0.00000000099999999999 0.00000000099999999999 0.00000000099999999999 0.95718594560001835081 
0.00000000099999999999 0.00000000099999999999 0.00000000099999999999 0.00000000099999999999 0.11107747112296607883 0.00000000099999999999 0.00000000099999999999 0.88892252287703388269 
0.04891421413480111224 0.00000000099999999999 0.00000000099999999999 0.01304351579406711099 0.11308446963925904150 0.03852657014188948931 0.00000000099999999999 0.78643122728998315907 
0.00000000099999999998 0.00000000099999999998 0.00000000099999999998 0.00000000099999999998 0.99999999299999997593 0.00000000099999999998 0.00000000099999999998 0.00000000099999999998 
0.00000000100000000000 0.00000000100000000000 0.01159361134343727534 0.23844433362665118370 0.61646946508217159710 0.00000000100000000000 0.00000000100000000000 0.13349258594773991127 
0.00000000100000000000 0.00000000100000000000 0.00000000100000000000 0.04601638245557347628 0.00001620753374908161 0.02071933002175348551 0.00000000100000000000 0.93324807598892411953 
0.00000000099999999999 0.00000000099999999999 0.00000000174798637852 0.00000000099999999999 0.00000000099999999999 0.00000000099999999999 0.00000000099999999999 0.99999999225201352537 
0.00000000099999999999 0.00000000099999999999 0.00000000099999999999 0.00000000099999999999 0.00000000099999999999 0.00000000099999999999 0.00000000099999999999 0.99999999299999997593 
0.00000000099999999999 0.00000000099999999999 0.00000000099999999999 0.00000000099999999999 0.00000000099999999999 0.00000000099999999999 0.00000000099999999999 0.99999999300000008695 
0.00857239887154745590 0.00000000099999999999 0.00000000099999999999 0.00001778301523675344 0.08549517047269075687 0.00000000099999999999 0.00000000099999999999 0.90591464364052509683 
0.06860294053633925193 0.00000000100000000000 0.00000000100000000000 0.01667766190525450318 0.05866580164591091856 0.00002518006345625007 0.00000000100000000000 0.85602841284903918861 
