0.41504467568983821613 0.02946256582714313829 0.00000000100000000000 0.01636311893176956023 0.00894712353610444509 0.00000000100000000000 0.02847434199313317663 0.50170817202201134499 
0.99999999300000019797 0.00000000099999999987 0.00000000099999999987 0.00000000099999999987 0.00000000099999999987 0.00000000099999999987 0.00000000099999999987 0.00000000099999999987 
0.00000000099999999997 0.00000000099999999997 0.00000000099999999997 0.00000000099999999997 0.00000000099999999997 0.00000000099999999997 0.00000000099999999997 0.99999999300000008695 
0.00000000099999999998 0.00000000099999999998 0.00000000099999999998 0.00000000099999999998 0.00000000099999999998 0.00000000099999999998 0.00000000099999999998 0.99999999299999997593 
0.51028773075702726914 0.01123674551700368056 0.02778462051302190913 0.00000000100000000000 0.00037627220180309580 0.00000000100000000000 0.00001951214236691742 0.45029511686877737864 
0.00000000099999999998 0.00000000099999999998 0.00000000099999999998 0.00000000099999999998 0.00000000099999999998 0.00000000099999999998 0.00000000099999999998 0.99999999299999997593 
0.36580731912707181719 0.00000280956355179574 0.00000000100000000000 0.00000000100000000000 0.03091493980786553381 0.05830292460191917325 0.12856652713787741771 0.41640547776171416006 
0.33427586477649506858 0.00689729384659060977 0.00000000156663234762 0.00000000100000000000 0.00001193143869329625 0.04028261035826784242 0.00000000100000000000 0.61853229601332071486 
0.42710460520698600995 0.03699440986294759426 0.00000000100000000000 0.00000000100000000000 0.04034083664863667013 0.00000000100000000000 0.00000000100000000000 0.49556014428142985961 
0.38127953373088613320 0.04547959661085198418 0.00004656796765680150 0.00000000100000000000 0.00000000100000000000 0.16513581044781813767 0.00000000100000000000 0.40805848824278695419 
0.99999999300000008695 0.00000000099999999996 0.00000000099999999996 0.00000000099999999996 0.00000000099999999996 0.00000000099999999996 0.00000000099999999996 0.00000000099999999996 
0.40732478944966560297 0.00296944230050019730 0.00000000100000000000 0.01332120827095808861 0.01873034284133907532 0.07570720186708448929 0.00000000100000000000 0.48194701327045247341 
0.40063019689398304823 0.00000000100000000000 0.00000000100000000000 0.00000000100000000000 0.00000019601246444732 0.08907094661515115031 0.00000000100000000000 0.51029865647840122467 
0.00000000099999999999 0.00000000099999999999 0.00000000099999999999 0.00000000099999999999 0.00000000099999999999 0.19106304239479252050 0.00000000099999999999 0.80893695160520762144 
0.24477062799396898107 0.00000007138444385131 0.00000000100000000000 0.04448382038028407537 0.00068715549533218884 0.00002659985073207169 0.02848697514583315923 0.68154474874940562668 
0.40927728836584037486 0.00000000100000000000 0.02126940198207310367 0.00000000100000000000 0.07487385355996717395 0.00000000100000000000 0.00074185396910986538 0.49383759912300928541 
0.44271747521514659418 0.03291851781369600771 0.00000016834769264459 0.00000000100000000000 0.02331643624227447073 0.00000000100000000000 0.00000000100000000000 0.50104739938119025044 
0.38443306605066823733 0.00000000100000000000 0.00000037635603109791 0.00554253038090742750 0.06175292842095331247 0.07935328818077190538 0.00281971039074857804 0.46609809921991940396 
0.42819983687655810423 0.00000000100000000000 0.00002757883118816245 0.05895681168949893497 0.02470902260188690552 0.06569233502768144495 0.00000000100000000000 0.42241441297318643722 
0.43901562688217632413 0.00001834041123604580 0.00000000100000000000 0.02463189099370988872 0.11685958705520010925 0.00000000100000000000 0.00000000100000000000 0.41947455165767760787 
0.37940648872583992990 0.00000000100000000000 0.02416991753864851378 0.03187401424253028664 0.00000000100000000000 0.07106825223405258130 0.00000226212097699331 0.49347906313795164568 
0.50626468630291132644 0.00000007955916060874 0.00002876800456940560 0.01940584251106668504 0.00569023044172396308 0.04296952812559540202 0.00000000100000000000 0.42564086405497264520 
0.38524564459164528651 0.00299656257749543551 0.00084595329391103113 0.00971059992378493081 0.06188998752535396913 0.06977321508031013308 0.00000041914464327235 0.46953761786285586055 
0.99999999300000008695 0.00000000099999999993 0.00000000099999999993 0.00000000099999999993 0.00000000099999999993 0.00000000099999999993 0.00000000099999999993 0.00000000099999999993 
0.36759943841936915110 0.00000000100000000000 0.00501639215364580934 0.00003495426059953570 0.05701646105382972285 0.07659983999084421513 0.01763310257161967987 0.47609981055009192863 
0.33569961043076251839 0.02387535814970217704 0.00000000100000000000 0.00000000100000000000 0.06148847639333937520 0.06812098778450531578 0.00000000100000000000 0.51081556424169038966 
0.44263085189563622368 0.00000000100000000000 0.00000000100000000000 0.00000006260826190017 0.06583746409619017914 0.02362146286277714766 0.04929405557623618706 0.41861610096089818533 
0.51107933250620729559 0.03308221797918649287 0.01063828824613647327 0.00108908773249424547 0.00000004576495364246 0.00000001354373441345 0.00000000100000000000 0.44411101322728729901 
0.45070868051115936526 0.00000000100000000000 0.01055810945020003999 0.03623606221506195380 0.00051525031056900072 0.00000000100000000000 0.00000000100000000000 0.50198189451300956332 
0.49450871403142987459 0.00002652156875772062 0.00000005820802962982 0.01599062961585114018 0.00009480066193480440 0.04688022245199559290 0.00000000100000000000 0.44249905246200121889 
0.35761179026639683398 0.00001833655258254396 0.02561903108642979432 0.01202863047574713462 0.02075276853381407757 0.05399132194447976013 0.00000000100000000000 0.52997812014054990204 
0.23605236181446634380 0.00000000100000000000 0.00000000100000000000 0.00000000100000000000 0.02938088184266546624 0.23039310371113108644 0.00000000100000000000 0.50417364863173697032 
0.40498494409156954310 0.00450409061644168641 0.04610736617112124597 0.00003530173048432001 0.11133585151261200796 0.02710324902485426388 0.00000000100000000000 0.40592919585291697970 
0.63585284277249176643 0.00000000099999999999 0.00000000099999999999 0.00000000099999999999 0.00000000099999999999 0.00000000099999999999 0.00000000099999999999 0.36414715122750845877 
0.19271123549033741806 0.03138976434857403131 0.00000000194559775264 0.00186649784378002019 0.00924802236535952026 0.11067798176922566400 0.00000000100000000000 0.65410649523712549591 
0.40607436037585803446 0.04317268325954377872 0.03058384636015618399 0.03763784612627666532 0.00015146728520528782 0.03468230049930327852 0.00609731977836194036 0.44160017631529480120 
0.99999999300000008695 0.00000000099999999987 0.00000000099999999987 0.00000000099999999987 0.00000000099999999987 0.00000000099999999987 0.00000000099999999987 0.00000000099999999987 
0.37146693533268720921 0.01201053454993762475 0.02814413657588849677 0.02530785647914342296 0.00000019685924214782 0.00000593612042338166 0.00000081136256605220 0.56306359272011163863 
0.00000000099999999983 0.00000000099999999983 0.00000000099999999983 0.00000000099999999983 0.00000000099999999983 0.99999999300000008695 0.00000000099999999983 0.00000000099999999983 
0.53275903277199865293 0.00890388266286509973 0.00670798902153037311 0.00000000100000000000 0.04311291301179488722 0.03205231847838406478 0.00000000100000000000 0.37646386205342707854 
0.51172466700191010514 0.00000000100000000000 0.00000000100000000000 0.02190143548928474848 0.00124019287391293463 0.00000000100000000000 0.00000000100000000000 0.46513370063489239969 
0.35072699233608845004 0.00000000591513950327 0.00366312304737432528 0.00000000100000000000 0.07336154619448620462 0.14869887027578773675 0.00000000100000000000 0.42354946023112394204 
0.32318835129311851428 0.03721012401825506133 0.00000000100000000000 0.01203317594375978745 0.00000000100000000000 0.00000000100000000000 0.00000000100000000000 0.62756834474486644648 
0.35445757747638656499 0.01783788772046101742 0.00002834040014358193 0.02251202481177691853 0.00677346814842309883 0.00000000100000000000 0.00000071356049724972 0.59838998688231159750 
0.43007141359782674606 0.00000000100000000000 0.00000000100000000000 0.00000000100000000000 0.04109358855519678472 0.00094941678728416626 0.01995033565217242677 0.50793524240751986021 
0.99999999300000008695 0.00000000099999999994 0.00000000099999999994 0.00000000099999999994 0.00000000099999999994 0.00000000099999999994 0.00000000099999999994 0.00000000099999999994 
0.41329660509065802021 0.00000000100000000000 0.00000000100000000000 0.01996145028187057760 0.00045446456003647300 0.22870441867539098579 0.00011966961140079799 0.33746338978064305270 
0.41651212501375789454 0.02742474043308120932 0.01704927390802828124 0.00000000100000000000 0.05465900052366656769 0.10800350475619339974 0.01664801485888968077 0.35970333950638300191 
0.39023800622539922545 0.00018650316876404636 0.00000000100000000000 0.04026929333000491690 0.01900326193114581369 0.00000000100000000000 0.09648725197494781303 0.45381568136973798877 
0.00000000099999999997 0.00000000099999999997 0.00000000099999999997 0.00000000099999999997 0.00000000099999999997 0.00000000099999999997 0.00000000099999999997 0.99999999300000008695 
0.43868177132361607651 0.00000000507238528044 0.02709277159196445822 0.00000000100000000000 0.06620161484756312276 0.02793961088030404855 0.01884198484412228161 0.42124224044004482392 
0.46367741336848433686 0.03086798049075542560 0.00000000100000000000 0.05730954338604270226 0.02683062636043640967 0.00000000100000000000 0.01692648433911344424 0.40438795005516753323 
0.37427097509134377162 0.03116480941829396362 0.00284219184562840886 0.00000000100000000000 0.00000000100000000000 0.00000000100000000000 0.00000000100000000000 0.59172201964473369884 
0.47955711411438955993 0.00000570490425829826 0.00000000100000000000 0.00231201756255180503 0.05918492167719562741 0.07514382253008783374 0.04292001485631001534 0.34087640335520669188 
0.00000000099999999998 0.00000000099999999998 0.00000000099999999998 0.00000000099999999998 0.00000000099999999998 0.00000000099999999998 0.00000000099999999998 0.99999999300000008695 
0.55091307239910669580 0.01856876647341251449 0.07346612339775024370 0.00712071917290585041 0.00000000100000000000 0.00000000100000000000 0.00000000100000000000 0.34993131555682488454 
0.99999999300000008695 0.00000000099999999993 0.00000000099999999993 0.00000000099999999993 0.00000000099999999993 0.00000000099999999993 0.00000000099999999993 0.00000000099999999993 
0.29739381095769873431 0.00000000100000000000 0.03700454020948572981 0.02030268852413655636 0.00000340699419120180 0.09566353226858480274 0.00001474355132407606 0.54961727649457881029 
0.60542376968716216101 0.00000000099999999999 0.00000000099999999999 0.00000000099999999999 0.00000000099999999999 0.39457622431283795317 0.00000000099999999999 0.00000000099999999999 
0.33929488998075424400 0.03053377714811240234 0.05592209468584211779 0.10074300856793386161 0.05159083571969680371 0.00000000100000000000 0.00000000100000000000 0.42191539189766047446 
0.44516625333256820696 0.00007801063004106890 0.01694361919649253409 0.00665399486365879714 0.10232592103174240061 0.05867754865628825589 0.04640714431525146816 0.32374750797395723811 
0.00000000099999999989 0.00000000099999999989 0.00000000099999999989 0.00000000099999999989 0.00000000099999999989 0.99999999299999997593 0.00000000099999999989 0.00000000099999999989 
0.55967459160996302359 0.00000000099999999999 0.00000000099999999999 0.00000000099999999999 0.00000000099999999999 0.44032540239003714611 0.00000000099999999999 0.00000000099999999999 
0.44392360751271853214 0.00961771876625799362 0.00000000100000000000 0.00001120392804892276 0.08834290117087534311 0.00000000100000000000 0.00000000100000000000 0.45810456562209916909 
0.23069337554360039300 0.00295644748073474895 0.00008044919847609519 0.00157507185877961420 0.05887943200061578064 0.04328654715766670769 0.04694926469662338148 0.61557941206350330621 
0.30214199142116160424 0.00037918774304234419 0.00805831640534375275 0.00008490282160094197 0.00000000100000000000 0.09628986983793789978 0.00000000100000000000 0.59304572977091329911 
0.00000000099999999999 0.00000000099999999999 0.00000000099999999999 0.00000000099999999999 0.00000000099999999999 0.23611846870785926922 0.00000000099999999999 0.76388152529214070618 
0.37828972042018865762 0.00905165296636192829 0.00895673303844925217 0.00431085566721940705 0.08866525214474610395 0.06283599101547177046 0.05183615526180242183 0.39605363948576044475 
0.43225511601368393766 0.00000000100000000000 0.00000000100000000000 0.03157103206208328877 0.02636206955858190482 0.05111980855426961901 0.04251821706853509131 0.41617375474284634684 
0.40225581155493500551 0.00009457593722097728 0.00365587041429029855 0.02681852020896929520 0.00000002037620702675 0.07131794025689446037 0.02653654115818285600 0.46932072009330022544 
0.31336652167607309538 0.00000000100000000000 0.01411172601008239304 0.00000000100000000000 0.09304211650983480741 0.31260964821456743712 0.00000028502630813970 0.26686970056313413791 
0.02386867158825893218 0.05863092587204256356 0.00000000100000000000 0.33786368337115579852 0.06935249914556024242 0.03793045383092528283 0.00000000100000000000 0.47235376419205732379 
0.00000000099999999998 0.00000000099999999998 0.00000000099999999998 0.00000000099999999998 0.00000000099999999998 0.00000000099999999998 0.00000000099999999998 0.99999999299999997593 
0.00000000099999999999 0.00000000099999999999 0.00000000099999999999 0.00000000099999999999 0.00000000099999999999 0.23193740669610340976 0.00000000099999999999 0.76806258730389664890 
0.38119441848075824586 0.02010877382631477001 0.02590609695821570815 0.05826073614588302141 0.00250466264399337333 0.03189219165662917493 0.00000000100000000000 0.48013311928820562313 
0.39008797345244394794 0.00454255204742154590 0.01334237831884134591 0.00000000100000000000 0.06545185269118701521 0.05885170760874685464 0.00000000100000000000 0.46772353388135928798 
0.35336591045566823066 0.02804393956928210099 0.00000000100000000000 0.02505726585230141912 0.00000000100000000000 0.13536282059364393437 0.00975028882237073506 0.44841977270673366585 
0.00000000099999999998 0.00000000099999999998 0.00000000099999999998 0.00000000099999999998 0.00000000099999999998 0.00000000099999999998 0.00000000099999999998 0.99999999300000008695 
0.00000000099999999988 0.00000000099999999988 0.00000000099999999988 0.00000000099999999988 0.00000000099999999988 0.99999999300000008695 0.00000000099999999988 0.00000000099999999988 
0.43767671514650058340 0.00600494854339862858 0.00001341363609537506 0.02883634870937072658 0.02360584798026434117 0.00000000100000000000 0.00000000100000000000 0.50386272398437026432 
0.99999999300000019797 0.00000000099999999995 0.00000000099999999995 0.00000000099999999995 0.00000000099999999995 0.00000000099999999995 0.00000000099999999995 0.00000000099999999995 
0.68772380495684459767 0.00000000099999999999 0.00000000099999999999 0.00000000099999999999 0.00000000099999999999 0.31227618904315551651 0.00000000099999999999 0.00000000099999999999 
0.27513665981994211984 0.00000000100000000000 0.00000000558495034239 0.02729643127846442460 0.00000000141629456578 0.16946899262291167942 0.01977055987853103963 0.50832734839890580947 
0.99999999300000019797 0.00000000099999999996 0.00000000099999999996 0.00000000099999999996 0.00000000099999999996 0.00000000099999999996 0.00000000099999999996 0.00000000099999999996 
0.50722907736166167325 0.00000000099999999999 0.00000000099999999999 0.00000000099999999999 0.00000000099999999999 0.49277091663833832991 0.00000000099999999999 0.00000000099999999999 
0.23711807395648035190 0.00000007176022711090 0.00000000100000000000 0.00917781024938877851 0.00000000100000000000 0.21542453344119080749 0.00000000100000000000 0.53827950759271292469 
0.00000000099999999998 0.00000000099999999998 0.00000000099999999998 0.00000000099999999998 0.00000000099999999998 0.00000000099999999998 0.00000000099999999998 0.99999999299999997593 
0.45149749768486535650 0.01680398454522461296 0.00000000100000000000 0.01984075093238858375 0.09611857264016605840 0.03506411516823030455 0.01114269090799183647 0.36953238712113312125 
0.28626909910719594565 0.00021282099800214014 0.00000000100000000000 0.00000000100000000000 0.00000000100000000000 0.15816415374968997853 0.00000552175565817904 0.55534840138945362753 
0.35116978086483924271 0.00000000100000000000 0.02318629833510852875 0.02843688458251589224 0.09953841320957242111 0.11363855921968073204 0.00000000100000000000 0.38403006178828325012 
0.22371197825313945962 0.00018636908347972243 0.00878536816866571507 0.00001742372753783445 0.04325210241938878125 0.10351507951624165649 0.00012337383980849049 0.62040830499173837964 
0.00000000099999999999 0.00000000099999999999 0.00000000099999999999 0.00000000099999999999 0.00000000099999999999 0.17410200129749858755 0.00000000099999999999 0.82589799270250130458 
0.31595317481100965162 0.01481691618485575339 0.00000000100000000000 0.04743561411133633693 0.04248721292796603377 0.05342806135324679878 0.05486353161980089127 0.47101548799178444282 
0.00000000099999999998 0.00000000099999999998 0.00000000099999999998 0.00000000099999999998 0.00000000099999999998 0.00000000099999999998 0.00000000099999999998 0.99999999300000008695 
0.47554973580976311887 0.03901501255843715932 0.00017300760642672297 0.00000000100000000000 0.00465699302281206377 0.00000003993861315385 0.00498218899171933276 0.47562302107222848013 
0.41703020320977723934 0.05711009073943020681 0.00009533671839793143 0.00045256770076777174 0.00000000100000000000 0.00000001404446724826 0.07867715613795270291 0.44663463044920687084 
0.21157274900220096603 0.01151221079972584299 0.00000000100000000000 0.02307576425788459770 0.75383927194018862661 0.00000000100000000000 0.00000000100000000000 0.00000000100000000000 
0.00000000099999999999 0.00000000099999999999 0.00000000099999999999 0.00000000099999999999 0.99999999299999997593 0.00000000099999999999 0.00000000099999999999 0.00000000099999999999 
0.15431082703060969297 0.00469104157377779347 0.00000058038138379896 0.09282259307426132811 0.71948544169706729612 0.00000000100000000000 0.02868951321076046793 0.00000000203213966974 
0.00000000099999999997 0.00000000099999999997 0.00000000099999999997 0.00000000099999999997 0.99999999299999997593 0.00000000099999999997 0.00000000099999999997 0.00000000099999999997 
0.09077635139843587275 0.06461499162567013732 0.01833510407080529009 0.05482166805427269446 0.69321074443960772893 0.00000000100000000000 0.00009448005179203002 0.07814665935941621233 
0.00000000099999999998 0.00000000099999999998 0.00000000099999999998 0.00000000099999999998 0.99999999299999997593 0.00000000099999999998 0.00000000099999999998 0.00000000099999999998 
0.00000000099999999999 0.00000000099999999999 0.00000000099999999999 0.00000000099999999999 0.99999999300000008695 0.00000000099999999999 0.00000000099999999999 0.00000000099999999999 
0.00000000099999999998 0.00000000099999999998 0.00000000099999999998 0.00000000099999999998 0.99999999300000008695 0.00000000099999999998 0.00000000099999999998 0.00000000099999999998 
0.00000000099999999999 0.00000000099999999999 0.00000000099999999999 0.00000000099999999999 0.99999999300000008695 0.00000000099999999999 0.00000000099999999999 0.00000000099999999999 
0.00000000099999999998 0.00000000099999999998 0.00000000099999999998 0.00000000099999999998 0.99999999299999997593 0.00000000099999999998 0.00000000099999999998 0.00000000099999999998 
0.00001236346388708391 0.02929366367863084006 0.00000000100000000000 0.05918499130612930870 0.81029760409770834606 0.10121137445364447593 0.00000000100000000000 0.00000000100000000000 
0.00000000099999999999 0.00000000099999999999 0.00000000099999999999 0.00000000099999999999 0.99999999299999997593 0.00000000099999999999 0.00000000099999999999 0.00000000099999999999 
0.00000000099999999998 0.00000000099999999998 0.00000000099999999998 0.00000000099999999998 0.99999999300000008695 0.00000000099999999998 0.00000000099999999998 0.00000000099999999998 
0.00000000099999999998 0.00000000099999999998 0.00000000099999999998 0.00000000099999999998 0.99999999299999997593 0.00000000099999999998 0.00000000099999999998 0.00000000099999999998 
0.00000000099999999999 0.05685045851916110948 0.00000000099999999999 0.00000000598592435312 0.80058588948450259970 0.14256364201041191175 0.00000000099999999999 0.00000000099999999999 
0.00000000099999999998 0.00000000099999999998 0.00000000099999999998 0.00000000099999999998 0.99999999300000008695 0.00000000099999999998 0.00000000099999999998 0.00000000099999999998 
0.00000000099999999999 0.00000000099999999999 0.00000000099999999999 0.00000000099999999999 0.99999999299999997593 0.00000000099999999999 0.00000000099999999999 0.00000000099999999999 
0.00000000099999999998 0.00000000099999999998 0.00000000099999999998 0.00000000099999999998 0.99999999299999997593 0.00000000099999999998 0.00000000099999999998 0.00000000099999999998 
0.00000000099999999999 0.05726831532783886042 0.00000000099999999999 0.05293519204208869955 0.78544723009939609870 0.10434925853067637813 0.00000000099999999999 0.00000000099999999999 
0.00000000099999999999 0.00000000099999999999 0.00000000099999999999 0.00000000099999999999 0.47087391730347316621 0.52912607669652689246 0.00000000099999999999 0.00000000099999999999 
0.00000000099999999999 0.00000000099999999999 0.00000000099999999999 0.00000000099999999999 0.99999999299999997593 0.00000000099999999999 0.00000000099999999999 0.00000000099999999999 
0.00000000099999999996 0.00000000099999999996 0.00000000099999999996 0.00000000099999999996 0.99999999299999997593 0.00000000099999999996 0.00000000099999999996 0.00000000099999999996 
0.00000000099999999999 0.00000000099999999999 0.00000000099999999999 0.00000000099999999999 0.99999999300000008695 0.00000000099999999999 0.00000000099999999999 0.00000000099999999999 
0.00000000099999999999 0.00000000099999999999 0.02460109208260773464 0.00000000099999999999 0.97539890191739231362 0.00000000099999999999 0.00000000099999999999 0.00000000099999999999 
0.00000000099999999998 0.00000000099999999998 0.00000000099999999998 0.00000000099999999998 0.99999999299999997593 0.00000000099999999998 0.00000000099999999998 0.00000000099999999998 
0.00000000099999999999 0.00000000099999999999 0.00000000099999999999 0.00000000099999999999 0.99999999299999997593 0.00000000099999999999 0.00000000099999999999 0.00000000099999999999 
0.00000000099999999999 0.00000000099999999999 0.00000000099999999999 0.00000000099999999999 0.99999999299999997593 0.00000000099999999999 0.00000000099999999999 0.00000000099999999999 
0.00000000099999999999 0.02070539697413376762 0.00000000099999999999 0.00000000099999999999 0.84642588278974684179 0.13286871523611940016 0.00000000099999999999 0.00000000099999999999 
0.00000000099999999997 0.00000000099999999997 0.00000000099999999997 0.00000000099999999997 0.99999999300000008695 0.00000000099999999997 0.00000000099999999997 0.00000000099999999997 
0.06371396451256305937 0.04084888087132474560 0.00000000100000000000 0.05979565022475257646 0.68810819581735327422 0.00000000100000000000 0.00000114177513310202 0.14753216479887321100 
0.00000000099999999999 0.00000000099999999999 0.00000000099999999999 0.00000000099999999999 0.99999999299999997593 0.00000000099999999999 0.00000000099999999999 0.00000000099999999999 
0.00000000099999999996 0.90732252598380402908 0.00000000099999999996 0.00000000099999999996 0.00000000099999999996 0.09267746801619609898 0.00000000099999999996 0.00000000099999999996 
0.00000000099999999995 0.99999999300000008695 0.00000000099999999995 0.00000000099999999995 0.00000000099999999995 0.00000000099999999995 0.00000000099999999995 0.00000000099999999995 
0.00000000099999999995 0.99999999300000008695 0.00000000099999999995 0.00000000099999999995 0.00000000099999999995 0.00000000099999999995 0.00000000099999999995 0.00000000099999999995 
0.00000000099999999995 0.99999999300000008695 0.00000000099999999995 0.00000000099999999995 0.00000000099999999995 0.00000000099999999995 0.00000000099999999995 0.00000000099999999995 
0.00000000099999999994 0.99999999300000008695 0.00000000099999999994 0.00000000099999999994 0.00000000099999999994 0.00000000099999999994 0.00000000099999999994 0.00000000099999999994 
0.00000000099999999993 0.99999999300000019797 0.00000000099999999993 0.00000000099999999993 0.00000000099999999993 0.00000000099999999993 0.00000000099999999993 0.00000000099999999993 
0.00000000099999999994 0.99999999300000008695 0.00000000099999999994 0.00000000099999999994 0.00000000099999999994 0.00000000099999999994 0.00000000099999999994 0.00000000099999999994 
0.00000000099999999995 0.99999999300000019797 0.00000000099999999995 0.00000000099999999995 0.00000000099999999995 0.00000000099999999995 0.00000000099999999995 0.00000000099999999995 
0.00000000099999999993 0.99999999300000019797 0.00000000099999999993 0.00000000099999999993 0.00000000099999999993 0.00000000099999999993 0.00000000099999999993 0.00000000099999999993 
0.00000000099999999993 0.99999999300000019797 0.00000000099999999993 0.00000000099999999993 0.00000000099999999993 0.00000000099999999993 0.00000000099999999993 0.00000000099999999993 
0.00000000099999999994 0.99999999300000019797 0.00000000099999999994 0.00000000099999999994 0.00000000099999999994 0.00000000099999999994 0.00000000099999999994 0.00000000099999999994 
0.00000000099999999995 0.99999999300000019797 0.00000000099999999995 0.00000000099999999995 0.00000000099999999995 0.00000000099999999995 0.00000000099999999995 0.00000000099999999995 
0.00000000099999999999 0.37955440702833631583 0.00000000099999999999 0.62044558697166374284 0.00000000099999999999 0.00000000099999999999 0.00000000099999999999 0.00000000099999999999 
0.00000000099999999993 0.99999999300000019797 0.00000000099999999993 0.00000000099999999993 0.00000000099999999993 0.00000000099999999993 0.00000000099999999993 0.00000000099999999993 
0.00000000099999999994 0.99999999300000008695 0.00000000099999999994 0.00000000099999999994 0.00000000099999999994 0.00000000099999999994 0.00000000099999999994 0.00000000099999999994 
0.00000000099999999994 0.99999999300000019797 0.00000000099999999994 0.00000000099999999994 0.00000000099999999994 0.00000000099999999994 0.00000000099999999994 0.00000000099999999994 
0.00000000099999999996 0.99999999300000019797 0.00000000099999999996 0.00000000099999999996 0.00000000099999999996 0.00000000099999999996 0.00000000099999999996 0.00000000099999999996 
0.00000000099999999994 0.99999999300000008695 0.00000000099999999994 0.00000000099999999994 0.00000000099999999994 0.00000000099999999994 0.00000000099999999994 0.00000000099999999994 
0.00000000099999999993 0.99999999300000008695 0.00000000099999999993 0.00000000099999999993 0.00000000099999999993 0.00000000099999999993 0.00000000099999999993 0.00000000099999999993 
0.00000000099999999994 0.99999999300000019797 0.00000000099999999994 0.00000000099999999994 0.00000000099999999994 0.00000000099999999994 0.00000000099999999994 0.00000000099999999994 
0.00000000099999999999 0.54668794218171234967 0.00000000099999999999 0.45331205181828782003 0.00000000099999999999 0.00000000099999999999 0.00000000099999999999 0.00000000099999999999 
0.00000000099999999994 0.99999999300000019797 0.00000000099999999994 0.00000000099999999994 0.00000000099999999994 0.00000000099999999994 0.00000000099999999994 0.00000000099999999994 
0.00000000099999999999 0.59653356979553318062 0.00000000099999999999 0.40346642420446698907 0.00000000099999999999 0.00000000099999999999 0.00000000099999999999 0.00000000099999999999 
0.00000000099999999994 0.99999999300000008695 0.00000000099999999994 0.00000000099999999994 0.00000000099999999994 0.00000000099999999994 0.00000000099999999994 0.00000000099999999994 
0.00000000099999999995 0.99999999300000008695 0.00000000099999999995 0.00000000099999999995 0.00000000099999999995 0.00000000099999999995 0.00000000099999999995 0.00000000099999999995 
0.00000000099999999993 0.99999999300000019797 0.00000000099999999993 0.00000000099999999993 0.00000000099999999993 0.00000000099999999993 0.00000000099999999993 0.00000000099999999993 
0.04465249799458056307 0.00000000100000000000 0.72335631555188006914 0.00000000100000000000 0.02699823358222151401 0.00000000100000000000 0.20497700197549201251 0.00001594789582588488 
0.00000000099999999999 0.00000000099999999999 0.00000000099999999999 0.00000000099999999999 0.00000000099999999999 0.05213284507901654735 0.94786714892098344887 0.00000000099999999999 
0.00000000099999999999 0.00000000099999999999 0.01614219229219107654 0.00000000099999999999 0.00000000099999999999 0.05980478978777492571 0.92405301292003405589 0.00000000099999999999 
0.00000000100000000000 0.00000000100000000000 0.80714863780739976029 0.00000000100000000000 0.00000000100000000000 0.02360082873897579106 0.12568323357826605147 0.04356729587535831949 
0.00000063733711160221 0.00000000099999999999 0.00001009362709719264 0.00000000099999999999 0.00000000099999999999 0.04968284174578032480 0.95030642329001080437 0.00000000099999999999 
0.00000018504520541684 0.00000000100000000000 0.00125689858131941535 0.00000000100000000000 0.00000000100000000000 0.00000000851718037694 0.99874290385629471700 0.00000000100000000000 
0.00000000099999999999 0.00000000099999999999 0.00000000099999999999 0.00000000099999999999 0.00000000099999999999 0.00000000099999999999 0.99999999299999997593 0.00000000099999999999 
0.00000000099999999999 0.00000000099999999999 0.05071580227344505559 0.00000000099999999999 0.00000000099999999999 0.04159699217712005404 0.84595556043473618679 0.06173164111469883059 
0.00000000099999999999 0.00000000099999999999 0.00000000099999999999 0.00000000099999999999 0.00000000099999999999 0.00000000099999999999 0.99999999299999997593 0.00000000099999999999 
0.00000000100000000000 0.00000000100000000000 0.00000000100000000000 0.00622502559507142825 0.00000000100000000000 0.00000000100000000000 0.99377496840492851593 0.00000000100000000000 
0.03674888402660551195 0.00000000099999999999 0.04712319204869754724 0.00000000099999999999 0.00000000099999999999 0.00000000099999999999 0.91612791892469680466 0.00000000099999999999 
0.00000000100000000000 0.00000000100000000000 0.00000702489592993864 0.00000000100000000000 0.00000000100000000000 0.04486392587969111750 0.95512904422437883145 0.00000000100000000000 
0.00000005199922126277 0.00000000100000000000 0.47386616118558361199 0.00000000100000000000 0.02425506705225970866 0.01529348398418460715 0.36668894940622531742 0.11989628437252537740 
0.00000000100000000000 0.00000000100000000000 0.02958046178083843097 0.00001624471207847555 0.04648759911936228145 0.02596929000848903143 0.55043487748420982797 0.34751152489502201703 
0.00000000099999999999 0.00000000099999999999 0.02266914687668567657 0.00000000099999999999 0.00000000099999999999 0.00000000099999999999 0.97733084712331419475 0.00000000099999999999 
0.00000000099999999999 0.00000000099999999999 0.04878734555312740084 0.00000000099999999999 0.00000000099999999999 0.05827891913184787831 0.89293373031502465409 0.00000000099999999999 
0.03354570079930991461 0.00447161049829586463 0.01461068121823181666 0.00000000100000000000 0.00000000100000000000 0.00000000100000000000 0.94737200348416228390 0.00000000100000000000 
0.00000000100000000000 0.00000000100000000000 0.04642018063134508571 0.00000000100000000000 0.04304147310016556705 0.00000000100000000000 0.86225004062164878338 0.04828830164684046189 
0.00000000099999999995 0.00000000099999999995 0.99999999300000008695 0.00000000099999999995 0.00000000099999999995 0.00000000099999999995 0.00000000099999999995 0.00000000099999999995 
0.03009121141229825075 0.00000000100000000000 0.07546894391765808507 0.00000000100000000000 0.00000000100000000000 0.00000000100000000000 0.88070105496659301103 0.01373878570345074719 
0.04576837904330629397 0.01488795319650974662 0.76292196958024027786 0.00001508318985220280 0.00000000100000000000 0.00000000100000000000 0.11752210262436005306 0.05888451036573139064 
0.00000000310671368648 0.00101448963653855031 0.70440912117304610440 0.00000000100000000000 0.02108939046015389021 0.00000000100000000000 0.13940449316004019376 0.13408250046350744800 
0.00000000099999999999 0.00000000099999999999 0.00001328444105642841 0.00000000099999999999 0.00000000099999999999 0.00000000099999999999 0.99998670955894364276 0.00000000099999999999 
0.00000000099999999999 0.00000000099999999999 0.00004692414987530595 0.00000000099999999999 0.00000000099999999999 0.00000000099999999999 0.99995306985012466505 0.00000000099999999999 
0.00000000100000000000 0.00341165673453291008 0.73006379618080186056 0.00000000100000000000 0.00711577297075703663 0.09487322495747012308 0.13266406555339646522 0.03187148160304159594 
0.00000000099999999999 0.00000000099999999999 0.00019098352466063865 0.00000000099999999999 0.00000000099999999999 0.00000000099999999999 0.99979877514536141803 0.00001023632997792044 
0.00000000099999999999 0.00000000099999999999 0.00000000099999999999 0.01813493409045787569 0.00000000099999999999 0.00000000099999999999 0.98186505990954220380 0.00000000099999999999 
0.01084296489511700837 0.00000000100000000000 0.78474761177329810380 0.00000000100000000000 0.00000000100000000000 0.00000000100000000000 0.11203558751095216151 0.09237383182063275966 
0.00000000099999999999 0.00000000099999999999 0.00000000272268658610 0.00000000099999999999 0.00000000099999999999 0.00000000099999999999 0.99999999127731331594 0.00000000099999999999 
0.00000000099999999998 0.00000000099999999998 0.00041451504633756807 0.00000000099999999998 0.00000000099999999998 0.00000000099999999998 0.99958547895366234304 0.00000000099999999998 
0.00060505514796353136 0.00000000100000000000 0.73926337405192132923 0.02763971179644933093 0.01872042591489241070 0.03089582989978626945 0.15336672184291005872 0.02950888034607695998 
0.00000000099999999999 0.00000000099999999999 0.00012525572028419091 0.00000000099999999999 0.00000000099999999999 0.00000000099999999999 0.92446866351206680168 0.07540607576764903064 
0.01627618291745032419 0.00000000100000000000 0.76173577131311209776 0.00000000100000000000 0.00000000100000000000 0.01802968068238561608 0.17159108887765053830 0.03236727320940143565 
0.06327294272048460122 0.00000000100000000000 0.80358278057659693339 0.00000000100000000000 0.00000000100000000000 0.00000000100000000000 0.13307645037306325975 0.00006782232985530437 
0.01190872214169951850 0.00000000099999999999 0.76041797493774909711 0.00000000099999999999 0.00000000099999999999 0.00000000099999999999 0.13391440531874870823 0.09375889360180278409 
0.00000000100000000000 0.00000000100000000000 0.81787195926416444980 0.00000000100000000000 0.00000000100000000000 0.00365495172401071816 0.07239085894390942522 0.10608222606791539722 
0.00000000099999999998 0.00000000099999999998 0.00000000099999999998 0.00000000099999999998 0.00000000099999999998 0.00000000099999999998 0.99999999299999997593 0.00000000099999999998 
0.00000000099999999999 0.00000000099999999999 0.00000000099999999999 0.00000000099999999999 0.00000000099999999999 0.07997083912193266031 0.92002915487806724570 0.00000000099999999999 
0.00000009438973325111 0.00000000099999999999 0.07060528567960477897 0.00000000099999999999 0.00000000099999999999 0.06742201369344444362 0.86197260223721750005 0.00000000099999999999 
0.00000000100000000000 0.00000000100000000000 0.04157651562379768156 0.00000000100000000000 0.00000000100000000000 0.13491595110344589692 0.82350752827275630619 0.00000000100000000000 
0.00000000099999999999 0.00000000099999999999 0.07138080176632251306 0.00000000099999999999 0.00000000099999999999 0.00000000099999999999 0.85279296078020505600 0.07582623245347233643 
0.00000199169842626582 0.00000000100000000000 0.63558010798705599775 0.04940171419388858509 0.00001179595840164659 0.09795285655361692101 0.21705153160861057060 0.00000000100000000000 
0.00000000100000000000 0.00000000100000000000 0.00000001857674756150 0.00000000100000000000 0.00000000100000000000 0.07107828394645375469 0.92892169247679856614 0.00000000100000000000 
0.00000000099999999999 0.00000000099999999999 0.06536664657145921375 0.00000000099999999999 0.01955756536061569253 0.00000000099999999999 0.91507578306792491940 0.00000000099999999999 
0.00000000099999999998 0.00000000099999999998 0.00000000536255168373 0.00000000099999999998 0.00000000099999999998 0.00000000099999999998 0.99999998863744821165 0.00000000099999999998 
0.00000000099999999999 0.00000000099999999999 0.38032442159277629612 0.00000000099999999999 0.01636827521005407640 0.05501248698828285072 0.51466160627556722940 0.03363320693331958711 
0.00000000100000000000 0.00147760210250120864 0.51801345126247511086 0.01796957595740147906 0.00000000100000000000 0.07037382271100825482 0.39216553687052579935 0.00000000909608802168 
0.00000000099999999999 0.00000000099999999999 0.04315062424832326327 0.00000000099999999999 0.00000000099999999999 0.00000000099999999999 0.91790393491971178364 0.03894543583196493491 
0.00000000100000000000 0.00000000100000000000 0.00858453265461052786 0.00000000100000000000 0.00000000100000000000 0.05561944018711870857 0.93579602215827073497 0.00000000100000000000 
0.00000000099999999999 0.00000000099999999999 0.61391336026989962171 0.00000000099999999999 0.00000000099999999999 0.05673918543139291892 0.32934744929870735097 0.00000000099999999999 
0.00341015366079489837 0.00531133500448617915 0.67950499922670726249 0.02088612084348853357 0.00911104493926559976 0.06154349239945058198 0.18842559493121235903 0.03180725899459453665 
0.00000000100000000000 0.00000000100000000000 0.58800013606988388304 0.00000000100000000000 0.00000000100000000000 0.11434422388134331261 0.28323496997882136039 0.01442066606995153800 
0.00000000099999999999 0.00000000099999999999 0.00000112438046833295 0.00000000099999999999 0.00000000099999999999 0.00000000099999999999 0.99999781836817569491 0.00000105225135598068 
0.00000000099999999999 0.00000000099999999999 0.04988706542845218472 0.00000000099999999999 0.00000000099999999999 0.00000000099999999999 0.95011012375115055928 0.00000280582039717562 
0.00000000099999999999 0.00000000099999999999 0.07350858394008392971 0.00000000099999999999 0.00000000099999999999 0.15743620175805234096 0.76905520930186355155 0.00000000099999999999 
0.00915159123833046706 0.00000000100000000000 0.72236115693600877474 0.00000000100000000000 0.00000000100000000000 0.05421803812474253192 0.21426276333176894062 0.00000644736914928160 
0.00000000100000000000 0.01943755221756448062 0.70328800041261785303 0.00000000100000000000 0.00000000100000000000 0.01031618169573129441 0.21554005033400921998 0.05141821234007716568 
0.00000000099999999999 0.00000000099999999999 0.00540513650625412852 0.00000000099999999999 0.00000000099999999999 0.11849045645209595190 0.87610440204164996558 0.00000000099999999999 
0.00000000099999999999 0.00000003594808619072 0.00000000099999999999 0.00000000099999999999 0.00000000099999999999 0.00000000099999999999 0.99999995805191388420 0.00000000099999999999 
0.00000000099999999999 0.00000000099999999999 0.00000000099999999999 0.00000000099999999999 0.00000000099999999999 0.00000000099999999999 0.95197263377854568489 0.04802736022145427663 
0.00000000099999999999 0.00000000099999999999 0.00000000099999999999 0.00000000099999999999 0.00000000099999999999 0.08396143804419130274 0.91603855595580863103 0.00000000099999999999 
0.00000000099999999999 0.00000000099999999999 0.04363086376663533744 0.00000000099999999999 0.00000000099999999999 0.00000000099999999999 0.92646917902045000659 0.02989995221291466554 
0.00000000100000000000 0.00000000100000000000 0.03869079614331143863 0.00000000100000000000 0.00155122375536834688 0.00000000100000000000 0.87524490126093346110 0.08451307484038669826 
