0.49033360930726421767 0.04466253056333667482 0.04191450974782266053 0.00000000100000000000 0.00582149645286624082 0.03420247756699140718 0.38306537436171883559 0.00000000100000000000 
0.00000000099999999987 0.00000000099999999987 0.00000000099999999987 0.00000000099999999987 0.00000000099999999987 0.00000000099999999987 0.99999999299999997593 0.00000000099999999987 
0.99999999300000019797 0.00000000099999999998 0.00000000099999999998 0.00000000099999999998 0.00000000099999999998 0.00000000099999999998 0.00000000099999999998 0.00000000099999999998 
0.99999999300000008695 0.00000000099999999998 0.00000000099999999998 0.00000000099999999998 0.00000000099999999998 0.00000000099999999998 0.00000000099999999998 0.00000000099999999998 
0.37609698919918099769 0.02567897939487543899 0.01202768420544916665 0.03381242050423520495 0.00000817086713433884 0.02052343122548646107 0.53185232360363832171 0.00000000100000000000 
0.73893510291779529453 0.00000000100000000000 0.00000000100000000000 0.00000633053109097461 0.00000000100000000000 0.00001128217272793049 0.20794046018952910826 0.05310682118885681757 
0.38516962565659113027 0.17195069086907338596 0.00000000100000000000 0.00000000100000000000 0.05141094272855269154 0.00115248648210410933 0.39031625126367863743 0.00000000100000000000 
0.64122221916788768592 0.00010795717699713609 0.00366944044352211481 0.00000716701349124298 0.00000013610087810531 0.02042426377633807175 0.33456876704206084394 0.00000004927882483613 
0.47453762205711536026 0.00983028510215362868 0.00000002846638407186 0.00000000100000000000 0.06036092641164394340 0.05052799840921385482 0.40474313755348895194 0.00000000100000000000 
0.44347602765086419074 0.00000000100000000000 0.00711059930175161718 0.00001066301354988846 0.00000000100000000000 0.05719205456299816109 0.44464045949276831404 0.04757019397806792893 
0.36061900805877228349 0.00000000100000000000 0.03371013884670295141 0.03090539993929256393 0.09119711004818334410 0.02170312394095900294 0.46186521716608969212 0.00000000100000000000 
0.51875019591759452542 0.00000000100000000000 0.02450143669424732079 0.00000000100000000000 0.03907984043504862670 0.00398395101642583151 0.41368457293668364771 0.00000000100000000000 
0.54501555852769334454 0.02187610662333910883 0.00518806868194689012 0.00000000100000000000 0.01481273502921203258 0.00000000100000000000 0.41310752813780854398 0.00000000100000000000 
0.99999999300000019797 0.00000000099999999998 0.00000000099999999998 0.00000000099999999998 0.00000000099999999998 0.00000000099999999998 0.00000000099999999998 0.00000000099999999998 
0.65009428306924721408 0.03162878094510985366 0.05345082542890940841 0.00000000100000000000 0.00005916547420558888 0.00209619727585294395 0.25222350492149336887 0.01044724188518146406 
0.43633156095090469551 0.00550503639088076573 0.00000000100000000000 0.02161782499232620461 0.09013864826111157857 0.00000000100000000000 0.43322569518458892146 0.01318123222018764348 
0.48955746888925144589 0.00000000100000000000 0.00025620232505464051 0.00095031744778641765 0.02115871667876888934 0.05047117910421109604 0.43760611355492734509 0.00000000100000000000 
0.47962674321882908801 0.00000000100000000000 0.02226892389949181039 0.00000000100000000000 0.08444794616433883017 0.00000000100000000000 0.37625504023516737062 0.03740134348217297872 
0.46043087276158745080 0.00000000100000000000 0.08528015366400661101 0.00155348408669497666 0.02550234008207096295 0.00000000100000000000 0.42723314640563980760 0.00000000100000000000 
0.39328351494837127111 0.00000000100000000000 0.04103804853315801138 0.00000002802628343260 0.12290854834343264979 0.00338293327427382964 0.43938692487448088864 0.00000000100000000000 
0.49030149046455556716 0.00000005639500844068 0.05285179334049965733 0.02655372737812756664 0.00000000100000000000 0.00000000100000000000 0.41138362192862720779 0.01890930849318153695 
0.42108961689359408753 0.00000000100000000000 0.04864639902533215987 0.00596516788211258042 0.01034491352312176538 0.00000000680444992404 0.51395389387138945558 0.00000000100000000000 
0.48779013157385431310 0.02683288318436343606 0.03301477290325482983 0.00000021201622811712 0.04699047838736308130 0.01242241181047501995 0.39294910912446107121 0.00000000100000000000 
0.45532495464324884704 0.00000000099999999999 0.00000000099999999999 0.00000000099999999999 0.02552466310509971664 0.00000000099999999999 0.51915037725165136262 0.00000000099999999999 
0.49796262942269609031 0.00000000100000000000 0.01099130518049872343 0.00022999462250815125 0.08247803957228745653 0.00000000100000000000 0.35964659829466688601 0.04869143090734259771 
0.53099594447379860895 0.01807122097590849533 0.00061005762593992847 0.00000000100000000000 0.07167757812977684773 0.03190295909196168983 0.34674223770261436428 0.00000000100000000000 
0.36905668260599955310 0.08510875067068075783 0.01595354226151488378 0.00000000100000000000 0.06521257788774660613 0.00000000183194435865 0.46466844274211377419 0.00000000100000000000 
0.44321749945319882658 0.00000000100000000000 0.03222702795036839346 0.01748828299492111854 0.00000170155042112827 0.03922808081300808297 0.46192590950763651181 0.00591149673044604178 
0.47923996495297993548 0.00000000572408479458 0.06092665585120847493 0.01898077131527341546 0.01289072086946279651 0.00000000100000000000 0.42796187928699064296 0.00000000100000000000 
0.44909176805585121484 0.00000000100000000000 0.03822667061797586224 0.00025814577182221393 0.01575005066826350511 0.00000347530216813204 0.49666988758391905634 0.00000000100000000000 
0.54323293921073878554 0.00000000100000000000 0.02657350484473508870 0.03238984971980411742 0.02356455569139892167 0.00462797695546272869 0.36961116231527701981 0.00000001026258321449 
0.57052019167592060711 0.00000000099999999999 0.00000000099999999999 0.00000000099999999999 0.11769062157605339469 0.00000000099999999999 0.26668635714002719705 0.04510282560799890039 
0.39306855872680673825 0.00000000100000000000 0.01420942976002163675 0.04901871163074607990 0.10300289293865255713 0.00971312161149730409 0.43098728333227559473 0.00000000100000000000 
0.00000000099999999995 0.00000000099999999995 0.00000000099999999995 0.00000000099999999995 0.00000000099999999995 0.00000000099999999995 0.99999999299999997593 0.00000000099999999995 
0.70888642650375377485 0.01762184294457605493 0.00830324376756790168 0.00000000100000000000 0.00821081358646464851 0.03643606521324982417 0.22054160598438762864 0.00000000100000000000 
0.42637605132080363957 0.03271449106141171431 0.05091115087063376177 0.02619117119500120883 0.00000000449493643650 0.04808688657246609072 0.41572024348474706512 0.00000000100000000000 
0.00000000099999999987 0.00000000099999999987 0.00000000099999999987 0.00000000099999999987 0.00000000099999999987 0.00000000099999999987 0.99999999299999997593 0.00000000099999999987 
0.55441491410270860030 0.03113000662239151159 0.04410949270212876500 0.01534775483289617382 0.00000000100000000000 0.01925692089082101099 0.33574090884905388732 0.00000000100000000000 
0.00000000099999999993 0.00000000099999999993 0.00000000099999999993 0.00000000099999999993 0.00000000099999999993 0.00000000099999999993 0.99999999299999986491 0.00000000099999999993 
0.35713948737131023803 0.00000000100000000000 0.00000000456004738439 0.01928995766716417801 0.07031738303620860275 0.02245110547032680773 0.53080205989494266827 0.00000000100000000000 
0.42210683816568045357 0.00000000100000000000 0.04202968784914504902 0.00000000100000000000 0.00000380213752565133 0.00433453710042371390 0.53152513174722504363 0.00000000100000000000 
0.47669945006135100440 0.00000000100000000000 0.00000000100000000000 0.00610653877345016579 0.14833227321841627178 0.00000000100000000000 0.33875313704556531125 0.03010859790121720586 
0.60007992857389258479 0.00000014828767947947 0.02448908470136508531 0.00000000100000000000 0.00000000100000000000 0.04126606835893877057 0.33416476707812414748 0.00000000100000000000 
0.57122850092676691336 0.00000000100000000000 0.04542433356892967844 0.00386071772829663746 0.01904049498713546174 0.01529705846441607384 0.32353685309069035725 0.02161204023376483638 
0.49201325845750670807 0.04161098473103396617 0.00491567188857410485 0.00000000100000000000 0.04702626024592599513 0.01190889553340240825 0.40252492714355697645 0.00000000100000000000 
0.40397930098920648012 0.00000000100000000000 0.00718888066665580427 0.00000000100000000000 0.07040404491536529641 0.00000035067688147325 0.51842741975189088333 0.00000000100000000000 
0.46408014759964727469 0.00000000100000000000 0.04444120780289851497 0.00000000100000000000 0.05881335875673805724 0.00000000100000000000 0.37029124874534463663 0.06237403409537155274 
0.40336649764073478908 0.03460703145204482162 0.00171979487412567481 0.01489468207401577551 0.06915876960469524715 0.03972098024812584227 0.43186129116107085935 0.00467095294518687573 
0.41597190578865189670 0.12565331260467257901 0.06064677492290629357 0.00000000100000000000 0.02171795129511983058 0.00112998676538613634 0.37488006662326317509 0.00000000100000000000 
0.99999999300000008695 0.00000000099999999998 0.00000000099999999998 0.00000000099999999998 0.00000000099999999998 0.00000000099999999998 0.00000000099999999998 0.00000000099999999998 
0.40560378155491999541 0.03838644557632521492 0.00636210760926986772 0.02611975660852512357 0.08511493337095579759 0.00446647549880395834 0.43394649878119995190 0.00000000100000000000 
0.39172704151631815295 0.03914721302875080744 0.08805448135714667723 0.00000000100000000000 0.03118766203741355283 0.03788286947993436959 0.41200073058043623631 0.00000000100000000000 
0.59206353086519869500 0.00000060662627151954 0.01416469507926884815 0.01076885641543105267 0.00000000100000000000 0.04157765380840402342 0.34142465520542586432 0.00000000100000000000 
0.32483117190098920180 0.07412997612877249287 0.02933440210320570340 0.00000000100000000000 0.06481855779334082246 0.00165010818600885151 0.50523578188768292208 0.00000000100000000000 
0.99999999300000019797 0.00000000099999999999 0.00000000099999999999 0.00000000099999999999 0.00000000099999999999 0.00000000099999999999 0.00000000099999999999 0.00000000099999999999 
0.00000000099999999996 0.00000000099999999996 0.00000000099999999996 0.00000000099999999996 0.00000000099999999996 0.00000000099999999996 0.99999999299999986491 0.00000000099999999996 
0.00000000099999999996 0.00000000099999999996 0.22752904274967453158 0.00000000099999999996 0.00000000099999999996 0.00000000099999999996 0.77247095125032538832 0.00000000099999999996 
0.57746386013917427871 0.00766951951328960144 0.02322028624625852022 0.03318980303133234333 0.03237972565236701961 0.00000000100000000000 0.30928084257679933078 0.01679596184077878501 
0.50316771915585523089 0.00000000100000000000 0.01915772017448236567 0.01056607077258691317 0.07160613474728898253 0.00000000100000000000 0.39550235214978646248 0.00000000100000000000 
0.40272113106629492396 0.00126287437770688615 0.11418402751589820654 0.06166244170538832253 0.04950170760386021773 0.03635354163856505810 0.33431427509228633932 0.00000000100000000000 
0.29481280186737002236 0.08564677075231204306 0.02820385793221210843 0.01307197287007526298 0.09814499462397811846 0.00597072291151207277 0.47414887804254041148 0.00000000100000000000 
0.38062899035458735986 0.04595263511248987714 0.00000000100000000000 0.02108115323326056542 0.00000000100000000000 0.00000000100000000000 0.55188714880516587247 0.00045006949449632875 
0.38438877682495681265 0.00000000100000000000 0.00000000100000000000 0.00000000100000000000 0.02661852034737077072 0.05050036186741829053 0.44387496108057672428 0.09461737687967727850 
0.41947965305330081609 0.00000000100000000000 0.01193809654778610688 0.00000000100000000000 0.09941213072075251456 0.01770491571769056485 0.45146520096046999226 0.00000000100000000000 
0.61975039984018043260 0.07217036969471538055 0.01730315644178452572 0.00005360025225200230 0.05452676897229401243 0.00790983281757051161 0.22826894171823941537 0.00001693026296363390 
0.64283345519499579535 0.00007174305025238631 0.01173330488944726926 0.01235161609475706780 0.00000000100000000000 0.00334854599706475419 0.32966133277348275143 0.00000000100000000000 
0.99999999300000008695 0.00000000099999999999 0.00000000099999999999 0.00000000099999999999 0.00000000099999999999 0.00000000099999999999 0.00000000099999999999 0.00000000099999999999 
0.39758172903976951584 0.00000000100000000000 0.01961976722737978837 0.00286196468942881118 0.08289033764786049585 0.01970860114710551447 0.39118867057495909645 0.08614892867349678574 
0.40180233864302145053 0.06891644819142744849 0.05747075017907921080 0.00000000100000000000 0.02081979983661203307 0.00000099217237712623 0.45098966897748266058 0.00000000100000000000 
0.49248847836026127256 0.00000004491619007405 0.04507501242698915001 0.00000362196244915133 0.00000001305196595345 0.00554460717765515969 0.40947884033829046180 0.04740938176619862582 
0.36475195387359693466 0.00000000100000000000 0.00000000100000000000 0.01641335858581520479 0.21489008582457719276 0.00000000100000000000 0.32870668900778854393 0.07523790970822215318 
0.50056615512402391488 0.00000000100000000000 0.34132062299458815202 0.00000000100000000000 0.06660393869621908380 0.05729265428313742164 0.03421662590203157495 0.00000000100000000000 
0.99999999300000019797 0.00000000099999999998 0.00000000099999999998 0.00000000099999999998 0.00000000099999999998 0.00000000099999999998 0.00000000099999999998 0.00000000099999999998 
0.99999999300000019797 0.00000000099999999998 0.00000000099999999998 0.00000000099999999998 0.00000000099999999998 0.00000000099999999998 0.00000000099999999998 0.00000000099999999998 
0.48442867001197320587 0.00000000100000000000 0.07627719533297985799 0.03188767797327756587 0.00000475705628304623 0.02862476351186085330 0.37877693411362545195 0.00000000100000000000 
0.45926476904559443426 0.03132087725996502564 0.00000000100000000000 0.01040162727963233301 0.08682524394441626381 0.01384912721129992301 0.39833835325909205949 0.00000000100000000000 
0.48785678090513595606 0.00000000100000000000 0.04884216184446838610 0.00000000100000000000 0.00390055626878623102 0.03425916557602307067 0.36248376741744048335 0.06265756598814591072 
0.99999999300000019797 0.00000000099999999999 0.00000000099999999999 0.00000000099999999999 0.00000000099999999999 0.00000000099999999999 0.00000000099999999999 0.00000000099999999999 
0.00000000099999999994 0.00000000099999999994 0.00000000099999999994 0.00000000099999999994 0.00000000099999999994 0.00000000099999999994 0.99999999299999986491 0.00000000099999999994 
0.45769109440597738336 0.00000000100000000000 0.03658660297759949720 0.00210088347296629938 0.02559722202542594541 0.01330432491378594380 0.46471604795921739317 0.00000382324502745238 
0.00000000099999999997 0.00000000099999999997 0.29620384508369596022 0.00000000099999999997 0.00000000099999999997 0.00000000099999999997 0.70379614891630404294 0.00000000099999999997 
0.00000000099999999996 0.00000000099999999996 0.00000000099999999996 0.00000000099999999996 0.00000000099999999996 0.00000000099999999996 0.99999999299999997593 0.00000000099999999996 
0.57072994503546903289 0.00000000100000000000 0.05148716162069229274 0.00000000100000000000 0.01149004489841146635 0.00000000589563354892 0.28872104674656062784 0.07757179380323310502 
0.37437768248439751151 0.00000004279220123733 0.02895158114464775959 0.02429933041847358657 0.04244380142732246536 0.05422292320465112170 0.47570463752830632886 0.00000000100000000000 
0.40499584467459615045 0.00000192370783099563 0.04502086207414029984 0.00000000100000000000 0.08126719095501271084 0.00039268454558193702 0.36548606542517048101 0.10283542761766753526 
0.61109855147070024639 0.00000000100000000000 0.03436260020406074062 0.00000000100000000000 0.00000000100000000000 0.00471558315964823709 0.28676952468923322392 0.06305373747635760473 
0.99999999300000019797 0.00000000099999999998 0.00000000099999999998 0.00000000099999999998 0.00000000099999999998 0.00000000099999999998 0.00000000099999999998 0.00000000099999999998 
0.40144369273455104974 0.00953063638220563031 0.04271524833785338149 0.00000000100000000000 0.10548116859931686018 0.02181936462470800142 0.41804798283727440111 0.00096190548409066706 
0.62036055975199644319 0.00000000100000000000 0.00053322412660756862 0.00000000100000000000 0.04462850109757673933 0.00297099760097411679 0.28170700444681529007 0.04979971097602986507 
0.44819203859184075789 0.00005034176242702764 0.04639372695548562436 0.02382251123740874652 0.11366510641972862872 0.00000015410268034872 0.35884483219105273166 0.00903128873937606054 
0.65003899808037812758 0.05543041340980677661 0.01484925773403045386 0.00009512367395419446 0.04524477917830469625 0.00425082357848671159 0.23009060334503894651 0.00000000100000000000 
0.99999999300000019797 0.00000000099999999998 0.00000000099999999998 0.00000000099999999998 0.00000000099999999998 0.00000000099999999998 0.00000000099999999998 0.00000000099999999998 
0.50248695337513948900 0.06817518833110149112 0.06568662997374240253 0.00000000100000000000 0.04961430824665998690 0.01611491963844111086 0.29779565006618552436 0.00012634936873000841 
0.99999999300000019797 0.00000000099999999999 0.00000000099999999999 0.00000000099999999999 0.00000000099999999999 0.00000000099999999999 0.00000000099999999999 0.00000000099999999999 
0.40200171096951986538 0.06887289634446919218 0.00792226072234375987 0.00000000100000000000 0.01713296033493677539 0.04628279968533378919 0.45778736994339663813 0.00000000100000000000 
0.42773661414499275502 0.09248295788195055878 0.01898172041411140890 0.00001657291444901866 0.00000000100000000000 0.06026874187513030223 0.40051339076936592898 0.00000000100000000000 
0.00000028256558778310 0.00000048089472769216 0.05130298342847069981 0.00000000100000000000 0.71649418510250717507 0.02630422250262242148 0.20589784350608419938 0.00000000100000000000 
0.00000000099999999999 0.00000000099999999999 0.00000000099999999999 0.00000000099999999999 0.99999999300000008695 0.00000000099999999999 0.00000000099999999999 0.00000000099999999999 
0.00000000100000000000 0.04694373071391184232 0.10537120796184393234 0.00000000100000000000 0.68800909227889905928 0.01306513095426501368 0.14661083509108024936 0.00000000100000000000 
0.00000000099999999997 0.00000000099999999997 0.00000000099999999997 0.00000000099999999997 0.99999999299999997593 0.00000000099999999997 0.00000000099999999997 0.00000000099999999997 
0.02964885878087966317 0.00000000100000000000 0.06917851106468583811 0.01900403634514742299 0.67345251084404722519 0.07155300680603317309 0.11108684088275538882 0.02607623427645121977 
0.00000000099999999998 0.00000000099999999998 0.00000000099999999998 0.00000000099999999998 0.99999999300000008695 0.00000000099999999998 0.00000000099999999998 0.00000000099999999998 
0.00000000099999999999 0.00000000099999999999 0.00000000099999999999 0.00000000099999999999 0.99999999299999997593 0.00000000099999999999 0.00000000099999999999 0.00000000099999999999 
0.00000000099999999998 0.00000000099999999998 0.00000000099999999998 0.00000000099999999998 0.99999999300000008695 0.00000000099999999998 0.00000000099999999998 0.00000000099999999998 
0.00000000099999999999 0.00000000099999999999 0.00000000099999999999 0.00000000099999999999 0.99999999299999997593 0.00000000099999999999 0.00000000099999999999 0.00000000099999999999 
0.00000000099999999998 0.00000000099999999998 0.00000000099999999998 0.00000000099999999998 0.99999999300000008695 0.00000000099999999998 0.00000000099999999998 0.00000000099999999998 
0.00000000100000000000 0.00000000100000000000 0.07383970041499242354 0.00000000100000000000 0.76296884704409984046 0.04068641346295695516 0.10563483560927984517 0.01687020046867086787 
0.00000000099999999999 0.00000000099999999999 0.00000000099999999999 0.00000000099999999999 0.99999999296619557221 0.00000000103380434376 0.00000000099999999999 0.00000000099999999999 
0.00000000099999999998 0.00000000099999999998 0.00000000099999999998 0.00000000099999999998 0.99999999299999997593 0.00000000099999999998 0.00000000099999999998 0.00000000099999999998 
0.00000000099999999998 0.00000000099999999998 0.00000000099999999998 0.00000000099999999998 0.99999999300000008695 0.00000000099999999998 0.00000000099999999998 0.00000000099999999998 
0.00000000099999999998 0.00000000099999999998 0.00000000099999999998 0.00000000099999999998 0.99999999299999997593 0.00000000099999999998 0.00000000099999999998 0.00000000099999999998 
0.00000000099999999998 0.00000000099999999998 0.00000000099999999998 0.00000000099999999998 0.99999999299999997593 0.00000000099999999998 0.00000000099999999998 0.00000000099999999998 
0.00000000099999999999 0.00000000099999999999 0.00000000099999999999 0.00000000099999999999 0.99999999299999997593 0.00000000099999999999 0.00000000099999999999 0.00000000099999999999 
0.00000000099999999998 0.00000000099999999998 0.00000038431855382799 0.00000000099999999998 0.99999960968144629980 0.00000000099999999998 0.00000000099999999998 0.00000000099999999998 
0.00000000099999999998 0.00000000099999999998 0.00000000099999999998 0.00000000099999999998 0.99976112365715841257 0.00023887034284159558 0.00000000099999999998 0.00000000099999999998 
0.21640158309713569684 0.02828922328748920134 0.11160515052055562657 0.02269358481612868128 0.40974884757617607844 0.01021736295775776092 0.07519349722876168818 0.12585075051599528551 
0.00000000099999999999 0.00000000099999999999 0.00000000099999999999 0.00000000099999999999 0.99999999299999997593 0.00000000099999999999 0.00000000099999999999 0.00000000099999999999 
0.00000000099999999996 0.00000000099999999996 0.00000000099999999996 0.00000000099999999996 0.99999999300000008695 0.00000000099999999996 0.00000000099999999996 0.00000000099999999996 
0.00000000099999999999 0.00000000099999999999 0.00000000099999999999 0.00000000099999999999 0.99999999300000008695 0.00000000099999999999 0.00000000099999999999 0.00000000099999999999 
0.00000000100000000000 0.00000000100000000000 0.00000000100000000000 0.05088227465950127815 0.82031221923242236826 0.03958977754496369877 0.08921572456311263610 0.00000000100000000000 
0.00000000099999999998 0.00000000099999999998 0.00000000099999999998 0.00000000099999999998 0.99999999299999997593 0.00000000099999999998 0.00000000099999999998 0.00000000099999999998 
0.00000000100000000000 0.01379925941857198905 0.05620064032738394250 0.00000000100000000000 0.76820194543882402982 0.06397436951963664242 0.09782378229558340299 0.00000000100000000000 
0.00000000099999999998 0.00000000099999999998 0.00000000099999999998 0.00000000099999999998 0.99999999299999997593 0.00000000099999999998 0.00000000099999999998 0.00000000099999999998 
0.00000000099999999999 0.00000000099999999999 0.00000000099999999999 0.00000000099999999999 0.99999999299999997593 0.00000000099999999999 0.00000000099999999999 0.00000000099999999999 
0.00000000099999999997 0.00000000099999999997 0.00000000099999999997 0.00000000099999999997 0.99999999299999997593 0.00000000099999999997 0.00000000099999999997 0.00000000099999999997 
0.11514749494858848855 0.00005079301103732061 0.07248557576603618935 0.00000000100000000000 0.67271657127391926156 0.04292078407531995515 0.08593136645920289307 0.01074741346589595803 
0.00000000099999999998 0.00000000099999999998 0.00000000099999999998 0.00000000099999999998 0.99999999299999997593 0.00000000099999999998 0.00000000099999999998 0.00000000099999999998 
0.00000000099999999995 0.00000000099999999995 0.00000000099999999995 0.00000000099999999995 0.00000000099999999995 0.99999999300000008695 0.00000000099999999995 0.00000000099999999995 
0.00000000099999999995 0.00000000099999999995 0.00000000099999999995 0.00000000099999999995 0.00000000099999999995 0.99999999300000008695 0.00000000099999999995 0.00000000099999999995 
0.00000000099999999995 0.00000000099999999995 0.00000000099999999995 0.00000000099999999995 0.00000000099999999995 0.99999999300000008695 0.00000000099999999995 0.00000000099999999995 
0.00000000099999999995 0.00000000099999999995 0.00000000099999999995 0.00000000099999999995 0.00000000099999999995 0.99999999299999997593 0.00000000099999999995 0.00000000099999999995 
0.00000000099999999994 0.00000000099999999994 0.00000000099999999994 0.00000000099999999994 0.00000000099999999994 0.99999999299999997593 0.00000000099999999994 0.00000000099999999994 
0.00000000099999999993 0.00000000099999999993 0.00000000099999999993 0.00000000099999999993 0.00000000099999999993 0.99999999299999997593 0.00000000099999999993 0.00000000099999999993 
0.00000000099999999994 0.00000000099999999994 0.00000000099999999994 0.00000000099999999994 0.00000000099999999994 0.99999999299999997593 0.00000000099999999994 0.00000000099999999994 
0.00000000099999999995 0.00000000099999999995 0.00000000099999999995 0.00000000099999999995 0.00000000099999999995 0.99999999299999997593 0.00000000099999999995 0.00000000099999999995 
0.00000000099999999993 0.00000000099999999993 0.00000000099999999993 0.00000000099999999993 0.00000000099999999993 0.99999999299999997593 0.00000000099999999993 0.00000000099999999993 
0.00000000099999999993 0.00000000099999999993 0.00000000099999999993 0.00000000099999999993 0.00000000099999999993 0.99999999300000008695 0.00000000099999999993 0.00000000099999999993 
0.00000000099999999994 0.00000000099999999994 0.00000000099999999994 0.00000000099999999994 0.00000000099999999994 0.99999999300000008695 0.00000000099999999994 0.00000000099999999994 
0.00000000099999999995 0.00000000099999999995 0.00000000099999999995 0.00000000099999999995 0.00000000099999999995 0.99999999299999997593 0.00000000099999999995 0.00000000099999999995 
0.00000000099999999999 0.00000000099999999999 0.62386093387066221538 0.00000000099999999999 0.00000000099999999999 0.37613906012933773226 0.00000000099999999999 0.00000000099999999999 
0.00000000099999999993 0.00000000099999999993 0.00000000099999999993 0.00000000099999999993 0.00000000099999999993 0.99999999299999997593 0.00000000099999999993 0.00000000099999999993 
0.00000000099999999994 0.00000000099999999994 0.00000000099999999994 0.00000000099999999994 0.00000000099999999994 0.99999999299999997593 0.00000000099999999994 0.00000000099999999994 
0.00000000099999999994 0.00000000099999999994 0.00000000099999999994 0.00000000099999999994 0.00000000099999999994 0.99999999300000008695 0.00000000099999999994 0.00000000099999999994 
0.00000000099999999996 0.00000000099999999996 0.00000000099999999996 0.00000000099999999996 0.00000000099999999996 0.99999999299999997593 0.00000000099999999996 0.00000000099999999996 
0.00000000099999999994 0.00000000099999999994 0.00000000099999999994 0.00000000099999999994 0.00000000099999999994 0.99999999300000008695 0.00000000099999999994 0.00000000099999999994 
0.00000000099999999993 0.00000000099999999993 0.00000000099999999993 0.00000000099999999993 0.00000000099999999993 0.99999999299999997593 0.00000000099999999993 0.00000000099999999993 
0.00000000099999999994 0.00000000099999999994 0.00000000099999999994 0.00000000099999999994 0.00000000099999999994 0.99999999300000008695 0.00000000099999999994 0.00000000099999999994 
0.00000000099999999999 0.00000000099999999999 0.45454875315236242805 0.00000000099999999999 0.00000000099999999999 0.54545124084763751959 0.00000000099999999999 0.00000000099999999999 
0.00000000099999999994 0.00000000099999999994 0.00000000099999999994 0.00000000099999999994 0.00000000099999999994 0.99999999300000008695 0.00000000099999999994 0.00000000099999999994 
0.00000000099999999999 0.00000000099999999999 0.40468717488740946209 0.00000000099999999999 0.00000000099999999999 0.59531281911259048556 0.00000000099999999999 0.00000000099999999999 
0.00000000099999999994 0.00000000099999999994 0.00000000099999999994 0.00000000099999999994 0.00000000099999999994 0.99999999299999997593 0.00000000099999999994 0.00000000099999999994 
0.00000000099999999995 0.00000000099999999995 0.00000000099999999995 0.00000000099999999995 0.00000000099999999995 0.99999999300000008695 0.00000000099999999995 0.00000000099999999995 
0.00000000099999999993 0.00000000099999999993 0.00000000099999999993 0.00000000099999999993 0.00000000099999999993 0.99999999299999997593 0.00000000099999999993 0.00000000099999999993 
0.00000000100000000000 0.23672077736832872197 0.00000000100000000000 0.71132463305716397972 0.00321882666280733261 0.00000000100000000000 0.04873575891169997648 0.00000000100000000000 
0.00000000099999999995 0.99999999300000008695 0.00000000099999999995 0.00000000099999999995 0.00000000099999999995 0.00000000099999999995 0.00000000099999999995 0.00000000099999999995 
0.00000000099999999996 0.00000000099999999996 0.00000000099999999996 0.00000000099999999996 0.00000000099999999996 0.00000000099999999996 0.00000000099999999996 0.99999999299999997593 
0.00001932236800950925 0.19428912720455290830 0.00000000100000000000 0.80569154542743770531 0.00000000100000000000 0.00000000100000000000 0.00000000100000000000 0.00000000100000000000 
0.00000000099999999996 0.00000000099999999996 0.00000000099999999996 0.00000000099999999996 0.00000000099999999996 0.00000000099999999996 0.00000000099999999996 0.99999999300000008695 
0.00000000099999999999 0.58958873619342544448 0.00000000099999999999 0.00006386605573544233 0.00000000099999999999 0.00000000099999999999 0.00000001919194251821 0.41034737455889658264 
0.00000000099999999999 0.53242088033742662745 0.00000000099999999999 0.00000000099999999999 0.00000000099999999999 0.00000000099999999999 0.00000000099999999999 0.46757911366257359775 
0.05748214433000575080 0.39855320312111153225 0.00000000099999999999 0.04710323594353617305 0.00000000099999999999 0.00000000099999999999 0.00000000099999999999 0.49686141260534660846 
0.00000000099999999995 0.00000000099999999995 0.00000000099999999995 0.00000000099999999995 0.00000000099999999995 0.00000000099999999995 0.00000000099999999995 0.99999999300000008695 
0.00000000100000000000 0.46489708217302194715 0.00000000100000000000 0.00000000100000000000 0.00000000100000000000 0.00000000100000000000 0.00000000100000000000 0.53510291182697800050 
0.00000000099999999996 0.00000000099999999996 0.00000000099999999996 0.00000000099999999996 0.00000000099999999996 0.00000000099999999996 0.00000000099999999996 0.99999999300000008695 
0.00000000099999999999 0.50788895378161191818 0.00000000099999999999 0.00000000188466922854 0.00000000099999999999 0.00000000099999999999 0.00000000099999999999 0.49211103933371896924 
0.08639871439723174895 0.17425631373669162039 0.00000000100000000000 0.47077445833155850963 0.01492181911663263173 0.00000000100000000000 0.01397890593230125683 0.23966978648558426301 
0.34399403326129107672 0.21413484389968215349 0.00087751796846505291 0.03580607675523923839 0.04175367749389050087 0.00000000100000000000 0.00000000100000000000 0.36343384862143196523 
0.00000000099999999999 0.49287706408062009755 0.00000000099999999999 0.02679863288455088324 0.00000000099999999999 0.00000000099999999999 0.00000000099999999999 0.48032429803482906694 
0.00000000099999999996 0.00000000099999999996 0.00000000099999999996 0.00000000099999999996 0.00000000099999999996 0.00000000099999999996 0.00000000099999999996 0.99999999299999997593 
0.00000000100000000000 0.51462465308665517050 0.00000000100000000000 0.01317437958210911780 0.00000000100000000000 0.00876370136305430411 0.00000000100000000000 0.46343726196818146867 
0.03686754718489722304 0.54534925544926071694 0.00000000100000000000 0.03781089778786959898 0.02188773919496521392 0.00000000100000000000 0.00000000100000000000 0.35808455738300709603 
0.00000000099999999995 0.00000000099999999995 0.00000000099999999995 0.99999999299999997593 0.00000000099999999995 0.00000000099999999995 0.00000000099999999995 0.00000000099999999995 
0.00000000099999999995 0.99999999300000019797 0.00000000099999999995 0.00000000099999999995 0.00000000099999999995 0.00000000099999999995 0.00000000099999999995 0.00000000099999999995 
0.00000000100000000000 0.18457327751934249349 0.00004001674260355077 0.75009228054601362334 0.00000000100000000000 0.01247457948045950504 0.05281984271158086941 0.00000000100000000000 
0.07302916108441646903 0.20692158704701313354 0.00000000100000000000 0.69536974888760383351 0.00001379106642837499 0.00905298087389463761 0.01561272904064368687 0.00000000100000000000 
0.00000000099999999995 0.99999999300000019797 0.00000000099999999995 0.00000000099999999995 0.00000000099999999995 0.00000000099999999995 0.00000000099999999995 0.00000000099999999995 
0.00000000099999999999 0.52900513170648644223 0.00000000099999999999 0.00000557585503354417 0.00000000099999999999 0.00000000099999999999 0.00000000099999999999 0.47098928743848028633 
0.02698261296660098979 0.06769996058395408300 0.00000000100000000000 0.71738867548223073101 0.01649527855000448850 0.00629992248332063298 0.02406237589879052854 0.14107117303509850159 
0.00000000099999999999 0.56523359084382907014 0.00000000099999999999 0.00006587153037185191 0.00000000099999999999 0.00000000099999999999 0.00000000099999999999 0.43470053262579932962 
0.00000000099999999995 0.99999999300000019797 0.00000000099999999995 0.00000000099999999995 0.00000000099999999995 0.00000000099999999995 0.00000000099999999995 0.00000000099999999995 
0.07565461157952987903 0.06330333284538054717 0.00000000100000000000 0.77504040963143938647 0.00000000100000000000 0.00000000100000000000 0.00000000100000000000 0.08600164194365020331 
0.00000000099999999995 0.00000000099999999995 0.00000000099999999995 0.00000000099999999995 0.00000000099999999995 0.00000000099999999995 0.00000000099999999995 0.99999999300000008695 
0.00000000099999999998 0.54945196856298805788 0.00000000099999999998 0.00516319621212668351 0.00000000099999999998 0.00000000099999999998 0.00000000099999999998 0.44538483022488556395 
0.01907675604927526122 0.19700827499139730858 0.03701104343193979684 0.73763085896882030212 0.00926005980158415946 0.00000000100000000000 0.00000000100000000000 0.00001300475698308534 
0.02683628119634253600 0.45006051684449949191 0.00000000099999999999 0.00091656263146412209 0.00000000099999999999 0.00000000099999999999 0.00000000099999999999 0.52218663532769382662 
0.00000000099999999999 0.26166303603846602366 0.00000000099999999999 0.73833695796153409052 0.00000000099999999999 0.00000000099999999999 0.00000000099999999999 0.00000000099999999999 
0.00000000100000000000 0.19910740394554107824 0.00000000100000000000 0.77537507606169553398 0.00000000100000000000 0.00000000100000000000 0.02551751499276324817 0.00000000100000000000 
0.05010914754283798261 0.18385392095177291449 0.00000000100000000000 0.76603691531051842922 0.00000000100000000000 0.00000000100000000000 0.00000001219487073507 0.00000000100000000000 
0.06415307647621741605 0.00000000100000000000 0.00000000100000000000 0.79802915678063435223 0.00000000100000000000 0.00000000100000000000 0.00000000100000000000 0.13781776174314824823 
0.00000000099999999998 0.58204399097200687496 0.00000000099999999998 0.00000000099999999998 0.00000000099999999998 0.00000000099999999998 0.00000000099999999998 0.41795600302799318371 
0.00000000099999999999 0.40261317244696309681 0.00000000099999999999 0.00000000099999999999 0.00000000099999999999 0.00000000099999999999 0.01377407080428565481 0.58361275174875093530 
0.00000000099999999999 0.38499358404481831553 0.00000000099999999999 0.06623805073930467968 0.00000000099999999999 0.00000000099999999999 0.02601230108313301245 0.52275606013274389383 
0.07826427921150280742 0.48505768775248375713 0.00000000100000000000 0.05459722859759655322 0.00000000100000000000 0.00873531582292341735 0.00000000100000000000 0.37334548561549346646 
0.01415190096081109586 0.47131689771678469958 0.00000000099999999999 0.08382510518495636664 0.00000000099999999999 0.00000000099999999999 0.00000000099999999999 0.43070609213744787125 
0.00000000100000000000 0.14481721474798403548 0.04211650698822191202 0.62019873479044240749 0.00859457022847298288 0.00000000100000000000 0.04681495731222412582 0.13745801393265466572 
0.00000000099999999995 0.99999999300000019797 0.00000000099999999995 0.00000000099999999995 0.00000000099999999995 0.00000000099999999995 0.00000000099999999995 0.00000000099999999995 
0.00000000099999999995 0.99999999300000008695 0.00000000099999999995 0.00000000099999999995 0.00000000099999999995 0.00000000099999999995 0.00000000099999999995 0.00000000099999999995 
0.00000000099999999993 0.99999999300000019797 0.00000000099999999993 0.00000000099999999993 0.00000000099999999993 0.00000000099999999993 0.00000000099999999993 0.00000000099999999993 
0.04181930632068062842 0.30939333723485862304 0.00000000099999999999 0.37153053489443577106 0.03015089211775574471 0.00000000099999999999 0.00000000099999999999 0.24710592643226925169 
0.01211646796981630594 0.13531286643734857789 0.02304393515492732247 0.51277880707758871637 0.00000019763592695382 0.00446656701697347412 0.00000000100000000000 0.31228115770741859958 
0.00009092261995019129 0.48287564971731689045 0.00000000099999999999 0.04086425706593022067 0.00000000099999999999 0.00000000099999999999 0.00000000099999999999 0.47616916659680280643 
0.00000000099999999996 0.00000000099999999996 0.00000000099999999996 0.00000000099999999996 0.00000000099999999996 0.00000000099999999996 0.00000000099999999996 0.99999999300000008695 
0.00000000099999999999 0.07477182224499270835 0.00000000099999999999 0.61936566247168567401 0.00000000099999999999 0.00000000099999999999 0.00000000099999999999 0.30586251028332156476 
0.00002991082382706609 0.00000000100000000000 0.02200775995294799656 0.66476565156469746842 0.00593743012670872039 0.00029956126808055163 0.02666402076300741081 0.28029566450073062356 
0.05277544443452010514 0.00000000100000000000 0.00000000100000000000 0.59629672448768922255 0.01009781857138773893 0.00000000100000000000 0.00000849994374376439 0.34082150956265927499 
0.00000000099999999999 0.44085284799994178817 0.00000000099999999999 0.00000100715643080038 0.00000000099999999999 0.00000000099999999999 0.00000000099999999999 0.55914613984362737664 
0.00000000099999999995 0.00000000099999999995 0.00000000099999999995 0.00000000099999999995 0.00000000099999999995 0.00000000099999999995 0.00000000099999999995 0.99999999300000008695 
0.07248700693915258175 0.27772356756758587171 0.00000000100000000000 0.07866079745009034452 0.00600499276177760173 0.00000000100000000000 0.00000000100000000000 0.56512363228139361748 
0.00020589031026620790 0.00000035502759242610 0.00000000100000000000 0.73193941512181470710 0.00000000100000000000 0.00000000100000000000 0.00511087684667686174 0.26274345969364992781 
0.00042440245097929188 0.15666212004937352109 0.00000000100000000000 0.69937991136973731710 0.00000000100000000000 0.02492443215300947992 0.00000000100000000000 0.11860913097690047036 
0.00000000100000000000 0.41953190729627426458 0.00000000100000000000 0.01288867962534655069 0.00000714738743486142 0.00000000100000000000 0.00000000100000000000 0.56757226169094410206 
0.00000000099999999997 0.00000000099999999997 0.00000000099999999997 0.00000000099999999997 0.00000000099999999997 0.00000000099999999997 0.00000000099999999997 0.99999999299999997593 
0.00000000099999999996 0.00000000099999999996 0.00000000099999999996 0.00000000099999999996 0.00000000099999999996 0.00000000099999999996 0.00000000099999999996 0.99999999300000008695 
0.00000000099999999994 0.99999999300000008695 0.00000000099999999994 0.00000000099999999994 0.00000000099999999994 0.00000000099999999994 0.00000000099999999994 0.00000000099999999994 
0.00000000099999999993 0.99999999300000008695 0.00000000099999999993 0.00000000099999999993 0.00000000099999999993 0.00000000099999999993 0.00000000099999999993 0.00000000099999999993 
0.04557625657813899750 0.51944778290860882386 0.00000000100000000000 0.04130166935229991759 0.00000000100000000000 0.00000000100000000000 0.00000000100000000000 0.39367428716095231866 
