0.06696700930139559693 0.31959597485560387042 0.00000251443133635236 0.00010838191692620916 0.00011778176748282756 0.04118840735734109054 0.55904986229149256083 0.01297006807842148932 
0.00000000099999999993 0.99999999300000008695 0.00000000099999999993 0.00000000099999999993 0.00000000099999999993 0.00000000099999999993 0.00000000099999999993 0.00000000099999999993 
0.00000000099999999997 0.99999999300000008695 0.00000000099999999997 0.00000000099999999997 0.00000000099999999997 0.00000000099999999997 0.00000000099999999997 0.00000000099999999997 
0.00000000099999999998 0.99999999300000008695 0.00000000099999999998 0.00000000099999999998 0.00000000099999999998 0.00000000099999999998 0.00000000099999999998 0.00000000099999999998 
0.03160756832082338430 0.29156746888775375570 0.00000000100000000000 0.01477987055120626690 0.04938470139107055401 0.00000073262501342820 0.61265576847557967621 0.00000388874855285212 
0.00000000100000000000 0.53127976010260757889 0.01607657749322503188 0.00000000100000000000 0.00000014130904855905 0.09041711326505516566 0.36216492718924375716 0.00006147864081992936 
0.00000000182339935211 0.23233402784995219048 0.00000000100000000000 0.03036569485094739451 0.00000000100000000000 0.00000000100000000000 0.56238136360545953885 0.17491890887024147405 
0.01156829224086636243 0.47337672605208130916 0.02327451399626387710 0.00159449764744197986 0.00000008784402228948 0.00000000100000000000 0.48061904033282837334 0.00956684088649585422 
0.04090179940903467676 0.32872519732719396313 0.00756073297104354735 0.06763001164544910071 0.00000000100000000000 0.00000000100000000000 0.55477032000621862018 0.00041193664105990607 
0.06726212873792035418 0.32127827764140065581 0.00000000100000000000 0.00000000100000000000 0.01994716331900518377 0.04038452794522449235 0.55112789932261729842 0.00000000103383198314 
0.00000000099999999998 0.00000000099999999998 0.00000000099999999998 0.00000000099999999998 0.00000000099999999998 0.00000000099999999998 0.99999999299999997593 0.00000000099999999998 
0.02879233073855349059 0.37465395987164340497 0.00000000100000000000 0.01352193951394171055 0.00000000100000000000 0.00000000100000000000 0.58303176587586125201 0.00000000100000000000 
0.00000000100000000000 0.35933176629390028989 0.05251229719693019382 0.00053120928317001894 0.00000000100000000000 0.00000000100000000000 0.58762472322599934582 0.00000000100000000000 
0.00000000099999999997 0.99999999300000019797 0.00000000099999999997 0.00000000099999999997 0.00000000099999999997 0.00000000099999999997 0.00000000099999999997 0.00000000099999999997 
0.04140637742199806265 0.49322726591352955561 0.00000002200028603230 0.00014052064028901727 0.00000063405643957753 0.00000000100000000000 0.37843903209289259104 0.08678614687456519261 
0.00000000100000000000 0.28912222605810283804 0.05124082680058626021 0.08542217595973931876 0.00000000100000000000 0.00000000100000000000 0.56154025884490643694 0.01267450933666496027 
0.04417226304944983639 0.30299531071158064544 0.00803657234270967885 0.01201780936515758035 0.00000000578705611034 0.00000000100000000000 0.63277803674404609069 0.00000000100000000000 
0.00922293254520690532 0.26380297363974980485 0.00000000100000000000 0.06940720703901466504 0.00058267149664454070 0.07285744794400837721 0.58412676533537566392 0.00000000100000000000 
0.08444810003320941949 0.27931692938102881119 0.00000000100000000000 0.00894009489579145403 0.02343436409630474462 0.00000000100000000000 0.60386050859366546817 0.00000000100000000000 
0.04192092202119197114 0.24261838174072106189 0.00805572700387133418 0.10872494306136482045 0.00000000100000000000 0.00000000100000000000 0.59868002317285062830 0.00000000100000000000 
0.00000000099999999999 0.00000000099999999999 0.00000000099999999999 0.00000000099999999999 0.03158124018719175169 0.00000000099999999999 0.96841874163666319397 0.00000001317614517272 
0.00000000099999999998 0.00000000099999999998 0.00000000099999999998 0.00000000099999999998 0.00000000099999999998 0.00000000099999999998 0.99999999299999997593 0.00000000099999999998 
0.04104671446348765601 0.34115114922170242107 0.00002214127092782329 0.04277485146619228185 0.00655160837731391492 0.00000000100000000000 0.53255764856360110482 0.03589588563677480887 
0.00000000099999999997 0.00000000099999999997 0.00000000099999999997 0.00000000099999999997 0.00000000099999999997 0.00000000099999999997 0.99999999299999997593 0.00000000099999999997 
0.00000000099999999999 0.00000000099999999999 0.00000000099999999999 0.00000000099999999999 0.00000000099999999999 0.00000000099999999999 0.99999999299999986491 0.00000000099999999999 
0.02941627578721684247 0.34589190332306474218 0.00000000100000000000 0.05481208240776294649 0.00000000100000000000 0.00000000100000000000 0.53231227201043418429 0.03756746347152142146 
0.00000000099999999998 0.00000000099999999998 0.00000000099999999998 0.00000000099999999998 0.00000000099999999998 0.00000000099999999998 0.99999999299999997593 0.00000000099999999998 
0.06330677745319186756 0.23269979206491017698 0.04047549712343793266 0.00000026380951959670 0.00000000100000000000 0.00000000100000000000 0.66320633602131029427 0.00031133152763006500 
0.04343019118136810103 0.28461426692945579475 0.05111881794273877289 0.01060890886023632337 0.00000000100000000000 0.00000000100000000000 0.61022766188500310314 0.00000015120119777936 
0.03322216483998530895 0.27709956280453246213 0.01077173167708166124 0.00029812727228220901 0.00000000100000000000 0.00000000100000000000 0.67860822285348509908 0.00000018855263336210 
0.02115084376668218205 0.36443847967638715035 0.06959578378231759399 0.02071882141050099616 0.00000000100000000000 0.00000000147998311192 0.52409606788412876899 0.00000000100000000000 
0.00000000100000000000 0.36702341672801358508 0.00000000100000000000 0.08357740975388983085 0.00027293255846037894 0.07582824130218170089 0.47329797622251712497 0.00000002143493746907 
0.00000000099999999999 0.00000000099999999999 0.00000000099999999999 0.00000000099999999999 0.00000000099999999999 0.00000000099999999999 0.99999999299999997593 0.00000000099999999999 
0.00000000100000000000 0.53267704479924626870 0.00000000100000000000 0.04207235797064889926 0.00000000100000000000 0.00000000100000000000 0.42525059223010475140 0.00000000100000000000 
0.03431409583063452229 0.57305014702243439739 0.00000000495597778937 0.00604723327088468442 0.00000035957797866007 0.06704323819667243334 0.31954492014541752143 0.00000000100000000000 
0.09647132003325163685 0.30726385345739426480 0.04090895994730764373 0.00000273423966862552 0.00774322216191700510 0.01518216057293839301 0.53193381363799929762 0.00049393594952308042 
0.00000000099999999993 0.99999999300000008695 0.00000000099999999993 0.00000000099999999993 0.00000000099999999993 0.00000000099999999993 0.00000000099999999993 0.00000000099999999993 
0.05462317348360588160 0.39882785378648455410 0.00041812220473391222 0.00000000218787677941 0.02122496500615782267 0.00000000100000000000 0.47755647806161688473 0.04734940426952408826 
0.00000000099999999995 0.00000000099999999995 0.00000000099999999995 0.00000000099999999995 0.00000000099999999995 0.00000000099999999995 0.99999999299999997593 0.00000000099999999995 
0.00000000099999999998 0.00000000099999999998 0.00000000099999999998 0.00000000099999999998 0.00000000099999999998 0.00000000099999999998 0.99999999299999997593 0.00000000099999999998 
0.00000000099999999998 0.00000000099999999998 0.00000000099999999998 0.00000000099999999998 0.00000000099999999998 0.00000000099999999998 0.99999999299999986491 0.00000000099999999998 
0.00000000364715771847 0.29108225155276729046 0.00000000100000000000 0.12394830064511652701 0.00507914475281970920 0.10970085999542189548 0.47018943740671670373 0.00000000100000000000 
0.05303733911961972664 0.46169308380687140714 0.00000000100000000000 0.00000000100000000000 0.00000000100000000000 0.00000000100000000000 0.48484589469953193186 0.00042367837397692265 
0.05453611401007747717 0.35499442446019285891 0.00000000100000000000 0.00691630676652250052 0.02123555223397700226 0.00000000100000000000 0.51654486072721417234 0.04577273980201603670 
0.01479483350496623405 0.28472718219479098423 0.00000000100000000000 0.02202467535155351597 0.00000000100000000000 0.00000000100000000000 0.61102875595791117380 0.06742454999077811262 
0.00000000099999999997 0.00000000099999999997 0.00000000099999999997 0.00000000099999999997 0.00000000099999999997 0.00000000099999999997 0.99999999299999986491 0.00000000099999999997 
0.01389542557294283324 0.34238303769483674488 0.00000000100000000000 0.07370404569608419998 0.00000000100000000000 0.06471727417041639452 0.50530021205712449817 0.00000000280859531307 
0.05165044798752692345 0.24914449143076888848 0.02843482321203749316 0.04750219135062681841 0.00000003681418035816 0.00000000100000000000 0.56759840910504522071 0.05566959909981428201 
0.05787475352713736948 0.28372308817538394177 0.00000000100000000000 0.01703665358274479916 0.00000000100000000000 0.00000000100000000000 0.51844812139928808659 0.12291738031544573173 
0.00000000099999999999 0.64373160680872443251 0.00000111063491584748 0.00000000099999999999 0.00001060696971004027 0.00001984123228363023 0.21408903487151328959 0.14214779748285299998 
0.00000000099999999999 0.00000000099999999999 0.00000000099999999999 0.00000000099999999999 0.00000000099999999999 0.00000000099999999999 0.99999999299999997593 0.00000000099999999999 
0.12911574747724399725 0.22760445824715416774 0.00000000100000000000 0.00233155725216303844 0.00000000100000000000 0.00000000100000000000 0.58586194102172972631 0.05508629300170910653 
0.04617255032421616751 0.39929385398414901642 0.00000003872014379003 0.00000000100000000000 0.00669646665930842544 0.05497693787433566293 0.49286015043784675571 0.00000000100000000000 
0.04052757753384221562 0.21354955188410357225 0.00589127728369643125 0.05162552942208204626 0.00000000100000000000 0.02617306951977376936 0.62373948558782676965 0.03849350776867520307 
0.00000000100000000000 0.60246060325855765871 0.00298169809507660118 0.00000614172246211309 0.01722425671872082620 0.00000000100000000000 0.26205732315860835735 0.11526997504657433835 
0.07790848089675117549 0.22101177149906359176 0.10333970166006385683 0.00002475459074687500 0.00433305534574842440 0.00000000100000000000 0.59338216120158593370 0.00000007380604006425 
0.33569541520419982072 0.00000000099999999998 0.00000000099999999998 0.00000000099999999998 0.00000000099999999998 0.00000000099999999998 0.66430457879579996039 0.00000000099999999998 
0.00119834543156752886 0.40107492815934031594 0.06669152098858224798 0.02927750563578750131 0.00000000100000000000 0.04388298258408190877 0.45787462568662901097 0.00000009051401134859 
0.01946270803708140262 0.35912624692660155556 0.00000000100000000000 0.06017311044945172077 0.00351312743645156977 0.05374971172420354992 0.50397509342621016337 0.00000000100000000000 
0.14972286962707051505 0.26116330309477409077 0.10690486455287134815 0.03042096508626629392 0.00000000100000000000 0.00000000100000000000 0.45178799463901780920 0.00000000100000000000 
0.00000000099999999999 0.00000000099999999999 0.00000000099999999999 0.00000000099999999999 0.00000000099999999999 0.00000000099999999999 0.99999999299999997593 0.00000000099999999999 
0.00000000099999999998 0.00000000099999999998 0.00000000099999999998 0.00000000099999999998 0.00000000099999999998 0.00000000099999999998 0.99999999299999997593 0.00000000099999999998 
0.04818986996635017672 0.23933383268721344916 0.00000000100000000000 0.01955760923174422808 0.00000000100000000000 0.09064370850120501144 0.58741947484505285804 0.01485550276843413363 
0.03201200891622298095 0.26765877182927055866 0.00000000100000000000 0.08369425611546719990 0.00000000100000000000 0.00000000100000000000 0.61663495913903920709 0.00000000100000000000 
0.01483498328758377921 0.48200316818373967198 0.02540813146376224435 0.05048202037480976206 0.00000000100000000000 0.00000000100000000000 0.33309863972514947017 0.09417305496495519124 
0.00509945893724572229 0.53715114815218245603 0.00042903287610781741 0.00000030538425496771 0.02093849685686870188 0.00000000100000000000 0.43634339983917402872 0.00003815695416623499 
0.00000000099999999998 0.99999999300000008695 0.00000000099999999998 0.00000000099999999998 0.00000000099999999998 0.00000000099999999998 0.00000000099999999998 0.00000000099999999998 
0.03186500656946166660 0.23075784433513563121 0.00000001295268262942 0.07656553905707112750 0.01258502546117729048 0.09667155807997948602 0.55155501254449224025 0.00000000100000000000 
0.04743348041666234360 0.28555657087760766277 0.00000000100000000000 0.03403914930430120694 0.00000000100000000000 0.07745128590808468549 0.55547718770481424588 0.00004232378852992259 
0.03457866097130042615 0.25545492577851014460 0.03526468827070512041 0.00000000100000000000 0.00000000100000000000 0.05994729879720791382 0.61475442318227635496 0.00000000100000000000 
0.00000000100000000000 0.16551459596412540498 0.00000001853159501305 0.18149967317901821717 0.00000000100000000000 0.17773664963981122833 0.47524905968544994828 0.00000000100000000000 
0.38733090780140611020 0.52965568223503134426 0.00000000100000000000 0.08297660220280261845 0.00000000100000000000 0.00000000100000000000 0.00003680376076001476 0.00000000100000000000 
0.00000000099999999998 0.99999999300000008695 0.00000000099999999998 0.00000000099999999998 0.00000000099999999998 0.00000000099999999998 0.00000000099999999998 0.00000000099999999998 
0.00000000099999999998 0.99999999300000008695 0.00000000099999999998 0.00000000099999999998 0.00000000099999999998 0.00000000099999999998 0.00000000099999999998 0.00000000099999999998 
0.09554274077671924548 0.32347717579319301695 0.00000000100000000000 0.00037594629486301480 0.04261449222946279980 0.00000000100000000000 0.53798964190576181732 0.00000000100000000000 
0.00000000100000000000 0.30595719236750190673 0.00000000100000000000 0.09070914966315454797 0.03295391059210439622 0.02454084884665009084 0.54583889553058884125 0.00000000100000000000 
0.07357755077905238361 0.34799555330396431119 0.00000000100000000000 0.00022304435040581476 0.00000252885309816378 0.08019493285883934341 0.49800638624634557816 0.00000000260829441141 
0.00000000099999999999 0.99999999300000008695 0.00000000099999999999 0.00000000099999999999 0.00000000099999999999 0.00000000099999999999 0.00000000099999999999 0.00000000099999999999 
0.00000000099999999997 0.00000000099999999997 0.00000000099999999997 0.00000000099999999997 0.00000000099999999997 0.00000000099999999997 0.99999999299999986491 0.00000000099999999997 
0.05646780212911375885 0.32378555788397872517 0.00000009014891908833 0.02192142998659754247 0.02150602979078610269 0.00003155443844401357 0.57628753462216075754 0.00000000100000000000 
0.31449839147228836334 0.00000000099999999998 0.00000000099999999998 0.10881151934344830690 0.00000000099999999998 0.00000000099999999998 0.57669008418426326301 0.00000000099999999998 
0.00000000099999999998 0.00000000099999999998 0.00000000099999999998 0.00000000099999999998 0.00000000099999999998 0.00000000099999999998 0.99999999299999997593 0.00000000099999999998 
0.03892366048952645985 0.40868152636036847447 0.00000000100000000000 0.00019823648049436960 0.00000000100000000000 0.11753287701642374519 0.43466369665318677074 0.00000000100000000000 
0.09187641601308718653 0.17103991461868783830 0.00000000100000000000 0.01698120511837349772 0.05300475434624416643 0.00000271422043039345 0.66709499368317692891 0.00000000100000000000 
0.05266953622624587911 0.28012569100389600463 0.00000000100000000000 0.05811574463636953736 0.00000000100000000000 0.15251553797154485115 0.45657348716194356975 0.00000000100000000000 
0.01924726444215599588 0.47270517116489313425 0.00000006470166824136 0.00000000100000000000 0.00000000100000000000 0.06506765903016940855 0.44297843204251002858 0.00000140661860307302 
0.00000000099999999998 0.99999999300000019797 0.00000000099999999998 0.00000000099999999998 0.00000000099999999998 0.00000000099999999998 0.00000000099999999998 0.00000000099999999998 
0.06949953354556663576 0.22743272301130712520 0.00000000100000000000 0.07702833967929036130 0.00000004644350124198 0.00000000100000000000 0.58566686459773431572 0.04037249072260020583 
0.00457601076245513650 0.45390290858439713562 0.00000000100000000000 0.02071542979369998469 0.00000000100000000000 0.11116677934792940086 0.40963886851151820601 0.00000000100000000000 
0.04336601773557283851 0.30607044468895494571 0.00000000100000000000 0.10396018046256341738 0.03747082120481233514 0.02924298248091361865 0.47988955142718270341 0.00000000100000000000 
0.00229447660702406051 0.45799370844202502706 0.00003019878927356519 0.03974296683257185631 0.02054804712434750782 0.00000264635331491928 0.41943466069763740700 0.05995329515380563856 
0.00000000099999999998 0.99999999300000019797 0.00000000099999999998 0.00000000099999999998 0.00000000099999999998 0.00000000099999999998 0.00000000099999999998 0.00000000099999999998 
0.08023912931767461509 0.33293934575287681410 0.00000000100000000000 0.02118294372111806032 0.00000000100000000000 0.09668940937093231658 0.46891951264009218425 0.00002965719730591637 
0.00000000099999999998 0.99999999300000019797 0.00000000099999999998 0.00000000099999999998 0.00000000099999999998 0.00000000099999999998 0.00000000099999999998 0.00000000099999999998 
0.05072732970756046317 0.24734241091537506607 0.00000048115340806934 0.02570237917192407656 0.00000000363252258619 0.07247330245205897692 0.60375409196715079663 0.00000000100000000000 
0.07634027702168408314 0.26578926860215118522 0.00974713019726944525 0.00000000100000000000 0.00000000100000000000 0.00000000100000000000 0.54035194117551343940 0.10777138000338176704 
0.08573701069422788590 0.00000000528102726539 0.00000004374311437486 0.69734700578215114142 0.00000126555381008535 0.00000000100000000000 0.21605205393173951278 0.00086261401392955309 
0.00000000099999999999 0.00000000099999999999 0.00000000099999999999 0.99999999299999997593 0.00000000099999999999 0.00000000099999999999 0.00000000099999999999 0.00000000099999999999 
0.12386585584554650474 0.00000000100000000000 0.01811509445828224374 0.69111416610178000308 0.00000000100000000000 0.00212331268322815464 0.16376433740150786456 0.00101723150965526044 
0.00000000099999999997 0.00000000099999999997 0.00000000099999999997 0.99999999300000008695 0.00000000099999999997 0.00000000099999999997 0.00000000099999999997 0.00000000099999999997 
0.12916081045488378432 0.00000000100000000000 0.02933515534388643833 0.68180334628592420554 0.00000000100000000000 0.00000000100000000000 0.15639537126299005165 0.00330531365231561064 
0.00000000099999999999 0.00000000099999999999 0.00000000099999999999 0.99999999299999997593 0.00000000099999999999 0.00000000099999999999 0.00000000099999999999 0.00000000099999999999 
0.00000000099999999999 0.00000000099999999999 0.00000000099999999999 0.99999999300000008695 0.00000000099999999999 0.00000000099999999999 0.00000000099999999999 0.00000000099999999999 
0.00000000099999999998 0.00000000099999999998 0.00000000099999999998 0.99999999299999997593 0.00000000099999999998 0.00000000099999999998 0.00000000099999999998 0.00000000099999999998 
0.00000000099999999999 0.00000000099999999999 0.00000000099999999999 0.99999999300000008695 0.00000000099999999999 0.00000000099999999999 0.00000000099999999999 0.00000000099999999999 
0.00000000099999999998 0.00000000099999999998 0.00000000099999999998 0.99999999299999997593 0.00000000099999999998 0.00000000099999999998 0.00000000099999999998 0.00000000099999999998 
0.11298943644049946888 0.00000000100000000000 0.00000000100000000000 0.75435731221649005018 0.00000000100000000000 0.00931450864128803048 0.12333873870172239184 0.00000000100000000000 
0.00000062839153764362 0.00000000099999999999 0.00000000099999999999 0.99999936560846247602 0.00000000099999999999 0.00000000099999999999 0.00000000099999999999 0.00000000099999999999 
0.00000000099999999998 0.00000000099999999998 0.00000000099999999998 0.99999999299999997593 0.00000000099999999998 0.00000000099999999998 0.00000000099999999998 0.00000000099999999998 
0.00000000099999999998 0.00000000099999999998 0.00000000099999999998 0.99999999299999997593 0.00000000099999999998 0.00000000099999999998 0.00000000099999999998 0.00000000099999999998 
0.00000000099999999998 0.00000000099999999998 0.00000000099999999998 0.99999999300000008695 0.00000000099999999998 0.00000000099999999998 0.00000000099999999998 0.00000000099999999998 
0.00000000099999999998 0.00000000099999999998 0.00000000099999999998 0.99999999300000008695 0.00000000099999999998 0.00000000099999999998 0.00000000099999999998 0.00000000099999999998 
0.11034238840073903876 0.00000000100000000000 0.00000000100000000000 0.73591512046886919940 0.00000000100000000000 0.02665437307644838091 0.12708811405394326854 0.00000000100000000000 
0.00000000099999999998 0.00000000099999999998 0.00000000099999999998 0.99999999300000008695 0.00000000099999999998 0.00000000099999999998 0.00000000099999999998 0.00000000099999999998 
0.00000001492939579305 0.00000000099999999998 0.00000000099999999998 0.99999997907060422797 0.00000000099999999998 0.00000000099999999998 0.00000000099999999998 0.00000000099999999998 
0.10997815066961462438 0.19790204309368711333 0.03843287023101168293 0.42125399686061831828 0.00000000100000000000 0.09898161854484910371 0.07682287853040153935 0.05662844106981765324 
0.00000000099999999999 0.00000000099999999999 0.00000000099999999999 0.99999999299999997593 0.00000000099999999999 0.00000000099999999999 0.00000000099999999999 0.00000000099999999999 
0.00000000099999999997 0.00000000099999999997 0.00000000099999999997 0.99999999300000008695 0.00000000099999999997 0.00000000099999999997 0.00000000099999999997 0.00000000099999999997 
0.00000000099999999999 0.00000000099999999999 0.00000000099999999999 0.99999999299999997593 0.00000000099999999999 0.00000000099999999999 0.00000000099999999999 0.00000000099999999999 
0.00000000099999999999 0.00000000099999999999 0.03212364949851804347 0.96787634450148196663 0.00000000099999999999 0.00000000099999999999 0.00000000099999999999 0.00000000099999999999 
0.00000000099999999998 0.00000000099999999998 0.00000000099999999998 0.99999999299999997593 0.00000000099999999998 0.00000000099999999998 0.00000000099999999998 0.00000000099999999998 
0.00000000099999999998 0.00000000099999999998 0.00000000099999999998 0.99999999300000008695 0.00000000099999999998 0.00000000099999999998 0.00000000099999999998 0.00000000099999999998 
0.00000000099999999998 0.00000000099999999998 0.00000000099999999998 0.99999999299999997593 0.00000000099999999998 0.00000000099999999998 0.00000000099999999998 0.00000000099999999998 
0.00000000099999999999 0.00000000099999999999 0.00000000099999999999 0.99949436353965392943 0.00000000099999999999 0.00000000099999999999 0.00000000099999999999 0.00050563046034622584 
0.00000000099999999997 0.00000000099999999997 0.00000000099999999997 0.99999999300000008695 0.00000000099999999997 0.00000000099999999997 0.00000000099999999997 0.00000000099999999997 
0.10892323669512993245 0.05323087430843733564 0.00000000164214998848 0.68162531344073251649 0.00000000100000000000 0.04899872427932980973 0.10722184763422051845 0.00000000100000000000 
0.00000000099999999999 0.00000000099999999999 0.00000000099999999999 0.99999999299999997593 0.00000000099999999999 0.00000000099999999999 0.00000000099999999999 0.00000000099999999999 
0.81565173562044512856 0.00000000099999999997 0.00000000099999999997 0.18434825837955498562 0.00000000099999999997 0.00000000099999999997 0.00000000099999999997 0.00000000099999999997 
0.99999999300000019797 0.00000000099999999998 0.00000000099999999998 0.00000000099999999998 0.00000000099999999998 0.00000000099999999998 0.00000000099999999998 0.00000000099999999998 
0.99999999300000008695 0.00000000099999999998 0.00000000099999999998 0.00000000099999999998 0.00000000099999999998 0.00000000099999999998 0.00000000099999999998 0.00000000099999999998 
0.99999999300000019797 0.00000000099999999999 0.00000000099999999999 0.00000000099999999999 0.00000000099999999999 0.00000000099999999999 0.00000000099999999999 0.00000000099999999999 
0.99999999300000019797 0.00000000099999999998 0.00000000099999999998 0.00000000099999999998 0.00000000099999999998 0.00000000099999999998 0.00000000099999999998 0.00000000099999999998 
0.99999999300000008695 0.00000000099999999998 0.00000000099999999998 0.00000000099999999998 0.00000000099999999998 0.00000000099999999998 0.00000000099999999998 0.00000000099999999998 
0.99999999300000008695 0.00000000099999999998 0.00000000099999999998 0.00000000099999999998 0.00000000099999999998 0.00000000099999999998 0.00000000099999999998 0.00000000099999999998 
0.99999999300000008695 0.00000000099999999999 0.00000000099999999999 0.00000000099999999999 0.00000000099999999999 0.00000000099999999999 0.00000000099999999999 0.00000000099999999999 
0.99999999300000008695 0.00000000099999999997 0.00000000099999999997 0.00000000099999999997 0.00000000099999999997 0.00000000099999999997 0.00000000099999999997 0.00000000099999999997 
0.99999999300000019797 0.00000000099999999997 0.00000000099999999997 0.00000000099999999997 0.00000000099999999997 0.00000000099999999997 0.00000000099999999997 0.00000000099999999997 
0.99999999300000008695 0.00000000099999999997 0.00000000099999999997 0.00000000099999999997 0.00000000099999999997 0.00000000099999999997 0.00000000099999999997 0.00000000099999999997 
0.99999999300000019797 0.00000000099999999998 0.00000000099999999998 0.00000000099999999998 0.00000000099999999998 0.00000000099999999998 0.00000000099999999998 0.00000000099999999998 
0.99999999300000019797 0.00000000099999999999 0.00000000099999999999 0.00000000099999999999 0.00000000099999999999 0.00000000099999999999 0.00000000099999999999 0.00000000099999999999 
0.99999999300000019797 0.00000000099999999998 0.00000000099999999998 0.00000000099999999998 0.00000000099999999998 0.00000000099999999998 0.00000000099999999998 0.00000000099999999998 
0.99999999300000008695 0.00000000099999999998 0.00000000099999999998 0.00000000099999999998 0.00000000099999999998 0.00000000099999999998 0.00000000099999999998 0.00000000099999999998 
0.99999999300000008695 0.00000000099999999998 0.00000000099999999998 0.00000000099999999998 0.00000000099999999998 0.00000000099999999998 0.00000000099999999998 0.00000000099999999998 
0.95964989610566109324 0.00000000099999999999 0.00000000099999999999 0.00000000099999999999 0.01093941726530849902 0.00000000099999999999 0.00000000099999999999 0.02941068162903059599 
0.99999999300000019797 0.00000000099999999998 0.00000000099999999998 0.00000000099999999998 0.00000000099999999998 0.00000000099999999998 0.00000000099999999998 0.00000000099999999998 
0.99999999300000008695 0.00000000099999999997 0.00000000099999999997 0.00000000099999999997 0.00000000099999999997 0.00000000099999999997 0.00000000099999999997 0.00000000099999999997 
0.99999999300000019797 0.00000000099999999998 0.00000000099999999998 0.00000000099999999998 0.00000000099999999998 0.00000000099999999998 0.00000000099999999998 0.00000000099999999998 
0.99999999300000019797 0.00000000099999999999 0.00000000099999999999 0.00000000099999999999 0.00000000099999999999 0.00000000099999999999 0.00000000099999999999 0.00000000099999999999 
0.99999999300000019797 0.00000000099999999998 0.00000000099999999998 0.00000000099999999998 0.00000000099999999998 0.00000000099999999998 0.00000000099999999998 0.00000000099999999998 
0.99999999300000008695 0.00000000099999999999 0.00000000099999999999 0.00000000099999999999 0.00000000099999999999 0.00000000099999999999 0.00000000099999999999 0.00000000099999999999 
0.99999999300000019797 0.00000000099999999998 0.00000000099999999998 0.00000000099999999998 0.00000000099999999998 0.00000000099999999998 0.00000000099999999998 0.00000000099999999998 
0.99439378970968750338 0.00000000100000000000 0.00000000100000000000 0.00560287593570083387 0.00000000100000000000 0.00000000100000000000 0.00000332935461164992 0.00000000100000000000 
0.99999999300000008695 0.00000000099999999997 0.00000000099999999997 0.00000000099999999997 0.00000000099999999997 0.00000000099999999997 0.00000000099999999997 0.00000000099999999997 
0.00000000100000000000 0.00000000100000000000 0.54062979144695111344 0.00277922870071692796 0.27584634333158403185 0.00029965232760633038 0.04380690760473912593 0.13663807458840238063 
0.00000000099999999996 0.00000000099999999996 0.00000000099999999996 0.00000000099999999996 0.00000000099999999996 0.99999999299999997593 0.00000000099999999996 0.00000000099999999996 
0.00000000099999999995 0.00000000099999999995 0.00000000099999999995 0.00000000099999999995 0.00000000099999999995 0.99999999299999997593 0.00000000099999999995 0.00000000099999999995 
0.00000000099999999999 0.00000000099999999999 0.62792318973259886317 0.00000000099999999999 0.28664843054212268969 0.08542837472527839426 0.00000000099999999999 0.00000000099999999999 
0.00000000099999999999 0.00000000099999999999 0.00000001753435145477 0.00000000099999999999 0.00000009053388037310 0.43437010665541186949 0.00000000099999999999 0.56562978127635632486 
0.00000000100000000000 0.00000000100000000000 0.00831767402557998838 0.00000000100000000000 0.00000000100000000000 0.35470062003480623547 0.00000001430530011672 0.63698168763431373129 
0.00000000099999999999 0.00000000099999999999 0.00000000099999999999 0.00000000099999999999 0.00000000099999999999 0.48131617076273308653 0.00000000099999999999 0.51868382323726702765 
0.00000000099999999995 0.00000000099999999995 0.00000000099999999995 0.00000000099999999995 0.00000000099999999995 0.99999999300000008695 0.00000000099999999995 0.00000000099999999995 
0.00000000099999999997 0.00000000099999999997 0.00000000099999999997 0.00000000099999999997 0.00000000099999999997 0.00000000099999999997 0.00000000099999999997 0.99999999299999997593 
0.00000000099999999998 0.00000000099999999998 0.00000000099999999998 0.00000000099999999998 0.00000000099999999998 0.00000000099999999998 0.00000000099999999998 0.99999999300000008695 
0.00000000100000000000 0.00000000100000000000 0.00246159213467703284 0.00000000100000000000 0.04223041087214558786 0.31592274104969952919 0.00000012123496166226 0.63938513170851618561 
0.00000000099999999996 0.00000000099999999996 0.00000000099999999996 0.00000000099999999996 0.00000000099999999996 0.99999999300000008695 0.00000000099999999996 0.00000000099999999996 
0.00000000100000000000 0.05936398063775578937 0.50002939926849176988 0.00112735464480957391 0.09838943877502695501 0.18396443856302441278 0.00229478158985102400 0.15483060552104063734 
0.00000000100000000000 0.25594956996909207225 0.08055369776621659761 0.03830682445605212288 0.00000002147414800423 0.20079715240187981373 0.04634103574469236597 0.37805169718791886702 
0.00000000099999999999 0.00000000099999999999 0.00000000099999999999 0.00000000099999999999 0.04737898469729070333 0.37674868204648132020 0.00000000099999999999 0.57587232825622780563 
0.00000000099999999999 0.00000000099999999999 0.00000000099999999999 0.00000000099999999999 0.05068593990699449270 0.37996778712919410115 0.00000000099999999999 0.56934626796381127001 
0.00000000100000000000 0.00000000302973704594 0.00000000100000000000 0.00000000100000000000 0.02648867970657819981 0.34569358841657543691 0.00000002112239132735 0.62781770472471787325 
0.00000000099999999998 0.00000000099999999998 0.00000000099999999998 0.00000000099999999998 0.00000000099999999998 0.00000000099999999998 0.00000000099999999998 0.99999999300000008695 
0.00000000099999999990 0.00000000099999999990 0.00000000099999999990 0.00000000099999999990 0.99999999300000008695 0.00000000099999999990 0.00000000099999999990 0.00000000099999999990 
0.00000000099999999998 0.00000000099999999998 0.00000000099999999998 0.00000000099999999998 0.00000000099999999998 0.00000000099999999998 0.00000000099999999998 0.99999999300000008695 
0.00000000100000000000 0.00000000100000000000 0.70939582339715268056 0.00000000100000000000 0.20735619059820015186 0.00000000100000000000 0.04006105834390464443 0.04318692366074253913 
0.00000000100000000000 0.05557817839821278805 0.62852680768740831763 0.00293430398002613281 0.20166557683550431768 0.00000000100000000000 0.00000017134376376225 0.11129495975508489625 
0.00000000099999999998 0.00000000099999999998 0.00000000099999999998 0.00000000099999999998 0.00000000099999999998 0.00000000099999999998 0.00000000099999999998 0.99999999300000008695 
0.00000000099999999997 0.00000000099999999997 0.00000000099999999997 0.00000000099999999997 0.00000000099999999997 0.00000000099999999997 0.00000000099999999997 0.99999999300000008695 
0.00000000099999999999 0.00000000099999999999 0.99999999299999997593 0.00000000099999999999 0.00000000099999999999 0.00000000099999999999 0.00000000099999999999 0.00000000099999999999 
0.00000000099999999997 0.00000000099999999997 0.00000000099999999997 0.00000000099999999997 0.00000000099999999997 0.00000000099999999997 0.00000000099999999997 0.99999999300000008695 
0.00000000099999999997 0.00000000099999999997 0.00000000099999999997 0.00000000099999999997 0.00000000099999999997 0.00000000099999999997 0.00000000099999999997 0.99999999300000008695 
0.00000000099999999999 0.00012988905050188282 0.68555240964232877499 0.00000000099999999999 0.23809593211728391493 0.00000000099999999999 0.00000000099999999999 0.07622176518988556249 
0.00000000099999999997 0.00000000099999999997 0.00000000099999999997 0.00000000099999999997 0.00000000099999999997 0.00000000099999999997 0.00000000099999999997 0.99999999299999997593 
0.00000000099999999996 0.00000000099999999996 0.00000000099999999996 0.00000000099999999996 0.00000000099999999996 0.00000000099999999996 0.00000000099999999996 0.99999999299999997593 
0.00000000099999999997 0.00000000099999999997 0.99999999299999997593 0.00000000099999999997 0.00000000099999999997 0.00000000099999999997 0.00000000099999999997 0.00000000099999999997 
0.00000000099999999997 0.00000000099999999997 0.00000000099999999997 0.00000000099999999997 0.00000000099999999997 0.00000000099999999997 0.00000000099999999997 0.99999999299999997593 
0.00000000099999999999 0.00000000099999999999 0.63522288522330738747 0.00000000099999999999 0.26323500421372841851 0.00000008591118940287 0.00000000099999999999 0.10154202065177485304 
0.00000000099999999998 0.00000000099999999998 0.99997482025569706110 0.00000000099999999998 0.00002517374430284179 0.00000000099999999998 0.00000000099999999998 0.00000000099999999998 
0.00000000099999999999 0.00000000099999999999 0.62890561038274472860 0.00000000099999999999 0.25742986782988525052 0.00000000099999999999 0.00758970839334494572 0.10607480939402513798 
0.00000000099999999999 0.00000133765052412288 0.79750140734219554517 0.00000000099999999999 0.20249725000728036051 0.00000000099999999999 0.00000000099999999999 0.00000000099999999999 
0.00000000099999999997 0.00000000099999999997 0.00000000099999999997 0.00000000099999999997 0.00000000099999999997 0.00000000099999999997 0.00000000099999999997 0.99999999300000008695 
0.00000000099999999999 0.00000000099999999999 0.00000000099999999999 0.00000000099999999999 0.00000000099999999999 0.46157429155454898773 0.00000000099999999999 0.53842570244545084890 
0.00000000099999999999 0.00000000099999999999 0.12707420998543272894 0.00000000099999999999 0.00000000099999999999 0.30086563776356745059 0.00000000419084346161 0.57206014406015648355 
0.00000000100000000000 0.04953720316065134827 0.09412152635227954978 0.00000000100000000000 0.00000000100000000000 0.39140315663309449556 0.00000003002838779662 0.46493808082558668593 
0.00000000099999999998 0.00000000099999999998 0.00000000099999999998 0.00000000099999999998 0.00000000099999999998 0.00000000099999999998 0.00000000099999999998 0.99999999300000008695 
0.00461057121213676903 0.00000000100000000000 0.55643123655271142791 0.02528206342309672131 0.19079480112412916526 0.08716907430065524987 0.05314392764041354217 0.08256832474685690815 
0.00000000100000000000 0.00000000100000000000 0.00000000100000000000 0.00000000100000000000 0.00000000100000000000 0.39119860602798306459 0.00000000100000000000 0.60880138797201699408 
0.00000000099999999997 0.00000000099999999997 0.00000000099999999997 0.00000000099999999997 0.00000000099999999997 0.00000000099999999997 0.00000000099999999997 0.99999999300000008695 
0.00000000099999999999 0.00000000099999999999 0.00000000099999999999 0.00000000099999999999 0.00009264147886234424 0.43177129340132791580 0.00000000099999999999 0.56813606011980966048 
0.00000000100000000000 0.00852143777005049015 0.25110934311680072062 0.01791514504460598248 0.17734591876514405051 0.22718593941152490090 0.00000000100000000000 0.31792221389187380609 
0.00000000100238800102 0.00000000100000000000 0.57417927976278870794 0.00000000100000000000 0.06628976480564985341 0.14324676006288861174 0.00000000100000000000 0.21628419136628487807 
0.00000000099999999994 0.00000000099999999994 0.00000000099999999994 0.00000000099999999994 0.00000000099999999994 0.99999999299999997593 0.00000000099999999994 0.00000000099999999994 
0.00000000100000000000 0.00000000100000000000 0.01795348941910627702 0.00000000100000000000 0.00000000100000000000 0.29588204466988049512 0.00178237384655890768 0.68438208806445433030 
0.00000000099999999999 0.00000000099999999999 0.48909572897844466599 0.00000000099999999999 0.23102713964344273601 0.00000000099999999999 0.00000000099999999999 0.27987712637811273941 
0.01029079403998192470 0.00000001695030042624 0.64779161607027180292 0.00003123111254400488 0.15847111753471357365 0.18341522229218831797 0.00000000100000000000 0.00000000100000000000 
0.00000000100000000000 0.00270543473748593088 0.55546849231798189894 0.00000727054685423924 0.16788754533194008567 0.16412179967604303976 0.00717262591674446351 0.10263683047295027451 
0.00000000099999999999 0.00007709077391131528 0.00000000099999999999 0.00000000099999999999 0.01795304234803493659 0.34981353006463206112 0.00000000099999999999 0.63215633281342176186 
0.00000000099999999999 0.00000000099999999999 0.06468318104496981191 0.00000000099999999999 0.00000086114704190385 0.40544237657010490095 0.00000000099999999999 0.52987357723788341968 
0.00000000100000000000 0.01818937437537273411 0.11328549962312386978 0.00000000100000000000 0.00000556789190680187 0.44033409715828336628 0.00000000100000000000 0.42818545795131329745 
0.00000000099999999999 0.00000000099999999999 0.63630244191348039884 0.00000000099999999999 0.20673056463338951305 0.15696698845312997972 0.00000000099999999999 0.00000000099999999999 
0.00000000100000000000 0.00000000100000000000 0.64730679083511899474 0.00000000100000000000 0.20464061295745381019 0.10830229924112695639 0.00000000100000000000 0.03975029296630015058 
0.00000000100000000000 0.00000000100000000000 0.00979740872935338895 0.00000000100000000000 0.00000018650508738357 0.41268008583897292096 0.00000000100000000000 0.57752231492658623324 
0.00000000099999999999 0.00000000099999999999 0.00000000950343608768 0.00000000099999999999 0.00000000099999999999 0.43521561804161934539 0.00000000099999999999 0.56478436745494453586 
0.00000000099999999997 0.00000000099999999997 0.00000000099999999997 0.00000000099999999997 0.00000000099999999997 0.00000000099999999997 0.00000000099999999997 0.99999999299999997593 
0.00000000099999999999 0.00000000099999999999 0.00000000099999999999 0.00000000099999999999 0.00000000099999999999 0.44155366118022709720 0.00000000099999999999 0.55844633281977285044 
0.00000000099999999997 0.00000000099999999997 0.00000000099999999997 0.00000000099999999997 0.00000000099999999997 0.00000000099999999997 0.00000000099999999997 0.99999999300000008695 
0.00000000099999999996 0.00000000099999999996 0.00000000099999999996 0.00000000099999999996 0.00000000099999999996 0.99999999299999997593 0.00000000099999999996 0.00000000099999999996 
