0.00201869279614787407 0.00000000100000000000 0.00000239921822865333 0.06304143406192466714 0.32825340428727850517 0.00000000100000000000 0.07406841404513658800 0.53261565359128371089 
0.00000000099999999985 0.00000000099999999985 0.00000000099999999985 0.00000000099999999985 0.99999999299999997593 0.00000000099999999985 0.00000000099999999985 0.00000000099999999985 
0.00000000099999999998 0.00000000099999999998 0.00000000099999999998 0.00000000099999999998 0.00000000099999999998 0.00000000099999999998 0.00000000099999999998 0.99999999299999997593 
0.00000000099999999999 0.00000000099999999999 0.00000000099999999999 0.00000000099999999999 0.00000000099999999999 0.00000000099999999999 0.00000000099999999999 0.99999999299999997593 
0.00000018099847813185 0.00000000100000000000 0.04755589017458048545 0.00000065914973397305 0.45498296861726167384 0.00005811837947185763 0.00547079132937303668 0.49193139035110078350 
0.00000000099999999999 0.00000000099999999999 0.00000000099999999999 0.00000000099999999999 0.00000000099999999999 0.00000000099999999999 0.00000000099999999999 0.99999999300000008695 
0.04295920589786089011 0.00000000100000000000 0.00000000176066080866 0.00000000100000000000 0.32077801997967986258 0.10623735143352742993 0.05557810768898062415 0.47444731123929034800 
0.00003879804872227343 0.00053337688636965368 0.00331689669312856946 0.00007818311348028475 0.30276377382826208384 0.01499332149304025662 0.00000004578632034222 0.67827560415067655875 
0.08085846295310404608 0.00004139674419320403 0.00000190997458481730 0.01627721768800054203 0.35166215890726953974 0.00001516117705047108 0.00004687488603585536 0.55109681766976159611 
0.00000000100000000000 0.00000000100000000000 0.00484152891545442006 0.06200576309946313758 0.33904192639778141238 0.06425052142826045976 0.00000000100000000000 0.52986025715904050415 
0.09665663830478847529 0.00000005055694140499 0.03791676330641557957 0.03473652466689817336 0.38468112827557476852 0.00000000100000000000 0.00000313685417765472 0.44600575703520406456 
0.03721170277676255633 0.00000000100000000000 0.00000000100000000000 0.01138160248998072201 0.35826865028978532868 0.00000000100000000000 0.00000012929651139462 0.59313791214695998910 
0.00001133245504194897 0.05188249720262608916 0.00000000100000000000 0.00000000100000000000 0.34639067120499561492 0.00000000100000000000 0.00000000100000000000 0.60171549513733635361 
0.00000000099999999998 0.00000000099999999998 0.00000000099999999998 0.00000000099999999998 0.00000000099999999998 0.00000000099999999998 0.00000000099999999998 0.99999999299999997593 
0.00001074356397941433 0.00000000100000000000 0.00000117056341307097 0.04406926671029707393 0.20094184507941170725 0.00000000100000000000 0.06782472694810785796 0.68715224513479078450 
0.07677435704531480887 0.05223284298424065580 0.00000000100000000000 0.00000000100000000000 0.34868428657010852589 0.00000000100000000000 0.01252294351131861237 0.50978556688901743854 
0.03274224840614348153 0.00089330558595988993 0.00288316547305347793 0.02983382551258599927 0.37627279036495059339 0.00000000100000000000 0.00000000100000000000 0.55737466265730650772 
0.08983266413657103877 0.00010707616743622109 0.00000000100000000000 0.00000000100000000000 0.33283389073199853847 0.05243243024126940932 0.00000000100000000000 0.52479393572272481361 
0.03382049608249097783 0.00072955031594215615 0.01406001432700429432 0.05628463358190527455 0.37777113645847520962 0.00000175992628029517 0.00000000100000000000 0.51733240830790161446 
0.13294631489762218091 0.00439493933725184152 0.00000245467968121015 0.02392694354104010768 0.36715675718212881229 0.00000000100000000000 0.00026737172911462417 0.47130521763316129968 
0.00000000300130230507 0.00000000100000000000 0.03772317165317208565 0.01934912014172415762 0.34420622692914321084 0.01948499642704422039 0.00000000100000000000 0.57923647984761394980 
0.00017617190410808674 0.00691358688273599475 0.00010605863860130594 0.03036149891265495573 0.43130215693938234178 0.00000000100000000000 0.00000000100000000000 0.53114052472251727099 
0.04435252198162540488 0.00000270446144948872 0.00000059073068091971 0.02720476766250842782 0.34626649801992531730 0.00000000100000000000 0.05351528321120622989 0.52865763293260414901 
0.00000000099999999993 0.00000000099999999993 0.00000000099999999993 0.00000000099999999993 0.99999999300000008695 0.00000000099999999993 0.00000000099999999993 0.00000000099999999993 
0.07323742369984777290 0.02140435326174116790 0.00000000100000000000 0.00000000100000000000 0.33141345204935857005 0.01190382692453730192 0.03467460545689646928 0.52736633660761855769 
0.07333050346361992544 0.00000000100000000000 0.00000000100000000000 0.01871185116840598517 0.29089951123963625479 0.00000000100000000000 0.00771328144747998167 0.60934484968085789180 
0.06910869605784956959 0.00000000100000000000 0.00000287170640611728 0.00000000100000000000 0.37962737007075075812 0.00000000100000000000 0.09591603249042615631 0.45534502667456733249 
0.00000190344497632017 0.04997981211021399611 0.00000000100000000000 0.05444443278841416128 0.39741777080714918435 0.00000011012480190804 0.00000002667406953013 0.49815594305037480538 
0.02006476482270490996 0.03752850915607160859 0.00000000100000000000 0.02951433672694179014 0.36606452095141639447 0.00000000100000000000 0.02126958607675668439 0.52555828026610851289 
0.01334159190225052416 0.01112681612146694705 0.00000000100000000000 0.00297103376133674157 0.43508578058720165371 0.00000000100000000000 0.01054784326597701591 0.52692693236176701976 
0.01955785981209115162 0.05052663921012113396 0.00000003937948377778 0.01666311626559799017 0.31077416196815205174 0.00000000100000000000 0.02117145291292725842 0.58130672945162664700 
0.11711437487006108593 0.00000000100000000000 0.00483871003146345204 0.00000000100000000000 0.19395913060975397690 0.04227714065896132078 0.00002058449239075668 0.64179005733736926853 
0.11664599969499223064 0.03942267248053374362 0.02217610056473621333 0.00499903638685636389 0.34097693458829542168 0.00000000100000000000 0.00000002057045075164 0.47577923471413524625 
0.00000000099999999994 0.00000000099999999994 0.00000000099999999994 0.00000000099999999994 0.99999999300000008695 0.00000000099999999994 0.00000000099999999994 0.00000000099999999994 
0.00564122073851265182 0.00716015917801146942 0.00000000100000000000 0.04062101465403728656 0.17591314299752722206 0.01976823687901156645 0.00000000100000000000 0.75089622355289986633 
0.00000028595768266363 0.05771827756812922955 0.00000000100000000000 0.08479074909952183381 0.34891857470172432665 0.00000000100000000000 0.01897600982998363592 0.48959610084295829280 
0.00000000099999999985 0.00000000099999999985 0.00000000099999999985 0.00000000099999999985 0.99999999299999997593 0.00000000099999999985 0.00000000099999999985 0.00000000099999999985 
0.00000000100000000000 0.00000343378828091906 0.01302802294507123676 0.05029092973442580994 0.28446390186809034084 0.00000000100000000000 0.06732404247464966740 0.58488966718948198764 
0.00000160423848787075 0.00000000099999999999 0.00000000099999999999 0.00000000140976307354 0.31545677878151939799 0.00000007495921231241 0.00000000099999999999 0.68454153761101732556 
0.07746018309751429021 0.00000562212532054921 0.02088820252761780169 0.00000000100000000000 0.43583603386184410766 0.00000000100000000000 0.00000000100000000000 0.46580995538770342268 
0.00026731510487630920 0.00000000100000000000 0.00051146997146807392 0.02950127045569199760 0.43234801029860131516 0.00000000100000000000 0.00000000100000000000 0.53737193116936232684 
0.13676757728792052204 0.00000000100000000000 0.02306448112457544150 0.00000000100000000000 0.30274893009923586895 0.04453287889397846561 0.00000000100000000000 0.49288612959428979021 
0.00000000100000000000 0.00000000100000000000 0.00000000100000000000 0.05297869470084282106 0.27841067598206320488 0.00000000253933384544 0.00000265972514908849 0.66860796405261102571 
0.01519760665465954425 0.00001868715273236775 0.02417859586771038682 0.04727975609547434288 0.29161029714712100036 0.02067009966019639836 0.00024303641605661149 0.60080192100604934424 
0.04419643697453722736 0.00000000100000000000 0.00000000100000000000 0.00000008565992775785 0.35352912587432128166 0.00000000100000000000 0.06545523034145173114 0.53681911814976202013 
0.00000000099999999994 0.00000000099999999994 0.00000000099999999994 0.00000000099999999994 0.99999999300000008695 0.00000000099999999994 0.00000000099999999994 0.00000000099999999994 
0.08649207224616659029 0.00000000100000000000 0.00000000100000000000 0.00000363465630816034 0.31568435273925471440 0.06345131154308984722 0.00000000100000000000 0.53436862581518052018 
0.07757882762375020724 0.00223329682825897016 0.01486957467925733266 0.02645261206155557002 0.35631654875778701053 0.00001224201428262949 0.05513346044443945965 0.46740343759066882434 
0.00159718231186692025 0.00000000100000000000 0.00000000100000000000 0.05101208596396178407 0.33521933713606688610 0.00000000100000000000 0.14064004966841700539 0.47153134191968726352 
0.00000000099999999998 0.00000000099999999998 0.00000000099999999998 0.00000000099999999998 0.00000000099999999998 0.00000000099999999998 0.00000000099999999998 0.99999999300000008695 
0.08178400876856949109 0.00333239392573673153 0.03385360147740922726 0.00000000186771085358 0.36820608810726440652 0.00066703316194193809 0.02724390024945772329 0.48491297244190961768 
0.03187378712032339773 0.00000000100000000000 0.00000000100000000000 0.10258789697368012050 0.37748166536618121825 0.00000029309491528895 0.04601162252886274034 0.44204473291603718632 
0.00000000100000000000 0.00003322514654184218 0.02039794629351535105 0.04501890968922347275 0.28650164116230075750 0.01117450849816377378 0.00000000100000000000 0.63687376721025479309 
0.08321214870021002852 0.01029523549276414353 0.00000000100000000000 0.00042357309427402582 0.40574187147504114925 0.02180314940339506125 0.03622430021703986619 0.44229972061727579336 
0.00000000099999999999 0.00000000099999999999 0.00000000099999999999 0.00000000099999999999 0.00000000099999999999 0.00000000099999999999 0.00000066425239613612 0.99999932974760386006 
0.00000000100000000000 0.10422755321202765988 0.00000000100000000000 0.04867113296251879273 0.43843965664552203565 0.00000000100000000000 0.03558260726083250364 0.37307904691909898887 
0.00000000099999999991 0.00000000099999999991 0.00000000099999999991 0.00000000099999999991 0.99999999299999997593 0.00000000099999999991 0.00000000099999999991 0.00000000099999999991 
0.03901267440605252906 0.07750074265631196058 0.00000000100000000000 0.00000009533453199858 0.26306071590632928991 0.00034306128144086088 0.01025744371962674338 0.60982526569570660868 
0.08011826920155686038 0.00071737619986098652 0.02091007378214871856 0.00000000100000000000 0.33259017900259940648 0.00016933187565780966 0.00000000100000000000 0.56549476793817610165 
0.04638156990054515677 0.09731040546425252791 0.00000007360873261359 0.13311385501604588999 0.28908271017985509577 0.00000000100000000000 0.00000000100000000000 0.43411138383056868673 
0.11490989463489564848 0.04140843451165460848 0.00000000100000000000 0.00443258491788206012 0.38557891704038860237 0.00000010463420598493 0.05845222552243023451 0.39521783773854302080 
0.03415063233258026909 0.00023713860806395289 0.00000000100000000000 0.00000000100000000000 0.23091080885589712612 0.00000000100000000000 0.05580846429361003419 0.67889295290984852382 
0.04354932590862150427 0.00000000100000000000 0.00000000100000000000 0.03213485367587794878 0.33540625716596567107 0.11360550764089082099 0.00000000100000000000 0.47530405260864411199 
0.10348326995375510540 0.00000000100000000000 0.00000000100000000000 0.01417568124024081236 0.36754587000617788828 0.00000000100000000000 0.01919890995339744791 0.49559626584642851865 
0.05795671325677481667 0.00091164372263560854 0.00000003371383893064 0.00920243455420440351 0.18957558746920297188 0.00000000100000000000 0.09227803719970392726 0.65007554908363940349 
0.00000000100000000000 0.00001798273388064808 0.02102908479224547059 0.00005945040266748385 0.28175154783923228585 0.00000000100000000000 0.00668654979142699595 0.69045538244054716071 
0.00038446274920341547 0.00000000099999999999 0.00000000099999999999 0.00000000099999999999 0.00000000099999999999 0.03058073412249923129 0.00000000099999999999 0.96903479812829740325 
0.08639502140893111359 0.00000148230154427936 0.01797691842582050184 0.02349546501336517365 0.32868692326089687938 0.00010790097826623685 0.06867649093101411972 0.47465979768016158813 
0.04430022219459462535 0.00000000100000000000 0.00000875168410591393 0.02760884316091863008 0.36822085718887082040 0.07267283837824098369 0.00000000100000000000 0.48718848539326908842 
0.00000010888048801603 0.02046050792313242397 0.00000000100000000000 0.03368276557147741046 0.34482510465751703421 0.04894305340458533077 0.00020317459162707931 0.55188528397117264657 
0.20814752562443480932 0.00766002521630456193 0.00639544122702745930 0.00000000100000000000 0.25869281041157349277 0.10417224888010960526 0.00000000100000000000 0.41493194664055016441 
0.05307308036820405917 0.00000000100000000000 0.00000000100000000000 0.38658451403353455422 0.04967676318355020854 0.00000000100000000000 0.00000000100000000000 0.51066563841471102059 
0.00000000099999999998 0.00000000099999999998 0.00000000099999999998 0.00000000099999999998 0.00000000099999999998 0.00000000099999999998 0.00000000099999999998 0.99999999299999997593 
0.00000000099999999998 0.00000000099999999998 0.00000000099999999998 0.00000000099999999998 0.00000000099999999998 0.00000000099999999998 0.00000000099999999998 0.99999999300000008695 
0.00015648787868804525 0.00004335199593230135 0.04209228603762436155 0.08627326087006927102 0.32783945425636062954 0.00000000207195857172 0.00000000100000000000 0.54359515588936691000 
0.09249604983857558083 0.00000000100000000000 0.03005580676429863915 0.00000000100000000000 0.31503973511514632433 0.00000000100000000000 0.02616094727725593733 0.53624745800472350954 
0.00024941195519030392 0.00000000100000000000 0.00000000126041522977 0.07158705368771192679 0.29834569085970541469 0.09271046953133446622 0.00000000100000000000 0.53710737070564262829 
0.00000000099999999999 0.00000000099999999999 0.00000000099999999999 0.00000000099999999999 0.00000000099999999999 0.00008551288121949572 0.00000000099999999999 0.99991448111878045157 
0.00000000100000000000 0.00000000100000000000 0.00001100858580288607 0.00000000100000000000 0.31437025288507697285 0.00176288683000673475 0.00000000100000000000 0.68385584769911345049 
0.03319299541019055805 0.00000033308351512234 0.01990546021949219160 0.03845438793906560265 0.36975272933541658560 0.00000000100000000000 0.00004242149852566520 0.53865167151379422794 
0.00000000099999999992 0.00000000099999999992 0.00000000099999999992 0.00000000099999999992 0.99999999300000008695 0.00000000099999999992 0.00000000099999999992 0.00000000099999999992 
0.04276864468431484934 0.00000000100000000000 0.00000000100000000000 0.06238299659266333813 0.38957736232626388739 0.10709485366639985571 0.00000000100000000000 0.39817613973035814734 
0.02010818917897700536 0.00000168018779863748 0.00000000100000000000 0.02522776775468506955 0.25524253608272740035 0.08650447040194626791 0.00000000375405485554 0.61291535163981070156 
0.00000000099999999996 0.00000000099999999996 0.00000000099999999996 0.00000000099999999996 0.99999999300000008695 0.00000000099999999996 0.00000000099999999996 0.00000000099999999996 
0.08330211178131476102 0.00000004456210773390 0.00000000100000000000 0.03147009311648523572 0.30015940793484052751 0.11953132502008649574 0.00000000100000000000 0.46553701558516513703 
0.00000000100000000000 0.00000000100000000000 0.00000000100000000000 0.02888208257730636580 0.20982232192128422166 0.08051957794753748787 0.00000000100000000000 0.68077601355387196147 
0.00000000099999999999 0.00000000099999999999 0.00000000099999999999 0.00000000099999999999 0.00000000099999999999 0.00000000099999999999 0.00000000099999999999 0.99999999300000008695 
0.10500086192036918453 0.00000000100000000000 0.00000000372033561964 0.04187080663560353161 0.37020522606971928425 0.00000000100000000000 0.04772212290954951780 0.43520097674442276281 
0.04248867847936741576 0.00000002846405511215 0.00000000834980311257 0.00000003778142288950 0.23274424917121286360 0.07002688122181098540 0.00000000100000000000 0.65474011553232769334 
0.12088243872612779162 0.00000000100000000000 0.03936053869641258085 0.02471911697944806363 0.30790309224801526433 0.02031066522230659879 0.00000000104346244490 0.48682414608422708291 
0.04864829750967484406 0.00000000100000000000 0.01559786069476427547 0.01059833301550921168 0.16369271243894931156 0.00000000100000000000 0.05435121030992050989 0.70711158403118179461 
0.00000000099999999998 0.00000000099999999998 0.00000000099999999998 0.00000000099999999998 0.00000000099999999998 0.00000000099999999998 0.00000000099999999998 0.99999999299999997593 
0.04243071369136468263 0.00000000100000000000 0.00005015999454953030 0.06955894993852197727 0.26277388652842376127 0.05140978705076153232 0.03077236660935555104 0.54300413518702295157 
0.00000000099999999999 0.00000000099999999999 0.00000000099999999999 0.00000000099999999999 0.00000000099999999999 0.00000000099999999999 0.00000000099999999999 0.99999999300000008695 
0.03053547058838595313 0.01230262765941774264 0.00000216121204965325 0.03194239039265558966 0.39396532475808693219 0.02799511849086681534 0.00000068760433377396 0.50325621929420349954 
0.00000000100000000000 0.01687684990892750203 0.00000001718054852148 0.06444312912806517135 0.34930380959558471332 0.00000004959451255961 0.09725242434758614440 0.47212371924477541940 
0.71593712108232165914 0.00000000491196260837 0.00000019159149991568 0.07685579453364058122 0.16271378346595125053 0.00000000100000000000 0.04245099301965279265 0.00204211039497114669 
0.99999999300000008695 0.00000000099999999999 0.00000000099999999999 0.00000000099999999999 0.00000000099999999999 0.00000000099999999999 0.00000000099999999999 0.00000000099999999999 
0.69944596423184801637 0.00000000100000000000 0.00000000100000000000 0.10259655502778793068 0.13284091499481537335 0.00000000100000000000 0.06511656174554870946 0.00000000100000000000 
0.99999999300000019797 0.00000000099999999998 0.00000000099999999998 0.00000000099999999998 0.00000000099999999998 0.00000000099999999998 0.00000000099999999998 0.00000000099999999998 
0.68262812315544818542 0.04356270807251649141 0.00000102355390286385 0.13222478748265228954 0.07335644793604464975 0.00006054651423277497 0.00209766116612010705 0.06606870211908266732 
0.99999999300000019797 0.00000000099999999999 0.00000000099999999999 0.00000000099999999999 0.00000000099999999999 0.00000000099999999999 0.00000000099999999999 0.00000000099999999999 
0.99999999300000008695 0.00000000099999999999 0.00000000099999999999 0.00000000099999999999 0.00000000099999999999 0.00000000099999999999 0.00000000099999999999 0.00000000099999999999 
0.99999999300000008695 0.00000000099999999998 0.00000000099999999998 0.00000000099999999998 0.00000000099999999998 0.00000000099999999998 0.00000000099999999998 0.00000000099999999998 
0.99999999300000019797 0.00000000099999999999 0.00000000099999999999 0.00000000099999999999 0.00000000099999999999 0.00000000099999999999 0.00000000099999999999 0.00000000099999999999 
0.99999999300000008695 0.00000000099999999998 0.00000000099999999998 0.00000000099999999998 0.00000000099999999998 0.00000000099999999998 0.00000000099999999998 0.00000000099999999998 
0.80223684197401112783 0.00016663357668546806 0.00000000100000000000 0.08121725096364607044 0.11637926413626696609 0.00000000100000000000 0.00000000418596125445 0.00000000316342903893 
0.99999999300000008695 0.00000000099999999998 0.00000000099999999998 0.00000000099999999998 0.00000000099999999998 0.00000000099999999998 0.00000000099999999998 0.00000000099999999998 
0.99999999300000019797 0.00000000099999999998 0.00000000099999999998 0.00000000099999999998 0.00000000099999999998 0.00000000099999999998 0.00000000099999999998 0.00000000099999999998 
0.99999999300000008695 0.00000000099999999998 0.00000000099999999998 0.00000000099999999998 0.00000000099999999998 0.00000000099999999998 0.00000000099999999998 0.00000000099999999998 
0.99999999300000008695 0.00000000099999999998 0.00000000099999999998 0.00000000099999999998 0.00000000099999999998 0.00000000099999999998 0.00000000099999999998 0.00000000099999999998 
0.99999999300000008695 0.00000000099999999998 0.00000000099999999998 0.00000000099999999998 0.00000000099999999998 0.00000000099999999998 0.00000000099999999998 0.00000000099999999998 
0.99999999300000008695 0.00000000099999999999 0.00000000099999999999 0.00000000099999999999 0.00000000099999999999 0.00000000099999999999 0.00000000099999999999 0.00000000099999999999 
0.99999999300000019797 0.00000000099999999998 0.00000000099999999998 0.00000000099999999998 0.00000000099999999998 0.00000000099999999998 0.00000000099999999998 0.00000000099999999998 
0.99999999300000019797 0.00000000099999999998 0.00000000099999999998 0.00000000099999999998 0.00000000099999999998 0.00000000099999999998 0.00000000099999999998 0.00000000099999999998 
0.41017889168376786557 0.03395047092610050526 0.00005196911708895679 0.10843219524398979570 0.07889857167837013852 0.16294010584699927802 0.00000000474804587693 0.20554779075563758828 
0.99999999300000008695 0.00000000099999999999 0.00000000099999999999 0.00000000099999999999 0.00000000099999999999 0.00000000099999999999 0.00000000099999999999 0.00000000099999999999 
0.99999999300000019797 0.00000000099999999997 0.00000000099999999997 0.00000000099999999997 0.00000000099999999997 0.00000000099999999997 0.00000000099999999997 0.00000000099999999997 
0.99999999300000019797 0.00000000099999999999 0.00000000099999999999 0.00000000099999999999 0.00000000099999999999 0.00000000099999999999 0.00000000099999999999 0.00000000099999999999 
0.96097363706658756044 0.00000000099999999999 0.03902635693341252598 0.00000000099999999999 0.00000000099999999999 0.00000000099999999999 0.00000000099999999999 0.00000000099999999999 
0.99999999300000008695 0.00000000099999999998 0.00000000099999999998 0.00000000099999999998 0.00000000099999999998 0.00000000099999999998 0.00000000099999999998 0.00000000099999999998 
0.99999999300000008695 0.00000000099999999999 0.00000000099999999999 0.00000000099999999999 0.00000000099999999999 0.00000000099999999999 0.00000000099999999999 0.00000000099999999999 
0.99999999300000019797 0.00000000099999999998 0.00000000099999999998 0.00000000099999999998 0.00000000099999999998 0.00000000099999999998 0.00000000099999999998 0.00000000099999999998 
0.92917920960042321710 0.00000000099999999999 0.00000000099999999999 0.00000000099999999999 0.00000000099999999999 0.07082078439957688321 0.00000000099999999999 0.00000000099999999999 
0.99999999300000019797 0.00000000099999999997 0.00000000099999999997 0.00000000099999999997 0.00000000099999999997 0.00000000099999999997 0.00000000099999999997 0.00000000099999999997 
0.68303743551465789796 0.00049892509001452730 0.00000000100000000000 0.10685415888202746959 0.06485192984849935671 0.02986593342322471645 0.00000000100000000000 0.11489161524157605332 
0.99999999300000008695 0.00000000099999999999 0.00000000099999999999 0.00000000099999999999 0.00000000099999999999 0.00000000099999999999 0.00000000099999999999 0.00000000099999999999 
0.18930560434873555664 0.00000000099999999997 0.00000000099999999997 0.81069438965126450203 0.00000000099999999997 0.00000000099999999997 0.00000000099999999997 0.00000000099999999997 
0.00000000099999999998 0.00000000099999999998 0.00000000099999999998 0.99999999299999997593 0.00000000099999999998 0.00000000099999999998 0.00000000099999999998 0.00000000099999999998 
0.00000000099999999998 0.00000000099999999998 0.00000000099999999998 0.99999999300000008695 0.00000000099999999998 0.00000000099999999998 0.00000000099999999998 0.00000000099999999998 
0.00000000099999999999 0.00000000099999999999 0.00000000099999999999 0.99999999299999997593 0.00000000099999999999 0.00000000099999999999 0.00000000099999999999 0.00000000099999999999 
0.00000000099999999998 0.00000000099999999998 0.00000000099999999998 0.99999999299999997593 0.00000000099999999998 0.00000000099999999998 0.00000000099999999998 0.00000000099999999998 
0.00000000099999999998 0.00000000099999999998 0.00000000099999999998 0.99999999300000008695 0.00000000099999999998 0.00000000099999999998 0.00000000099999999998 0.00000000099999999998 
0.00000000099999999998 0.00000000099999999998 0.00000000099999999998 0.99999999300000008695 0.00000000099999999998 0.00000000099999999998 0.00000000099999999998 0.00000000099999999998 
0.00000004014778289648 0.00000000099999999999 0.00000000099999999999 0.99999995385221707167 0.00000000099999999999 0.00000000099999999999 0.00000000099999999999 0.00000000099999999999 
0.00000000099999999997 0.00000000099999999997 0.00000000099999999997 0.99999999300000008695 0.00000000099999999997 0.00000000099999999997 0.00000000099999999997 0.00000000099999999997 
0.00000000099999999997 0.00000000099999999997 0.00000000099999999997 0.99999999300000008695 0.00000000099999999997 0.00000000099999999997 0.00000000099999999997 0.00000000099999999997 
0.00000000099999999997 0.00000000099999999997 0.00000000099999999997 0.99999999300000008695 0.00000000099999999997 0.00000000099999999997 0.00000000099999999997 0.00000000099999999997 
0.00000000099999999998 0.00000000099999999998 0.00000000099999999998 0.99999999299999997593 0.00000000099999999998 0.00000000099999999998 0.00000000099999999998 0.00000000099999999998 
0.00000000099999999999 0.00000000099999999999 0.00000000099999999999 0.99999999300000008695 0.00000000099999999999 0.00000000099999999999 0.00000000099999999999 0.00000000099999999999 
0.00000000099999999998 0.00000000099999999998 0.00000000099999999998 0.99999999300000008695 0.00000000099999999998 0.00000000099999999998 0.00000000099999999998 0.00000000099999999998 
0.00000000099999999998 0.00000000099999999998 0.00000000099999999998 0.99999999300000008695 0.00000000099999999998 0.00000000099999999998 0.00000000099999999998 0.00000000099999999998 
0.00000000099999999998 0.00000000099999999998 0.00000000099999999998 0.99999999299999997593 0.00000000099999999998 0.00000000099999999998 0.00000000099999999998 0.00000000099999999998 
0.00000000099999999999 0.00000000099999999999 0.00000132730283666711 0.96388433118662109056 0.00000000099999999999 0.00000000099999999999 0.03611433651054216792 0.00000000099999999999 
0.00000000099999999998 0.00000000099999999998 0.00000000099999999998 0.99999999300000008695 0.00000000099999999998 0.00000000099999999998 0.00000000099999999998 0.00000000099999999998 
0.00000000099999999997 0.00000000099999999997 0.00000000099999999997 0.99999999300000008695 0.00000000099999999997 0.00000000099999999997 0.00000000099999999997 0.00000000099999999997 
0.00000000099999999998 0.00000000099999999998 0.00000000099999999998 0.99999999299999997593 0.00000000099999999998 0.00000000099999999998 0.00000000099999999998 0.00000000099999999998 
0.00000000099999999999 0.00000000099999999999 0.00000000099999999999 0.99999999299999997593 0.00000000099999999999 0.00000000099999999999 0.00000000099999999999 0.00000000099999999999 
0.00000000099999999998 0.00000000099999999998 0.00000000099999999998 0.99999999299999997593 0.00000000099999999998 0.00000000099999999998 0.00000000099999999998 0.00000000099999999998 
0.00000000099999999999 0.00000000099999999999 0.00000000099999999999 0.99999999300000008695 0.00000000099999999999 0.00000000099999999999 0.00000000099999999999 0.00000000099999999999 
0.00000000099999999998 0.00000000099999999998 0.00000000099999999998 0.99999999299999997593 0.00000000099999999998 0.00000000099999999998 0.00000000099999999998 0.00000000099999999998 
0.04016842423213665136 0.00000000099999999999 0.00000000099999999999 0.95983156976786343506 0.00000000099999999999 0.00000000099999999999 0.00000000099999999999 0.00000000099999999999 
0.00000000099999999997 0.00000000099999999997 0.00000000099999999997 0.99999999300000008695 0.00000000099999999997 0.00000000099999999997 0.00000000099999999997 0.00000000099999999997 
0.00000002890931412135 0.49902773372701364485 0.31448644044517842788 0.00000000100000000000 0.03457475724745597695 0.15191103667103789121 0.00000000100000000000 0.00000000100000000000 
0.00000000099999999999 0.00000000099999999999 0.00000000099999999999 0.00000000099999999999 0.00000000099999999999 0.48994658157165510426 0.51005341242834467685 0.00000000099999999999 
0.00000000099999999999 0.00026917059125101803 0.00021445111824823775 0.00000000099999999999 0.00000000099999999999 0.62247585492086288106 0.37704051936963767222 0.00000000099999999999 
0.00000000099999999998 0.99999999300000019797 0.00000000099999999998 0.00000000099999999998 0.00000000099999999998 0.00000000099999999998 0.00000000099999999998 0.00000000099999999998 
0.00000000099999999997 0.00000000099999999997 0.00000000099999999997 0.00000000099999999997 0.00000000099999999997 0.99999999300000008695 0.00000000099999999997 0.00000000099999999997 
0.00000000099999999994 0.00000000099999999994 0.00000000099999999994 0.00000000099999999994 0.00000000099999999994 0.00000000099999999994 0.99999999299999997593 0.00000000099999999994 
0.00000000099999999994 0.00000000099999999994 0.00000000099999999994 0.00000000099999999994 0.00000000099999999994 0.00000000099999999994 0.99999999299999986491 0.00000000099999999994 
0.00000000100000000000 0.00000087307135836336 0.05370738455844596693 0.00000000100000000000 0.00000000100000000000 0.53813353575575129106 0.35522576100463032489 0.05293244260981408433 
0.00000000099999999999 0.00000000099999999999 0.00000000099999999999 0.00000000099999999999 0.00000000099999999999 0.62123216839032557868 0.37876782560967436897 0.00000000099999999999 
0.00000000099999999997 0.00000000099999999997 0.00000000099999999997 0.00000000099999999997 0.00000000099999999997 0.99999999300000008695 0.00000000099999999997 0.00000000099999999997 
0.00000000099999999997 0.00000000099999999997 0.00000000099999999997 0.00000000099999999997 0.00000000099999999997 0.99999999300000008695 0.00000000099999999997 0.00000000099999999997 
0.00000000100000000000 0.00000032924819122134 0.00000000100000000000 0.00000000100000000000 0.00000000100000000000 0.53896368676941153186 0.46103597898239717656 0.00000000100000000000 
0.00499548475263805487 0.49563053113003757710 0.09770377951168578157 0.00000000100000000000 0.00050168784263732809 0.22299434367140266722 0.11531494377090875658 0.06285922832068971400 
0.03362010662799744948 0.06407363220945111459 0.00000001603605880524 0.00000000100000000000 0.00000000100000000000 0.39826468734347630907 0.15785786454908060095 0.34618369123393571973 
0.00000000099999999999 0.00000000099999999999 0.04367677457959004417 0.00000000099999999999 0.00000000099999999999 0.51846445621675596449 0.43785876420365393846 0.00000000099999999999 
0.00000000099999999999 0.00000000099999999999 0.05953216110943333056 0.00000000099999999999 0.00000000099999999999 0.61597896251910855270 0.32448887137145815407 0.00000000099999999999 
0.00000000100000000000 0.00000021709562053904 0.01706895075926285338 0.00000000100000000000 0.00978672030590625915 0.53287545123360913202 0.44026865760560124352 0.00000000100000000000 
0.01767997550901276305 0.01006719878607092479 0.01625153162142488686 0.00000000100000000000 0.00000000100000000000 0.43079842129779716275 0.50187226179990274133 0.02333060898579147543 
0.00000000099999999991 0.00000000099999999991 0.99999999299999997593 0.00000000099999999991 0.00000000099999999991 0.00000000099999999991 0.00000000099999999991 0.00000000099999999991 
0.00000000099999999993 0.00000000099999999993 0.00000000099999999993 0.00000000099999999993 0.00000000099999999993 0.00000000099999999993 0.99999999299999986491 0.00000000099999999993 
0.00000000100000000000 0.63605852534312079527 0.24193509870543325468 0.00000035264346860102 0.02339489996959767323 0.00000000100000000000 0.09861112033837972357 0.00000000100000000000 
0.00486269135854514988 0.56289674261861322169 0.26038665478421385568 0.00000000100000000000 0.00014526983805950765 0.01223184660757128429 0.08274307225624431827 0.07673372153675264706 
0.00000000099999999999 0.00000006624491032338 0.00000000099999999999 0.00000000099999999999 0.00000000099999999999 0.45747930938115916044 0.54252061937393047941 0.00000000099999999999 
0.00000000099999999999 0.00001453606572994004 0.00000387871011183861 0.00000000099999999999 0.00000000099999999999 0.52451114744494364839 0.47547043377921460738 0.00000000099999999999 
0.01401055016827973052 0.60213443293788992960 0.25487138704567174896 0.00000005632413407017 0.00000000100000000000 0.09093532244042137891 0.01064336169294596152 0.02740488839065711654 
0.00000000099999999993 0.00000000099999999993 0.00000000099999999993 0.00000000099999999993 0.00000000099999999993 0.00000000099999999993 0.99999999299999997593 0.00000000099999999993 
0.00000000099999999993 0.00000000099999999993 0.00000000099999999993 0.00000000099999999993 0.00000000099999999993 0.00000000099999999993 0.99999999299999986491 0.00000000099999999993 
0.00000000099999999998 0.99999999300000008695 0.00000000099999999998 0.00000000099999999998 0.00000000099999999998 0.00000000099999999998 0.00000000099999999998 0.00000000099999999998 
0.00000000099999999999 0.00000000099999999999 0.00000366040730433382 0.00000000099999999999 0.00000000099999999999 0.54335957516394572941 0.45663675942874998315 0.00000000099999999999 
0.00000000099999999998 0.00000000099999999998 0.00696904116148788517 0.00000000099999999998 0.00000000099999999998 0.49595202013019551446 0.49707893370831646163 0.00000000099999999998 
0.00000000099999999998 0.99999999300000008695 0.00000000099999999998 0.00000000099999999998 0.00000000099999999998 0.00000000099999999998 0.00000000099999999998 0.00000000099999999998 
0.00000000099999999999 0.00000001863652966666 0.01122929629677270509 0.00000000099999999999 0.00000000099999999999 0.52735939028590539390 0.44142486159778099308 0.01998643018301110574 
0.00000000099999999999 0.52381613577234631407 0.32989013128365213268 0.00000000099999999999 0.00000000099999999999 0.00000000099999999999 0.14629372794400161140 0.00000000099999999999 
0.00000000099999999999 0.00000000099999999999 0.99999999300000008695 0.00000000099999999999 0.00000000099999999999 0.00000000099999999999 0.00000000099999999999 0.00000000099999999999 
0.00000000099999999999 0.00000789973497744978 0.64473483759608318788 0.00000000099999999999 0.00000000099999999999 0.00000000099999999999 0.35525725766893934132 0.00000000099999999999 
0.00000000100000000000 0.72388672470599801922 0.27581789646647653091 0.00000000100000000000 0.00000000100000000000 0.00029124448055600571 0.00000000100000000000 0.00000413034696944278 
0.00000000099999999999 0.00000000099999999999 0.00001263762006215499 0.00000000099999999999 0.00000000099999999999 0.50017716236431120080 0.49981019501562656826 0.00000000099999999999 
0.00000000099999999996 0.00000000099999999996 0.00000000099999999996 0.00000000099999999996 0.00000000099999999996 0.99999999300000008695 0.00000000099999999996 0.00000000099999999996 
0.00000000099999999997 0.00000000099999999997 0.00000000099999999997 0.00000000099999999997 0.00000000099999999997 0.99999999300000008695 0.00000000099999999997 0.00000000099999999997 
0.00000000100000000000 0.09371062053814684101 0.00000000100000000000 0.00051971499101908180 0.00423926492279563284 0.49397389998265961442 0.34938991636157012977 0.05816658120380877040 
0.00000000099999999997 0.00000000099999999997 0.00000000099999999997 0.00000000099999999997 0.00000000099999999997 0.99999999299999997593 0.00000000099999999997 0.00000000099999999997 
0.03619280622873967401 0.52809762045361841043 0.21969141969074149068 0.01610805514370319477 0.00881443389841544619 0.14467745909010348848 0.04641820449467844861 0.00000000100000000000 
0.00000000099999999993 0.00000000099999999993 0.00000000099999999993 0.00000000099999999993 0.00000000099999999993 0.00000000099999999993 0.99999999299999986491 0.00000000099999999993 
0.00000047359533347679 0.00000007673750689443 0.05885179539298747431 0.00000000100000000000 0.00000000100000000000 0.53931453723972933023 0.40183311403444271770 0.00000000100000000000 
0.00000000099999999999 0.00000000099999999999 0.00002715320009748305 0.00000000099999999999 0.00000000099999999999 0.50551970559563108587 0.49445313620427144841 0.00000000099999999999 
0.02704396512458842952 0.21823366561672083441 0.20448710336954112332 0.00000000100000000000 0.00000000100000000000 0.25400560579099706882 0.27857781698372902079 0.01765184111442361786 
0.01651264903006277596 0.42094061277641536822 0.18298766059994489575 0.00000178586661516546 0.00000000100000000000 0.16563318738945764785 0.21392410233750419613 0.00000000100000000000 
0.00000000099999999993 0.00000000099999999993 0.00000000099999999993 0.00000000099999999993 0.00000000099999999993 0.00000000099999999993 0.99999999299999986491 0.00000000099999999993 
0.00000000099999999993 0.00000000099999999993 0.00000000099999999993 0.00000000099999999993 0.00000000099999999993 0.00000000099999999993 0.99999999299999997593 0.00000000099999999993 
0.00000000099999999999 0.47631907245763577263 0.23281461113495588444 0.00000000099999999999 0.00000000099999999999 0.21830543601258711739 0.07256087639482125540 0.00000000099999999999 
0.00000000099999999998 0.99999999300000019797 0.00000000099999999998 0.00000000099999999998 0.00000000099999999998 0.00000000099999999998 0.00000000099999999998 0.00000000099999999998 
0.00344248225743395064 0.57298168110641978235 0.15668805513322900391 0.00000000100000000000 0.00000000100000000000 0.21253718238025898213 0.03814825919309883240 0.01620233792955938154 
0.00000000099999999999 0.00000000099999999999 0.00556915632661359686 0.00000000099999999999 0.00000000099999999999 0.52538909053757143486 0.46904174813581489545 0.00000000099999999999 
0.00000000099999999999 0.09433843944884996724 0.00000000099999999999 0.00000000099999999999 0.00000000099999999999 0.53570625714534703121 0.36995529840580299030 0.00000000099999999999 
0.00894736534719413681 0.10426816315170353566 0.00746263428643422280 0.00000000100000000000 0.00000000100000000000 0.54352282753805225557 0.28521504528756841390 0.05058396238904737385 
0.00000000100000000000 0.56141763482839257549 0.27183409471269054380 0.00000000100000000000 0.00000000100000000000 0.16674826545891696661 0.00000000100000000000 0.00000000100000000000 
0.00000000100000000000 0.60038654275981750974 0.24227609987350959275 0.00267939866598037191 0.00000000100000000000 0.11052136223183416097 0.04413510479116446172 0.00000148967769400359 
0.00000000100000000000 0.02201811317621754291 0.00000000100000000000 0.00000000100000000000 0.00000000100000000000 0.67340863024314012719 0.30457325158064224579 0.00000000100000000000 
0.00000000099999999999 0.00000000099999999999 0.00000000099999999999 0.00000000099999999999 0.00000000099999999999 0.51171615087515265330 0.48828384312484734986 0.00000000099999999999 
0.00000000099999999999 0.00000000099999999999 0.00000000099999999999 0.00000000099999999999 0.00000000099999999999 0.55666443411861743495 0.44333555988138262371 0.00000000099999999999 
0.00000000099999999999 0.00000000099999999999 0.00000000099999999999 0.00000000099999999999 0.00000000099999999999 0.52084523590554399064 0.47915475809445601252 0.00000000099999999999 
0.00000000099999999992 0.00000000099999999992 0.00000000099999999992 0.00000000099999999992 0.00000000099999999992 0.00000000099999999992 0.99999999299999997593 0.00000000099999999992 
0.00000000100000000000 0.00013699605406981955 0.04266043604619407931 0.00000000100000000000 0.00000000100000000000 0.50947407842614278461 0.39388492708517069962 0.05384355938842247391 
