0.05922262168549236039 0.04036185394691333556 0.06345881444302707564 0.74367582970254197949 0.03676687298707323470 0.04003280477891783817 0.01114262742122173154 0.00533857503481243237 
0.00000000099999999965 0.00000000099999999965 0.00000000099999999965 0.00000000099999999965 0.99999999300000008695 0.00000000099999999965 0.00000000099999999965 0.00000000099999999965 
0.00000087302234149288 0.00000000100000000000 0.00000000100000000000 0.89206858896768959077 0.00000000100000000000 0.00000000100000000000 0.00000000100000000000 0.10793053300996903465 
0.07080142347371146117 0.01693112640922700071 0.00476721414720984726 0.79193177885430121599 0.00000000100000000000 0.00000000100000000000 0.03218745437995591124 0.08338100073559465142 
0.00000000460306401791 0.02144179718457040265 0.03469741196776937597 0.72014202677688221588 0.09697492739793640848 0.07912128527439137027 0.04762254579538619664 0.00000000100000000000 
0.06257382281865951634 0.00014927422453458038 0.00000000100000000000 0.86784271805157264801 0.00000000100000000000 0.00000000100000000000 0.00000000100000000000 0.06943418090523315045 
0.15059800663537875609 0.01973776744184019966 0.00000000100000000000 0.69921781379923009236 0.03575255071694646153 0.09226765340644747793 0.00000000100000000000 0.00242620600015698270 
0.02386866599126390154 0.02750077688910891952 0.01464710992096543776 0.82134259609702320315 0.04553308470998151947 0.02162840464636056961 0.00000001651882717984 0.04547934522646929906 
0.00000005811819977314 0.06541382647219937119 0.00147719565900307926 0.75097379955264775830 0.04655438728631375311 0.11038103486419581500 0.00000000100000000000 0.02519969704744053074 
0.02911600951975137561 0.07206474401165291477 0.04611741683012782200 0.76326280855585615370 0.05825179686465658396 0.00000000100000000000 0.03117601823020380372 0.00001120498775133601 
0.00000000100000000000 0.02383990539575000372 0.05830036679468637156 0.70115983391351266452 0.04700777821142902019 0.13429576999172990193 0.03450950210442128852 0.00088684258847079498 
0.00000000100000000000 0.01061304667421740684 0.04119575928124071668 0.83997832083181289686 0.03547586687376813597 0.07273700333896089554 0.00000000100000000000 0.00000000100000000000 
0.00000000100000000000 0.00000000100000000000 0.03113518362140463638 0.79499408943629346069 0.04342367038557790049 0.05084586820614319519 0.00000000100000000000 0.07960118535058083311 
0.16148587964237709480 0.00000000100000000000 0.00000000100000000000 0.83119406909051074539 0.00000000100000000000 0.00000000100000000000 0.00732004626711223617 0.00000000100000000000 
0.07282953308583652030 0.01237507851004997217 0.05942886965731727922 0.77931443135527522781 0.04405924787970026679 0.00021385205308531568 0.00329914274198252633 0.02847984471675286261 
0.00000000121917437596 0.00000000100000000000 0.00421023907334527100 0.71559616677761561654 0.06683794451226909850 0.14919180954274197104 0.00000000100000000000 0.06416383687485374687 
0.00000000100000000000 0.05484044153830860968 0.01679069134879731390 0.78422388804050890965 0.04093943462636129987 0.07749943092035581349 0.00335376512613000952 0.02235234739953811597 
0.04473004684829658129 0.00000000100000000000 0.03950238220074443057 0.73141522908183254081 0.03594858286857097879 0.12976756785358187218 0.01863614909377130785 0.00000004105320247563 
0.00000000100000000000 0.00001370045407342385 0.10624666282124343997 0.76717226450855158237 0.02115938346845644413 0.07372690292242550791 0.03168108310968963809 0.00000000171555983995 
0.00000000100000000000 0.01701019998735677982 0.06506741260313936293 0.70233483602632418297 0.05891568042782605041 0.14876515078641125434 0.00786767906184559530 0.00003904010709680722 
0.01124520731771958340 0.00000000100000000000 0.09429486465301134546 0.80211562487078447159 0.03348895440277999125 0.00008097219755798870 0.05877437455814660955 0.00000000100000000000 
0.00000000100000000000 0.00007223027146362146 0.08494931572226507854 0.77780757014731971566 0.04423766035559575233 0.05936198662126705022 0.03357123488208885870 0.00000000100000000000 
0.01351870581102400555 0.01859199824865393619 0.04560252678888253308 0.75170145326007542508 0.05177221382257787136 0.09150649284350022283 0.02394457846626208211 0.00336203075902397281 
0.00000000100000000000 0.00000000100000000000 0.00000000100000000000 0.83760146001055213461 0.04324424592740026135 0.11640805978260292119 0.00274623027944456265 0.00000000100000000000 
0.04793249029826381069 0.00000000100000000000 0.02708087182270691243 0.74253671153233913316 0.03041977784160492665 0.12267959620735653659 0.02909390306546882216 0.00025664823225987507 
0.02847321201680832331 0.03752446585211394875 0.00733483293096857687 0.80107055519623537876 0.01703143508583824378 0.10758280965570865551 0.00000000100000000000 0.00098268826232693709 
0.05972968506138005146 0.00005670590329090294 0.03364679078179469429 0.71429583760912163104 0.04205324817141795762 0.13159756684101420188 0.01862016463198040706 0.00000000100000000000 
0.00000000100000000000 0.04968318341295414886 0.05835316797663189781 0.74887972836021632350 0.05369350229825701343 0.03167592757923111402 0.00000000100000000000 0.05771448837270949650 
0.00000000100000000000 0.00000000100000000000 0.08672763284013888796 0.74044209708714836538 0.05497848499016289026 0.05320660923823741784 0.00000000100000000000 0.06464517284431253730 
0.00000000100000000000 0.00013171552488101077 0.05916593795511318477 0.77409647444953710860 0.05426092070128850364 0.08739133260952029747 0.00588716541077683071 0.01906645234888311100 
0.00000000100000000000 0.00939593212969767194 0.04411268013787300601 0.77104046836236850293 0.02834899882751306874 0.05178111245925589440 0.00000000100000000000 0.09532080608329200622 
0.04953043822419346542 0.00000000099999999999 0.00000000099999999999 0.76863618903046415642 0.00000005409570458345 0.15269559289988521300 0.02913772274975257384 0.00000000099999999999 
0.00000000100000000000 0.01701222313647347134 0.03863862757362620387 0.71509576578725309037 0.00647594502950180062 0.14119993645300180085 0.00949548661294601082 0.07208201440719766429 
0.00000000099999999982 0.00000000099999999982 0.00000000099999999982 0.00000000099999999982 0.99999999299999997593 0.00000000099999999982 0.00000000099999999982 0.00000000099999999982 
0.04621187837617232730 0.04623074140888182998 0.01637021346377091555 0.79297487995858162435 0.04936710849393668998 0.00642577842436926460 0.02965529234225112651 0.01276410753203618791 
0.01522821645558831635 0.06148578420383485343 0.07504393033662837276 0.71126900464592157647 0.05797591708122325910 0.01417535695385194021 0.01034412195733085821 0.05447766836562083215 
0.00000000099999999967 0.00000000099999999967 0.00000000099999999967 0.00000000099999999967 0.99999999300000008695 0.00000000099999999967 0.00000000099999999967 0.00000000099999999967 
0.01320464926977647606 0.02709400983008983937 0.06607622201335147660 0.77430161549420395417 0.06420728185168005087 0.00000222840561780830 0.04373032900069902945 0.01138366413458130090 
0.00000000099999999999 0.02306743615742299497 0.00000000099999999999 0.97693255784257704288 0.00000000099999999999 0.00000000099999999999 0.00000000099999999999 0.00000000099999999999 
0.00000000100000000000 0.03307408308941479219 0.01822317017534613032 0.76431582023116528823 0.03097046091889831682 0.12939618828095289516 0.02402018314257317599 0.00000009316164919666 
0.00000000100000000000 0.01419596986587374349 0.05832951783004154678 0.78860822911568484450 0.05551782837883741800 0.06679240766262795059 0.01655604514693450116 0.00000000100000000000 
0.00518406752166425400 0.00000001053914450169 0.00000016690226666251 0.68756707065167343984 0.05881567004790949627 0.19947285821175247955 0.04896015512558911376 0.00000000100000000000 
0.01188123765949747508 0.05112691752225451830 0.04264918505473312693 0.84727640180064467401 0.04706621258310648981 0.00000000100000000000 0.00000004337976380926 0.00000000100000000000 
0.04905046342043093560 0.01909593311124333295 0.06909658556931153051 0.78357548799714593635 0.00000000100000000000 0.03468193147632364637 0.04449959642554447703 0.00000000100000000000 
0.06101936651923559052 0.01427915939947310871 0.03345601651896218387 0.80150700152848664004 0.00781694478448244877 0.07640497349612915268 0.00551653675323078747 0.00000000100000000000 
0.00000000100000000000 0.00305732102071991276 0.02891843803612783453 0.76872428370973899803 0.05804657689283904826 0.14125337734057416550 0.00000000100000000000 0.00000000100000000000 
0.07562946994407189483 0.00000000100000000000 0.06435353594569137581 0.73742684321494800237 0.01876642772036303183 0.10382372017492561000 0.00000000100000000000 0.00000000100000000000 
0.03170987789681499469 0.04676433030032937921 0.02240308138941740981 0.69620090228002950994 0.04413854345934237200 0.11165785496535850230 0.01317854978751030991 0.03394685992119757245 
0.12496213143419765412 0.00464226357491540152 0.07371747065268156873 0.66697294963477393726 0.05810084541262246216 0.06843509649084941748 0.00000000100000000000 0.00316924179995949377 
0.17481635057524377852 0.00000000099999999999 0.00000000099999999999 0.81223363928968450587 0.00000000099999999999 0.00000000099999999999 0.01289936564435135644 0.00005064049072039704 
0.01998025866525606972 0.00758743702333399429 0.03444828821565743687 0.69719906214749072237 0.05289947129883398880 0.12670352334648848913 0.01942849044320285948 0.04175346885973642980 
0.05139513446808805647 0.04896867457995322109 0.10519225307235667566 0.70166503197583063312 0.02411742489138118603 0.06866147901239026685 0.00000000100000000000 0.00000000100000000000 
0.01498520555198729759 0.05518579228329836134 0.03583621580728353628 0.81941498950124302958 0.02977954269240726606 0.00000000458302495812 0.04416548286292017872 0.00063276671783535701 
0.05405705476436758333 0.01417813791987882974 0.05606700562258828263 0.68800466865667619931 0.05414458021880889926 0.11593816739732726306 0.00000000100000000000 0.01761038442035310972 
0.14308370388934774087 0.00958847346971552356 0.00313656184789758152 0.78380668954988397257 0.00747955595330823068 0.00002975952796313376 0.02479474960468246170 0.02808050615720134036 
0.00000000100000000000 0.03527975571566486362 0.07506015815505211186 0.65503551427903983218 0.08157257715979789048 0.04458709395106207063 0.00656221577671081257 0.10190268396267257445 
0.00000000099999999999 0.08247749246491865860 0.31875107599640167821 0.45454024236249596091 0.06142584491158595283 0.08280534126459776489 0.00000000099999999999 0.00000000099999999999 
0.02027412631953047495 0.00000000100000000000 0.03287832103028218850 0.74086539085252789416 0.05863832694644843108 0.05417650585058361029 0.00000003643475137569 0.09316729156587612304 
0.00000000100000000000 0.00000000271991210862 0.04292565164061189903 0.73701295211008677200 0.07137681809290641333 0.11078043405677656663 0.01501943784437863826 0.02288470253532758070 
0.00000000100000000000 0.04299518458672441784 0.12729185624162342449 0.58733793534748901521 0.05442034278946641934 0.06940946298126358938 0.00000000100000000000 0.11854521605343329438 
0.05233050957939755499 0.01198055140329517577 0.05623019488930473125 0.67020230328254548624 0.01503699234638648449 0.14654827931794803253 0.00000024102077458319 0.04767092816034793762 
0.00359589011245330667 0.00000000100000000000 0.00000030754153244354 0.86955508303914041957 0.00000000100000000000 0.06258601418975212605 0.00000000100000000000 0.06426270211712178937 
0.09161328835008425431 0.05677006938068813319 0.01257179801025871263 0.69628563180396074728 0.06465011962563933789 0.07810908901415383743 0.00000000281521502712 0.00000000100000000000 
0.00000000100000000000 0.02644125810390541426 0.03892394716791339887 0.74758756019759409206 0.05471702810224433888 0.13233019381993316177 0.00000001060840952964 0.00000000100000000000 
0.08822315150593545985 0.01034293330403867825 0.02295094224256747847 0.71814403120369274536 0.03545927850181354590 0.06494673738599457402 0.00000000100000000000 0.05993292485595748398 
0.00000126977071660382 0.00867210284991082152 0.03270472774033052199 0.82484003302757413767 0.07391686576512987439 0.00012968255543050440 0.01225491780453408924 0.04748040048637344052 
0.19627821338257145367 0.00000000100000000000 0.00000001656012745913 0.69934851359228544787 0.02114861085047426217 0.07445926370162347929 0.00876537991291778673 0.00000000100000000000 
0.06389515407570757477 0.02327853280088124435 0.04467780057523058901 0.66936135530842355568 0.04742861490304497302 0.11774961569157654795 0.01682527471755636272 0.01678365192757912822 
0.07340726422291746212 0.00320421672149503274 0.07507043534533307250 0.70792509709957540665 0.05175247256076617730 0.08620971319559780910 0.00104317423582627497 0.00138762661848900099 
0.03718643174979811145 0.01257856872564369968 0.07461422397709488452 0.78041788606740514211 0.02658087962176083202 0.01585523055585747951 0.00000000100000000000 0.05276677830244003164 
0.04579495389776777614 0.00000000100000000000 0.00000000100000000000 0.58898143491337406896 0.04328549117739256130 0.26155681825373583438 0.00000001792868404341 0.06038128182904564656 
0.01939896385944513135 0.06963399645386957049 0.32991797542634254681 0.53058346800008460153 0.00000053687617823378 0.05046488006453581088 0.00000017831954413777 0.00000000100000000000 
0.09467271485371393791 0.00000000100000000000 0.00000000100000000000 0.82545332666682535994 0.00000000100000000000 0.00000000100000000000 0.03766603457782188857 0.04220791990163883650 
0.11268113982657335104 0.00000000100000000000 0.00000000100000000000 0.82060251695099084568 0.00000000100000000000 0.00000000100000000000 0.00993682728960772546 0.05677951193282804870 
0.00000000100000000000 0.03395374275555727156 0.09413192823872358617 0.73658712878510013145 0.02408439874112650730 0.04575119068189444083 0.06549160879759788334 0.00000000100000000000 
0.00000182343462093151 0.02689503782902950835 0.00000000100000000000 0.73241434101334690343 0.04799322166641880466 0.13649690596643720975 0.05619866809014657100 0.00000000100000000000 
0.07967696373674831856 0.03500506879844345748 0.06254218172551277710 0.73584293702964753692 0.02316537393515837387 0.05129273844823784706 0.01247473250626939326 0.00000000381998227434 
0.19133779565239994458 0.00000000100000000000 0.00000000100000000000 0.77718187684868822451 0.00000000100000000000 0.00000000100000000000 0.03148031641383144258 0.00000000708508047993 
0.00000000099999999999 0.00000000099999999999 0.00000000099999999999 0.99969951972533177553 0.00000000099999999999 0.00000000099999999999 0.00030047427466825050 0.00000000099999999999 
0.00000000100000000000 0.01907035676918324152 0.06393564235118727457 0.75412767367846011979 0.06074118799091018928 0.07361402806421077361 0.02851110914604830168 0.00000000100000000000 
0.00000000099999999999 0.02684491737998604549 0.32949726769747461619 0.37954009856564463465 0.01192457831054687285 0.25219313504634782719 0.00000000099999999999 0.00000000099999999999 
0.07194952209010563315 0.04193273897626260960 0.06400191167328736497 0.70076837168210526219 0.02654402537184019292 0.09466910646255140283 0.00013432274384751882 0.00000000100000000000 
0.09554881384694492719 0.00000012043054828404 0.06022968716037799264 0.77451916366029327499 0.00000000100000000000 0.04182707466897454818 0.00000000100000000000 0.02787513823286103670 
0.00000000100000000000 0.05533191764514132360 0.05383072354509842866 0.70586724068259787401 0.03141863518637963426 0.10220761734374168850 0.05134386359704105895 0.00000000100000000000 
0.12373866647943493335 0.00459793663232994053 0.05964785245915205092 0.64775422358070955386 0.02288720932039917111 0.12873183353893744019 0.01264227698903700597 0.00000000100000000000 
0.08609599768335640668 0.01455382275948269820 0.04991257476234542412 0.83366722775856527683 0.00000000100000000000 0.00000026212490248642 0.00019258032761792661 0.01557753358372990227 
0.18517169129612898182 0.00000708128610914341 0.01469209964307370900 0.79678386000981016313 0.00000000100000000000 0.00000005965351425194 0.00334520611136364995 0.00000000100000000000 
0.02086735757847515277 0.02668296599920011794 0.06817435840586477669 0.69904780925432785654 0.02422558705969767023 0.14044918361458511025 0.02055273708784938549 0.00000000100000000000 
0.06840289340779684424 0.00521833867149153457 0.00361245366699301622 0.76474310266049227991 0.05515553396464126235 0.08086876676896923022 0.02199890985961589635 0.00000000100000000000 
0.02922372934069630487 0.00126309223630809392 0.06805743416783822941 0.68861533588918966142 0.01410429105406074690 0.14345880089706325444 0.05527731541484372235 0.00000000100000000000 
0.07846404764605410809 0.00700892653846636737 0.01797553791165430737 0.78041593681537269056 0.00001076628260084526 0.07123163003606593213 0.04489305407308845364 0.00000010069669721544 
0.08855485709572145925 0.00000515848039924083 0.00000000099999999999 0.85562565365914999838 0.00000000099999999999 0.00000000099999999999 0.00000000099999999999 0.05581432676472949245 
0.09737298378683469091 0.02486065613016745154 0.07791245509183972184 0.69221108241203410660 0.03188666396585475987 0.06533968870974798948 0.01041646890352149364 0.00000000100000000000 
0.13753853802859131172 0.00601330787702589100 0.00000569611102693131 0.76204897812110472533 0.04778980073835720904 0.00000000100000000000 0.04660367712389380107 0.00000000100000000000 
0.00155183246411084801 0.04799213024367499775 0.02783904392889570076 0.72400285785237228353 0.07607093678623502719 0.08107529436219820806 0.00756252734826606647 0.03390537701424699984 
0.08983255705351707310 0.07199197991996837687 0.05328890333006221919 0.70980689097178761848 0.03132917377279221399 0.00000538185419834084 0.00000000100000000000 0.04374511209767432268 
0.00000000100000000000 0.04522781990963724991 0.07323793180402297931 0.15681654523169691329 0.03957711501116453756 0.68438964905285359919 0.00000000100000000000 0.00075093699062485841 
0.00000000099999999999 0.00000000099999999999 0.00000000099999999999 0.00000000099999999999 0.00000000099999999999 0.99999999300000008695 0.00000000099999999999 0.00000000099999999999 
0.00000603963825044990 0.02505079966380118622 0.12109828756649723691 0.07560470102253664948 0.03807753275451426084 0.70144133867445790376 0.00000000100000000000 0.03872129967994229066 
0.00000000099999999998 0.00000000099999999998 0.00000000099999999998 0.00000000099999999998 0.00000000099999999998 0.99999999300000008695 0.00000000099999999998 0.00000000099999999998 
0.00000007113563158317 0.07205779298344734685 0.07121905388384719426 0.12249746116099913262 0.00014202611494448347 0.69092243633536187808 0.00000000100000000000 0.04316115738576857541 
0.00000000099999999999 0.00000000099999999999 0.00000000099999999999 0.00000000099999999999 0.00000000099999999999 0.99999999300000008695 0.00000000099999999999 0.00000000099999999999 
0.00000000099999999999 0.00000000099999999999 0.00000000099999999999 0.00000000099999999999 0.00000000099999999999 0.99999999299999997593 0.00000000099999999999 0.00000000099999999999 
0.00000000099999999998 0.00000000099999999998 0.00000000099999999998 0.00000000099999999998 0.00000000099999999998 0.99999999300000008695 0.00000000099999999998 0.00000000099999999998 
0.00000000099999999999 0.00000000099999999999 0.00000000099999999999 0.00000000099999999999 0.00000000099999999999 0.99999999299999997593 0.00000000099999999999 0.00000000099999999999 
0.00000000099999999999 0.00000000099999999999 0.00000000099999999999 0.00000000099999999999 0.00000000099999999999 0.99999999300000008695 0.00000000099999999999 0.00000000099999999999 
0.00000000099999999999 0.00000000099999999999 0.00000000099999999999 0.00000000099999999999 0.00000000099999999999 0.99999999300000008695 0.00000000099999999999 0.00000000099999999999 
0.00000000099999999999 0.00056214537642356030 0.00000000099999999999 0.00000000099999999999 0.00000000099999999999 0.99943784862357643028 0.00000000099999999999 0.00000000099999999999 
0.00000000099999999998 0.00000000099999999998 0.00000000099999999998 0.00000000099999999998 0.00000000099999999998 0.99999999299999997593 0.00000000099999999998 0.00000000099999999998 
0.00000000099999999998 0.00000000099999999998 0.00083749588052703806 0.00000000099999999998 0.00000000099999999998 0.99916249811947299708 0.00000000099999999998 0.00000000099999999998 
0.00000000099999999998 0.00000000099999999998 0.00000000099999999998 0.00000000099999999998 0.00000000099999999998 0.99999999300000008695 0.00000000099999999998 0.00000000099999999998 
0.00000000099999999998 0.00000000099999999998 0.00000000099999999998 0.00000000099999999998 0.00000000099999999998 0.99999999300000008695 0.00000000099999999998 0.00000000099999999998 
0.00000000099999999999 0.00000000099999999999 0.00000000099999999999 0.00000000099999999999 0.00000000099999999999 0.99999999299999997593 0.00000000099999999999 0.00000000099999999999 
0.00000000099999999999 0.00000000099999999999 0.09604472834235873446 0.00000000099999999999 0.00000000099999999999 0.90395526565764128257 0.00000000099999999999 0.00000000099999999999 
0.00000000099999999998 0.01903322603058621096 0.00000000099999999998 0.00000000099999999998 0.00000000099999999998 0.98096676796941384424 0.00000000099999999998 0.00000000099999999998 
0.14953539582243594031 0.01314683182430313041 0.11397556779490790324 0.22610834192115636387 0.01119216089230951582 0.41557186066338175356 0.00000000100000000000 0.07046984008150544709 
0.00000000099999999999 0.00000000099999999999 0.00000000099999999999 0.00000000099999999999 0.00000000099999999999 0.99999999299999997593 0.00000000099999999999 0.00000000099999999999 
0.00000000099999999997 0.00000000099999999997 0.00000000099999999997 0.00000000099999999997 0.00000000099999999997 0.99999999299999997593 0.00000000099999999997 0.00000000099999999997 
0.00000000099999999999 0.00000000099999999999 0.00000000099999999999 0.00000000099999999999 0.00000000099999999999 0.99999999299999997593 0.00000000099999999999 0.00000000099999999999 
0.00000000099999999999 0.00000000099999999999 0.00000000099999999999 0.00000000099999999999 0.00000000099999999999 0.96984949308016454861 0.00000000099999999999 0.03015050091983552394 
0.00000000099999999998 0.00000000099999999998 0.00000000099999999998 0.00000000099999999998 0.00000000099999999998 0.99999999300000008695 0.00000000099999999998 0.00000000099999999998 
0.00000000099999999999 0.00000000099999999999 0.00000000099999999999 0.00000000099999999999 0.00000000099999999999 0.99999999300000008695 0.00000000099999999999 0.00000000099999999999 
0.00000000099999999999 0.00000000099999999999 0.00000000099999999999 0.00000000099999999999 0.00000000099999999999 0.99999999300000008695 0.00000000099999999999 0.00000000099999999999 
0.08162307288246650749 0.05853868076898799400 0.00000000100000000000 0.00000000115517929727 0.00000000100000000000 0.85983824119336627056 0.00000000100000000000 0.00000000100000000000 
0.00000000099999999997 0.00000000099999999997 0.00000000099999999997 0.00000000099999999997 0.00000000099999999997 0.99999999299999997593 0.00000000099999999997 0.00000000099999999997 
0.01429038498479611938 0.04309068887715072904 0.07372652570621622548 0.14320597636411461218 0.03488895783580858029 0.69079638496273421122 0.00000006991786454616 0.00000101135131504066 
0.00000000099999999999 0.00000000099999999999 0.00000000099999999999 0.00000000099999999999 0.00000000099999999999 0.99999999299999997593 0.00000000099999999999 0.00000000099999999999 
0.00000000099999999996 0.85959893841979628792 0.00000000099999999996 0.00000000099999999996 0.00000000099999999996 0.14040105558020379850 0.00000000099999999996 0.00000000099999999996 
0.00000000099999999995 0.99999999300000008695 0.00000000099999999995 0.00000000099999999995 0.00000000099999999995 0.00000000099999999995 0.00000000099999999995 0.00000000099999999995 
0.00000000099999999994 0.99999999300000008695 0.00000000099999999994 0.00000000099999999994 0.00000000099999999994 0.00000000099999999994 0.00000000099999999994 0.00000000099999999994 
0.00000000099999999995 0.99999999300000019797 0.00000000099999999995 0.00000000099999999995 0.00000000099999999995 0.00000000099999999995 0.00000000099999999995 0.00000000099999999995 
0.00000000099999999994 0.99999999300000008695 0.00000000099999999994 0.00000000099999999994 0.00000000099999999994 0.00000000099999999994 0.00000000099999999994 0.00000000099999999994 
0.00000000099999999993 0.99999999300000019797 0.00000000099999999993 0.00000000099999999993 0.00000000099999999993 0.00000000099999999993 0.00000000099999999993 0.00000000099999999993 
0.00000000099999999994 0.99999999300000019797 0.00000000099999999994 0.00000000099999999994 0.00000000099999999994 0.00000000099999999994 0.00000000099999999994 0.00000000099999999994 
0.00000000099999999995 0.99999999300000019797 0.00000000099999999995 0.00000000099999999995 0.00000000099999999995 0.00000000099999999995 0.00000000099999999995 0.00000000099999999995 
0.00000000099999999993 0.99999999300000019797 0.00000000099999999993 0.00000000099999999993 0.00000000099999999993 0.00000000099999999993 0.00000000099999999993 0.00000000099999999993 
0.00000000099999999993 0.99999999300000019797 0.00000000099999999993 0.00000000099999999993 0.00000000099999999993 0.00000000099999999993 0.00000000099999999993 0.00000000099999999993 
0.00000000099999999994 0.99999999300000008695 0.00000000099999999994 0.00000000099999999994 0.00000000099999999994 0.00000000099999999994 0.00000000099999999994 0.00000000099999999994 
0.00000000099999999995 0.99999999300000008695 0.00000000099999999995 0.00000000099999999995 0.00000000099999999995 0.00000000099999999995 0.00000000099999999995 0.00000000099999999995 
0.00000000099999999999 0.37915923928255018671 0.62084075471744970542 0.00000000099999999999 0.00000000099999999999 0.00000000099999999999 0.00000000099999999999 0.00000000099999999999 
0.00000000099999999993 0.99999999300000019797 0.00000000099999999993 0.00000000099999999993 0.00000000099999999993 0.00000000099999999993 0.00000000099999999993 0.00000000099999999993 
0.00000000099999999994 0.99999999300000019797 0.00000000099999999994 0.00000000099999999994 0.00000000099999999994 0.00000000099999999994 0.00000000099999999994 0.00000000099999999994 
0.00000000099999999994 0.99999999300000019797 0.00000000099999999994 0.00000000099999999994 0.00000000099999999994 0.00000000099999999994 0.00000000099999999994 0.00000000099999999994 
0.00000000099999999996 0.99999999300000019797 0.00000000099999999996 0.00000000099999999996 0.00000000099999999996 0.00000000099999999996 0.00000000099999999996 0.00000000099999999996 
0.00000000099999999994 0.99999999300000008695 0.00000000099999999994 0.00000000099999999994 0.00000000099999999994 0.00000000099999999994 0.00000000099999999994 0.00000000099999999994 
0.00000000099999999993 0.99999999300000008695 0.00000000099999999993 0.00000000099999999993 0.00000000099999999993 0.00000000099999999993 0.00000000099999999993 0.00000000099999999993 
0.00000000099999999994 0.99999999300000008695 0.00000000099999999994 0.00000000099999999994 0.00000000099999999994 0.00000000099999999994 0.00000000099999999994 0.00000000099999999994 
0.00000000099999999999 0.54673834795438958079 0.45326146375718290304 0.00000000099999999999 0.00000018328842764943 0.00000000099999999999 0.00000000099999999999 0.00000000099999999999 
0.00000000099999999994 0.99999999300000008695 0.00000000099999999994 0.00000000099999999994 0.00000000099999999994 0.00000000099999999994 0.00000000099999999994 0.00000000099999999994 
0.00000000099999999999 0.59593347657489503799 0.40406651742510502068 0.00000000099999999999 0.00000000099999999999 0.00000000099999999999 0.00000000099999999999 0.00000000099999999999 
0.00000000099999999994 0.99999999300000008695 0.00000000099999999994 0.00000000099999999994 0.00000000099999999994 0.00000000099999999994 0.00000000099999999994 0.00000000099999999994 
0.00000000099999999995 0.99999999300000008695 0.00000000099999999995 0.00000000099999999995 0.00000000099999999995 0.00000000099999999995 0.00000000099999999995 0.00000000099999999995 
0.00000000099999999992 0.99999999300000019797 0.00000000099999999992 0.00000000099999999992 0.00000000099999999992 0.00000000099999999992 0.00000000099999999992 0.00000000099999999992 
0.13189815683363273480 0.00000000100000000000 0.00000000100000000000 0.00000009874649872376 0.01262080927719027267 0.03006681606306703738 0.35144812967811983606 0.47396598740149148421 
0.99999999300000008695 0.00000000099999999999 0.00000000099999999999 0.00000000099999999999 0.00000000099999999999 0.00000000099999999999 0.00000000099999999999 0.00000000099999999999 
0.94105905224168329148 0.00000000099999999999 0.00000000099999999999 0.00000000099999999999 0.00000000099999999999 0.00000000099999999999 0.00000000099999999999 0.05894094175831686433 
0.05406833434465420363 0.00000000100000000000 0.00000000100000000000 0.00000000100000000000 0.00804740602158748007 0.00000000100000000000 0.38573260323033387031 0.55215165240342445330 
0.95173567169241568564 0.00000000099999999999 0.00000000099999999999 0.00000000099999999999 0.04608722796374621622 0.00000000099999999999 0.00217346997040852863 0.00000362637342973451 
0.92089209728521570497 0.00000000100000000000 0.00000000100000000000 0.00000000100000000000 0.02562857360712079285 0.00000000100000000000 0.00008361097662215096 0.05339571413104142461 
0.99949535355926821811 0.00000000099999999999 0.00000000099999999999 0.00000000099999999999 0.00000000099999999999 0.00000000099999999999 0.00000000099999999999 0.00050464044073182950 
0.87776374711191140765 0.00000000100000000000 0.00000000100000000000 0.03586002744628184052 0.00000000100000000000 0.00000000100000000000 0.03942880757603031000 0.04694741386577656189 
0.99999999300000019797 0.00000000099999999999 0.00000000099999999999 0.00000000099999999999 0.00000000099999999999 0.00000000099999999999 0.00000000099999999999 0.00000000099999999999 
0.99740159999137312230 0.00000000100000000000 0.00161936902213672567 0.00000000100000000000 0.00000000100000000000 0.00000000100000000000 0.00000000100000000000 0.00097902598649028281 
0.89615589906115711294 0.00000000099999999999 0.00000000099999999999 0.00000000099999999999 0.03300085260045234475 0.00000000099999999999 0.07084324333839053800 0.00000000099999999999 
0.94882850300096055474 0.00000000100000000000 0.00000000100000000000 0.00000000100000000000 0.00011213385790909068 0.00000000100000000000 0.00000000100000000000 0.05105935814113035653 
0.29285135529000810850 0.00000000100000000000 0.00000000100000000000 0.02555026235580706850 0.04714350574312514003 0.01022250936104824974 0.14000548398505638370 0.48422688126495488925 
0.56759177984080466661 0.00000000100000000000 0.00736642125496756502 0.28534888129629115694 0.00875290458060245385 0.02572269113813173413 0.00000000100000000000 0.10521731988920268730 
0.93222672130635209076 0.00000000099999999999 0.00000000099999999999 0.00000000099999999999 0.00000000099999999999 0.00000000099999999999 0.06777327269364791240 0.00000000099999999999 
0.92254894279421728598 0.00000000099999999999 0.00000000099999999999 0.00000000099999999999 0.00000000099999999999 0.00000000099999999999 0.07745105120578285596 0.00000000099999999999 
0.92861258391777534715 0.01649784768479691660 0.00000000100000000000 0.00000004351241885300 0.00784119337508659350 0.00000000100000000000 0.04704458342249242392 0.00000374608742981149 
0.00000000099999999986 0.00000000099999999986 0.00000000099999999986 0.00000000099999999986 0.99999999299999997593 0.00000000099999999986 0.00000000099999999986 0.00000000099999999986 
0.00000000099999999990 0.00000000099999999990 0.00000000099999999990 0.00000000099999999990 0.00000000099999999990 0.00000000099999999990 0.99999999299999997593 0.00000000099999999990 
0.81718572408527789808 0.00000000100000000000 0.00000000100000000000 0.00001575425259049488 0.02146787226904641604 0.00000000100000000000 0.00000000100000000000 0.16133064539308528129 
0.00000000100000000000 0.00320107338844847957 0.00000000100000000000 0.00000004656437662989 0.03910696274207606932 0.00000000100000000000 0.27636436986072471234 0.68132754444437415575 
0.07162973405595134124 0.00871867212278829191 0.00000000100000000000 0.02597208221234338296 0.03025275396203465361 0.00000205676974419581 0.26454361574988149997 0.59888108412725649110 
0.95761260268467029988 0.00000000099999999999 0.00000000099999999999 0.00000000099999999999 0.00000000099999999999 0.00000000099999999999 0.00000637103097777146 0.04238102128435198429 
0.92977459260961514698 0.00000000099999999999 0.00000000099999999999 0.00000000099999999999 0.00000000099999999999 0.00000000099999999999 0.00000000099999999999 0.07022540139038509210 
0.07812189068538022418 0.01075198704249031613 0.00000000100000000000 0.00112753099856730465 0.00060826464692787159 0.00213234760216040806 0.25319685865523172685 0.65406111936924216099 
0.92056599876964539941 0.00000000099999999999 0.00000000099999999999 0.00000000099999999999 0.00191118737012632126 0.00000000099999999999 0.00000000099999999999 0.07752280886022840101 
0.95417026498301749093 0.00000000099999999999 0.00319426670514826906 0.00000000099999999999 0.04263542459547366853 0.00000000099999999999 0.00000003971636067132 0.00000000099999999999 
0.02403418452554377874 0.00000000099999999999 0.00000000099999999999 0.00000000099999999999 0.02703031836978240371 0.00000000099999999999 0.30307931718444347524 0.64585617592023036870 
0.98188177931749320848 0.00000000099999999999 0.00000000099999999999 0.00000000099999999999 0.00000000099999999999 0.00000000099999999999 0.01811361369523901629 0.00000460198726800091 
0.94759578040977643365 0.00000000099999999998 0.00000000099999999998 0.00000000099999999998 0.00000000099999999998 0.00000000099999999998 0.05240421359022381237 0.00000000099999999998 
0.00000000099999999996 0.00000000099999999996 0.00000000099999999996 0.00000000099999999996 0.00000000099999999996 0.00000000099999999996 0.00000000099999999996 0.99999999299999997593 
0.96366727076780178685 0.00000000099999999999 0.00000000099999999999 0.00000697078239885207 0.00000000099999999999 0.00000000099999999999 0.03632572492169592465 0.00000002952810371245 
0.06467500303964726638 0.00000000099999999999 0.00000000099999999999 0.00000000099999999999 0.02145576861181789155 0.00000000099999999999 0.31167176097474214025 0.60219746337379265189 
0.00000000099999999997 0.00000000099999999997 0.00000000099999999997 0.00000000099999999997 0.00000000099999999997 0.00000000099999999997 0.00000000099999999997 0.99999999299999997593 
0.06145869395232557431 0.00000000099999999999 0.00000000099999999999 0.00243939093037455566 0.01975163271573901480 0.00000000099999999999 0.32374037618608969558 0.59260990321547113435 
0.00000000099999999999 0.00000000099999999999 0.00000000099999999999 0.00000000099999999999 0.00000000099999999999 0.00000000099999999999 0.28659294860771494795 0.71340704539228505521 
0.99461976669176566102 0.00000000099999999998 0.00000000099999999998 0.00000000099999999998 0.00000000099999999998 0.00000000099999999998 0.00538022730823437597 0.00000000099999999998 
0.95497495752223249266 0.00000000099999999999 0.00000000099999999999 0.00000000099999999999 0.04502503647776751050 0.00000000099999999999 0.00000000099999999999 0.00000000099999999999 
0.82839073413369035404 0.00000000099999999999 0.00000000099999999999 0.00000002061794731188 0.02146973229890707449 0.00000000099999999999 0.00000000099999999999 0.15013950894945538028 
0.80450007098070808187 0.00921086062771511553 0.00000000100000000000 0.04781683238890944293 0.00579722688497500208 0.00000000100000000000 0.00000000100000000000 0.13267500611769239560 
0.82487242857388676232 0.00000000099999999999 0.00000000099999999999 0.00000000099999999999 0.00000000099999999999 0.00000000099999999999 0.00000000099999999999 0.17512756542611340738 
0.16527201945441782893 0.00000000100000000000 0.04317276669210282775 0.00000000100000000000 0.00631332926671495775 0.01605518380904506076 0.25920649745734714031 0.50998020132037236163 
0.94447982818042452990 0.00000000100000000000 0.00013289807424931704 0.00000000100000000000 0.03914286041876115230 0.00032082432104737655 0.01592358600551773903 0.00000000100000000000 
0.87883618197247959092 0.00000000099999999999 0.00000000099999999999 0.00000000099999999999 0.00000000099999999999 0.00003069476191522232 0.00000000099999999999 0.12113311826560535511 
0.97596292411990170912 0.00000000099999999998 0.00000000099999999998 0.00000000099999999998 0.00000000099999999998 0.00000000099999999998 0.02403706988009835996 0.00000000099999999998 
0.49943501902159664896 0.00000000099999999999 0.00000000099999999999 0.00000000099999999999 0.00000000099999999999 0.04234171655031559317 0.20869740490636007335 0.24952585552172751315 
0.34548302518357987267 0.00491212683472299402 0.01470323993748150725 0.00000000100000000000 0.00041692506208497319 0.00496107154752881401 0.21967856222250536913 0.40984504821209638559 
0.86722927817769945857 0.00000000099999999999 0.00000000099999999999 0.00000000102974796872 0.02566486051030193033 0.00000000099999999999 0.00000000270837535492 0.10710585457387541974 
0.90717150353153674924 0.00019358186997655704 0.00000000126303584234 0.00000000100000000000 0.00000000100000000000 0.00000020904421861324 0.00000000100000000000 0.09263470129123227426 
0.27227310393082748696 0.00000000099999999999 0.00000000099999999999 0.00000000099999999999 0.01152561187818413983 0.00000000099999999999 0.30940915153275716509 0.40679212865823100032 
0.11371117054143409231 0.00661333341513373977 0.00979272381412933657 0.00000000100000000000 0.03090928741613329853 0.01113500437355840339 0.24379946538602476069 0.58403901405358638055 
0.22867421815468280677 0.00000000100000000000 0.00000000100000000000 0.00000251584978498868 0.03307218126070824576 0.00556830907094273738 0.21624201199767309478 0.51644076166620811463 
0.95239118381381904221 0.00000000099999999999 0.00000000099999999999 0.00000000099999999999 0.00000000099999999999 0.00000000099999999999 0.04760881018618103033 0.00000000099999999999 
0.88051691384305819099 0.00000000099999999999 0.00000000099999999999 0.00000000099999999999 0.00000000099999999999 0.00000000099999999999 0.00000241873601396923 0.11948066242092782174 
0.80361565976101489994 0.00000000099999999999 0.00000000099999999999 0.00000000099999999999 0.00000000099999999999 0.04360749371127796425 0.00017412703910618627 0.15260271548860104840 
0.13826696241145972066 0.00000000100000000000 0.00000000100000000000 0.00000000100000000000 0.00177480013456839938 0.00000000100000000000 0.28445062656711261884 0.57550760688685931310 
0.14391234470584635119 0.01202039378574604363 0.00000000100000000000 0.00000000100000000000 0.00000000100000000000 0.00000000100000000000 0.28814536280111718858 0.55592189470729036493 
0.91910496829850085732 0.00000000100000000000 0.00000000100000000000 0.00000000100000000000 0.00000000100000000000 0.01756836861748434231 0.00000128111099487564 0.06332537797302020821 
0.99998551812209102163 0.00000000099999999999 0.00000000099999999999 0.00000000099999999999 0.00000000099999999999 0.00000000099999999999 0.00000000099999999999 0.00001447587790921820 
0.99999999300000019797 0.00000000099999999999 0.00000000099999999999 0.00000000099999999999 0.00000000099999999999 0.00000000099999999999 0.00000000099999999999 0.00000000099999999999 
0.99713246921468112749 0.00000000099999999999 0.00000000099999999999 0.00000000099999999999 0.00286752478531903309 0.00000000099999999999 0.00000000099999999999 0.00000000099999999999 
0.89695005395694737960 0.00000000099999999999 0.00000000099999999999 0.00000000099999999999 0.01523211981171711422 0.00000000099999999999 0.01695880319218954699 0.07085901903914611222 
0.87174267451511278093 0.00000000100000000000 0.00000000100000000000 0.00702047788008032178 0.00000000100000000000 0.00959006506819447095 0.00000000100000000000 0.11164677853661243712 
