0.55040002122314679589 0.36654709006205726807 0.03527761732404894462 0.00342342766200854406 0.00172163494748729879 0.00000000100000000000 0.02694060226928167781 0.01568960551196940667 
0.00000000099999999984 0.99999999300000019797 0.00000000099999999984 0.00000000099999999984 0.00000000099999999984 0.00000000099999999984 0.00000000099999999984 0.00000000099999999984 
0.99999999300000008695 0.00000000099999999998 0.00000000099999999998 0.00000000099999999998 0.00000000099999999998 0.00000000099999999998 0.00000000099999999998 0.00000000099999999998 
0.99999999300000008695 0.00000000099999999999 0.00000000099999999999 0.00000000099999999999 0.00000000099999999999 0.00000000099999999999 0.00000000099999999999 0.00000000099999999999 
0.49758955794840292741 0.45159646978474060619 0.00000113933021212054 0.00000000100000000000 0.00012472810045096328 0.04741349113099494611 0.00327452930180950706 0.00000008340338907738 
0.99999999300000008695 0.00000000099999999999 0.00000000099999999999 0.00000000099999999999 0.00000000099999999999 0.00000000099999999999 0.00000000099999999999 0.00000000099999999999 
0.50044112591575029558 0.34326857490637546766 0.13784270611512880467 0.00009924626736935069 0.01834730923233441821 0.00000000100000000000 0.00000103556304159709 0.00000000100000000000 
0.69317086727606547214 0.30445940977408431083 0.00000139640981875783 0.00000040136806349742 0.00012378818588362899 0.00000005676518058279 0.00224407922090382557 0.00000000100000000000 
0.55381364368390428865 0.39055793721795756257 0.00000000100000000000 0.00007724790547221850 0.01553868098976310570 0.00000000100000000000 0.04001248720290281891 0.00000000100000000000 
0.57773794828172819749 0.35471911934123934174 0.00087731954925963625 0.00000000100000000000 0.00000000342511210166 0.02256166423476171218 0.04308390285775731687 0.00102004131014174428 
0.48269486229258895538 0.37526340714128314513 0.00000000100000000000 0.02872257534739853721 0.07390444675338105063 0.00214432236648214210 0.01900629940674456939 0.01826408569212184876 
0.61990001339530231839 0.34624067320336521236 0.00000000100000000000 0.00000000100000000000 0.02140522653534711328 0.00000000100000000000 0.00163711947182613462 0.01081696439415931119 
0.61567707922547287858 0.33111311049472980095 0.00000000099999999999 0.04919590706783031481 0.00401389921196698956 0.00000000099999999999 0.00000000099999999999 0.00000000099999999999 
0.99999999300000019797 0.00000000099999999998 0.00000000099999999998 0.00000000099999999998 0.00000000099999999998 0.00000000099999999998 0.00000000099999999998 0.00000000099999999998 
0.71276936965124237933 0.20198568415907311446 0.03354123515273376571 0.00716046835067793690 0.00628528294450527922 0.00000000114776592212 0.00001993924963885013 0.03823801934436280719 
0.00000000099999999995 0.99999999300000019797 0.00000000099999999995 0.00000000099999999995 0.00000000099999999995 0.00000000099999999995 0.00000000099999999995 0.00000000099999999995 
0.58142967876951823225 0.37973429354255072710 0.00000000100000000000 0.00000005483571089657 0.00412393222394940966 0.00002763964413703972 0.03468439898413366862 0.00000000100000000000 
0.56349539587948693775 0.33602970222630090813 0.01452993982609449529 0.00000001344983786780 0.07388690324290843325 0.01022900765896782131 0.00000000100000000000 0.00182903671640352377 
0.52862447280457947052 0.37798635788312923145 0.00000000100000000000 0.00000000100000000000 0.01636631776204539729 0.01794881891368401566 0.00000000100000000000 0.05907402963656193523 
0.48914966332870640775 0.39911603927604760722 0.00000000100000000000 0.00000100250490549719 0.07874046236732069881 0.00000000722281016258 0.00445298901213024654 0.02853983528807943482 
0.59280015468221181063 0.34831507989512394685 0.00000261682354050484 0.00009683318635619252 0.00000060412908023622 0.03463222249931144359 0.00000000100000000000 0.02415248778437591518 
0.55359522257684423696 0.41528649454181226774 0.00000000100000000000 0.00000792566477045641 0.02601856575892999221 0.00022219048115314981 0.00000000100000000000 0.00486959897649007906 
0.59590522431294967731 0.33506381914435523495 0.00000009258289838650 0.00009338481958002174 0.03959469922213848525 0.00832917027638239993 0.00747276419082412626 0.01354084545087182526 
0.53794503229950474399 0.46195288665742550993 0.00000000099999999999 0.00000000099999999999 0.00010207529809208208 0.00000000174497787667 0.00000000099999999999 0.00000000099999999999 
0.58483372375358388950 0.30817608988342487519 0.02241615640562568540 0.00000006936765106697 0.06608618921874642727 0.01846510822544284586 0.00000000100000000000 0.00002266214552527908 
0.63608409067648319368 0.27784085935899549558 0.00000000116750006270 0.00000000100000000000 0.06237272041491046665 0.00000000100000000000 0.02370230615182460088 0.00000002023028613626 
0.51573489748411038835 0.39476110163566285882 0.05033679239236457659 0.00007271142040766628 0.03858192351119236335 0.00000000100000000000 0.00000000100000000000 0.00051257155626224240 
0.50620129826317983301 0.41908446943604649171 0.00000000100000000000 0.04298589904696565461 0.00008895283122202600 0.00000000100000000000 0.02886734743372667417 0.00277203098885946868 
0.56071145221817819682 0.36126035941531414730 0.00000000100000000000 0.04024799139807633958 0.00082978346831686647 0.00000000100000000000 0.00000000100000000000 0.03695041050011448752 
0.55654123910036401579 0.43059686822685983021 0.00000000100000000000 0.00000655460258470265 0.01276089603083660484 0.00009437284061243683 0.00000000100000000000 0.00000006719874242569 
0.61321474364786621170 0.30541658057512821589 0.00000000100000000000 0.05621519735935345818 0.01401008611984025203 0.00000000100000000000 0.00079428574804246612 0.01034910454976934596 
0.69383488497534118178 0.18755753645119360717 0.00000374727737403874 0.00000353096648256915 0.11858256790992581509 0.00001773041968276575 0.00000000099999999999 0.00000000099999999999 
0.47962543796926943029 0.37248311321336791124 0.00000000100000000000 0.02547361325884292191 0.09424227874822754814 0.02816340122951789884 0.00001193904654475017 0.00000021553422963002 
0.00000000099999999993 0.99999999300000008695 0.00000000099999999993 0.00000000099999999993 0.00000000099999999993 0.00000000099999999993 0.00000000099999999993 0.00000000099999999993 
0.76823621399458141834 0.19009072653438358058 0.00000504716421826704 0.00000000264947448215 0.01317752419249412256 0.00000204225878328435 0.02788106086227535793 0.00060738234378959516 
0.51685863424352507245 0.35221971278843633435 0.00000000100000000000 0.05750415690375402372 0.00019114839523509409 0.00002892102836226539 0.04310476178601656272 0.03009266385467083277 
0.00000000099999999984 0.99999999300000019797 0.00000000099999999984 0.00000000099999999984 0.00000000099999999984 0.00000000099999999984 0.00000000099999999984 0.00000000099999999984 
0.62723620281876413252 0.31151393463627763403 0.00000066820722330723 0.00000014852564461365 0.00001049419458254444 0.02894231147744592142 0.00902759691506062507 0.02326864322500135293 
0.91061931616384350630 0.00020789004697118900 0.00000000099999999999 0.00000000099999999999 0.08905741918071860552 0.00000000099999999999 0.00011537060846670592 0.00000000099999999999 
0.47981860525411090812 0.47007873567826435890 0.00000000100000000000 0.00000003488906859050 0.03934189259281083151 0.01036082663178083604 0.00039990295396434415 0.00000000100000000000 
0.55077591316142460176 0.43313006941118864512 0.00000000100000000000 0.00000000100000000000 0.00137068974131394363 0.00000002556873945470 0.00000006089922007331 0.01472323921811315162 
0.53743572353093882477 0.30186462073493502967 0.00008035078680806926 0.00000000100000000000 0.12324886423940664693 0.03737043770791154823 0.00000000100000000000 0.00000000100000000000 
0.67122741810216535185 0.28390144244942094875 0.00000000100000000000 0.00000000100000000000 0.00000004099163726067 0.00000000100000000000 0.03556926543010099223 0.00930183002667535168 
0.63282129973033174331 0.29494368944646692787 0.00050746654812734466 0.00000000212067487205 0.00658810407386143087 0.02333224428223445654 0.01399792842917420982 0.02780926536912890074 
0.58215962836903689670 0.36912974461488967659 0.02460862566721687059 0.00000000100000000000 0.02322515478828270433 0.00000000100000000000 0.00087678757646354874 0.00000005698411050375 
0.50356759114451399295 0.47918366400305217878 0.00000002022018383899 0.00000000100000000000 0.01724872063225014671 0.00000000100000000000 0.00000000100000000000 0.00000000100000000000 
0.56777311081922399172 0.31984778509798811319 0.03672315666472617673 0.00000000100000000000 0.05080568848365265427 0.00000000100000000000 0.00000000100000000000 0.02485025593440909342 
0.50195733578367796035 0.37485696419248809574 0.00139702339977568419 0.05093185345389793922 0.03587162538536677048 0.00000000853843415027 0.03498485884698469828 0.00000033039937475191 
0.52030338338953152633 0.32848240837767211930 0.10001034822337892538 0.00000561101616327225 0.01296846310424209017 0.00000000100000000000 0.00000062290163463955 0.03822916198737755927 
0.99999999300000019797 0.00000000099999999998 0.00000000099999999998 0.00000000099999999998 0.00000000099999999998 0.00000000099999999998 0.00000000099999999998 0.00000000099999999998 
0.50056276683608691425 0.39609881040723837753 0.00240815243816974939 0.04090358539190284970 0.04737317212514423337 0.01254172962411582298 0.00005714249629052161 0.00005464068105158461 
0.48615670212097789049 0.38639065851210724345 0.01426196135830652863 0.00000000100000000000 0.02325483302360135257 0.00000000100000000000 0.03389521934930461722 0.05604062363570241900 
0.64697146711870578972 0.30384202229813861429 0.00000000100000000000 0.00000000100000000000 0.00000010833195113163 0.01740544158312290479 0.03071139915862563727 0.00106955950945614468 
0.47099642553670367784 0.44335034511172471960 0.03462170849217864610 0.01249209383866222746 0.03165311662143310140 0.00000000100000000000 0.00007424767566667664 0.00681206172363091333 
0.75493484360222773422 0.13384131230759074849 0.05730140624406635658 0.05248725799428101413 0.00143516143160903531 0.00000000100000000000 0.00000001642022492936 0.00000000100000000000 
0.36096345443091393257 0.51825440363748498385 0.00000000100000000000 0.11221437569379885679 0.00000020958583638503 0.00000350496071214623 0.00765149604120677913 0.00091255465004711053 
0.00000000099999999991 0.99999999300000019797 0.00000000099999999991 0.00000000099999999991 0.00000000099999999991 0.00000000099999999991 0.00000000099999999991 0.00000000099999999991 
0.61642892857088071867 0.27640469688511754009 0.00000095929162953150 0.08346687301880163778 0.01610362561068845108 0.00000000100000000000 0.00000000100000000000 0.00759491462288214465 
0.55737405911608850495 0.37854632745468952404 0.00000000100000000000 0.00074680635989601840 0.04771744570983985079 0.01541464180049455408 0.00000000100000000000 0.00020071755899153448 
0.43260132719375898880 0.30841365965610528788 0.00000000100000000000 0.10090834919279455251 0.02565375759227778510 0.00000000100000000000 0.03437595937396330931 0.09804694499110024053 
0.43451564086465127579 0.38525490424195341088 0.02623087362288586272 0.05334492397315568346 0.08861284327042369402 0.00000000100000000000 0.00170745581754158725 0.01033335720938846972 
0.89267063391863776811 0.00008022605213398126 0.00000000100000000000 0.00000005121564034281 0.10724908481358784440 0.00000000100000000000 0.00000000100000000000 0.00000000100000000000 
0.53344147307751110798 0.34084901498431080524 0.06881596518203747515 0.00000000100000000000 0.01691363386147433021 0.00000000100000000000 0.03997990989466632117 0.00000000100000000000 
0.50988015876281411742 0.41421273171255335033 0.00000000100000000000 0.00000000100000000000 0.06069011626589815994 0.00000000100000000000 0.01160878635113452191 0.00360820390759989621 
0.64420688315345797648 0.20770943993898982605 0.04636529576215726867 0.04432934802860043211 0.04323024894391738066 0.00000000100000000000 0.00518612641920862105 0.00897265675366873926 
0.71815705084305248018 0.25467591412664253303 0.00000000100000000000 0.00000001703055166196 0.00043202675665981479 0.02291018335169827877 0.00041265135301291284 0.00341215553838231274 
0.99639565148379538595 0.00000000099999999999 0.00000003301317601565 0.00000000099999999999 0.00360431050302868978 0.00000000099999999999 0.00000000099999999999 0.00000000099999999999 
0.49835700073592720249 0.33601590678001791446 0.05229493785091005736 0.00014000898023870168 0.08080030744941585352 0.01741182971328774851 0.00876774039426359529 0.00621226809593905874 
0.51998464305409974884 0.38913701421925889212 0.04692695081151754960 0.00000000100000000000 0.01077442267262469257 0.00000149267569998719 0.00000000285934789765 0.03317547270745137972 
0.55056548730288856763 0.37805631970116415630 0.00262921439944699973 0.05284801306050496139 0.00016057413574864008 0.00000000100000000000 0.00000537766515946262 0.01573501273508722681 
0.46406129020302389065 0.25340765543280352468 0.02168456958688354599 0.05767976757347043071 0.20316577519673156837 0.00000094000708702451 0.00000000100000000000 0.00000000100000000000 
0.50449794883617715691 0.04329536380535944917 0.00000000100000000000 0.00000000100000000000 0.05378441453195949989 0.00000000100000000000 0.06521756186325011750 0.33320470796325396545 
0.99999999300000019797 0.00000000099999999998 0.00000000099999999998 0.00000000099999999998 0.00000000099999999998 0.00000000099999999998 0.00000000099999999998 0.00000000099999999998 
0.99999999300000008695 0.00000000099999999999 0.00000000099999999999 0.00000000099999999999 0.00000000099999999999 0.00000000099999999999 0.00000000099999999999 0.00000000099999999999 
0.54743051119066765686 0.33397661250958277090 0.00000000100000000000 0.00000000100000000000 0.00148880375037366134 0.04183028585742821354 0.01786638343570691803 0.05740740125624077539 
0.55976640134331667742 0.33116243222395708168 0.00000000100000000000 0.00000000100000000000 0.06664626837230103185 0.03718350562919914976 0.00524138943122616323 0.00000000100000000000 
0.58375418494509578871 0.31176220896167922136 0.04241733320598526508 0.00000000100000000000 0.00493873028706780497 0.00071030391142453417 0.02641349134544587057 0.03000374634330151002 
0.96828298434931192595 0.00000000099999999999 0.03171698426546282201 0.00000000099999999999 0.00000000099999999999 0.00000002638522529815 0.00000000099999999999 0.00000000099999999999 
0.99032488206886570836 0.00000000099999999999 0.00000000099999999999 0.00000000099999999999 0.00967511052432455318 0.00000000099999999999 0.00000000240680981472 0.00000000099999999999 
0.55908385142063443674 0.38802253464270741734 0.00000000100000000000 0.00000000100000000000 0.00794188893146578756 0.01177419483722036767 0.00684567481666032394 0.02633185335131155505 
0.00000000099999999993 0.99999999300000019797 0.00000000099999999993 0.00000000099999999993 0.00000000099999999993 0.00000000099999999993 0.00000000099999999993 0.00000000099999999993 
0.44471989725197991206 0.42361214663862267749 0.05860334883334135381 0.00000000100000000000 0.02432899987238573702 0.00000000100000000000 0.02477473358217779573 0.02396087182149243128 
0.66294632003614484272 0.22535947660420815875 0.05270091652750965444 0.00632269878677813469 0.02025971054826335854 0.00000000100000000000 0.00000000100000000000 0.03241087549709593257 
0.42352264552832913358 0.47867586346811630271 0.00000000100000000000 0.00000000100000000000 0.00517234653637680362 0.04192974231686670550 0.04924623747663676998 0.00145316267367428956 
0.52146173939154538690 0.29166185810480660390 0.08443381527883327131 0.00000338481372419086 0.07647180072585217647 0.00001104759801593429 0.00010601499760256572 0.02585033908961979418 
0.76265039848659399446 0.21252334859489863117 0.00019158402092411684 0.00000560770275647794 0.00063919220900392898 0.00000000100000000000 0.00000177458046174716 0.02398809340536113208 
0.99999999300000019797 0.00000000099999999999 0.00000000099999999999 0.00000000099999999999 0.00000000099999999999 0.00000000099999999999 0.00000000099999999999 0.00000000099999999999 
0.47305906302715700074 0.40214817802106733735 0.00307580438080738271 0.00000000100000000000 0.08070254626641237827 0.00333010490963213694 0.01686468471565501573 0.02081961767926856360 
0.69040316178694505211 0.24192083310659615036 0.02976923349702112129 0.00272619545925235039 0.03517928554617055087 0.00000000100000000000 0.00000128410996432181 0.00000000549405054874 
0.52581261371275955785 0.30189694398555677601 0.00000024307612625745 0.00000000100000000000 0.09836235324792080847 0.04125955203944933064 0.00000423298646060379 0.03266405995172693560 
0.74400575125743695359 0.17005687315504369739 0.00161874298637783493 0.00009577567927618784 0.06193747119821858826 0.02210908937733666729 0.00000271083777410510 0.00017358550853583443 
0.99999999300000019797 0.00000000099999999998 0.00000000099999999998 0.00000000099999999998 0.00000000099999999998 0.00000000099999999998 0.00000000099999999998 0.00000000099999999998 
0.55191647865342219337 0.27899840458675739807 0.07076544851405716652 0.00000000100000000000 0.03452551062772591522 0.00000000515187147003 0.01427177091142823109 0.04952238055473765638 
0.79392833139750695892 0.10801225004682545039 0.06238258598097376484 0.00000000100000000000 0.00000000100000000000 0.03567682857469389041 0.00000000100000000000 0.00000000100000000000 
0.50113570409955787710 0.46803668376867257894 0.00021590579190475259 0.01266648887366799391 0.00001868443569950643 0.00000003742837491020 0.01792649460212231496 0.00000000100000000000 
0.50179755961777672280 0.35224976013464692759 0.06598163943278484433 0.02664928437666643987 0.00000241399815233700 0.00000000100000000000 0.05151729870198318989 0.00180204273798956725 
0.00000001993629004378 0.22247443287877061158 0.00000013601623472068 0.00015559320298420934 0.72339936659846204581 0.00000968544534400887 0.02294845977593224298 0.03101230614598209437 
0.00000000099999999999 0.00000000099999999999 0.00000000099999999999 0.00000000099999999999 0.99999999299999997593 0.00000000099999999999 0.00000000099999999999 0.00000000099999999999 
0.00000000100000000000 0.19300716664337552730 0.00000031378199560049 0.00000141265120270385 0.73998587083590083857 0.00000000100000000000 0.00000025738565935156 0.06700497670186600363 
0.00000000099999999997 0.00000000099999999997 0.00000000099999999997 0.00000000099999999997 0.99999999300000008695 0.00000000099999999997 0.00000000099999999997 0.00000000099999999997 
0.00000000100000000000 0.00000000100000000000 0.00000000100000000000 0.00000009772188992698 0.99983729672127219512 0.00000000121009051025 0.00016260004088088206 0.00000000130586663234 
0.00000000099999999999 0.00000000099999999999 0.00000000099999999999 0.00000000099999999999 0.99999999299999997593 0.00000000099999999999 0.00000000099999999999 0.00000000099999999999 
0.00000000099999999999 0.00000000099999999999 0.00000000099999999999 0.00000000099999999999 0.99999999299999997593 0.00000000099999999999 0.00000000099999999999 0.00000000099999999999 
0.00000000099999999998 0.00000000099999999998 0.00000000099999999998 0.00000000099999999998 0.99999999300000008695 0.00000000099999999998 0.00000000099999999998 0.00000000099999999998 
0.00000000099999999999 0.00000000099999999999 0.00000000099999999999 0.00000000099999999999 0.99999999299999997593 0.00000000099999999999 0.00000000099999999999 0.00000000099999999999 
0.00000000099999999999 0.00000000099999999999 0.00000000099999999999 0.00000000099999999999 0.99915117743467607436 0.00000000099999999999 0.00084881656532381604 0.00000000099999999999 
0.00000000099999999999 0.00000000099999999999 0.00000000099999999999 0.00000000099999999999 0.99999998929542821546 0.00000000099999999999 0.00000000335464443493 0.00000000234992732022 
0.00000000099999999999 0.00000000099999999999 0.00000000099999999999 0.00000000099999999999 0.99789870332878838344 0.00000000099999999999 0.00206267669152051126 0.00003861497969125003 
0.00000000099999999998 0.00000000099999999998 0.00000000099999999998 0.00000000099999999998 0.99999999300000008695 0.00000000099999999998 0.00000000099999999998 0.00000000099999999998 
0.00000000100000000000 0.08398474917134979290 0.00000000100000000000 0.00017012014076483743 0.78900872444449232646 0.00000000100000000000 0.02047264375465599959 0.10636375948873696973 
0.00000000099999999998 0.00000000099999999998 0.00000000099999999998 0.00000000099999999998 0.99999986870360513258 0.00000000099999999998 0.00000012529639476806 0.00000000099999999998 
0.00000000099999999998 0.00000000099999999998 0.00000000099999999998 0.00000000099999999998 0.99999999300000008695 0.00000000099999999998 0.00000000099999999998 0.00000000099999999998 
0.00000000099999999999 0.00000000099999999999 0.00000000099999999999 0.00000000099999999999 0.99999999262476391149 0.00000000099999999999 0.00000000099999999999 0.00000000137523610609 
0.00000000099999999999 0.00000000099999999999 0.00000000099999999999 0.00000000099999999999 0.92189717880875021727 0.00000000099999999999 0.00000000099999999999 0.07810281519124978589 
0.00000000099999999998 0.00000000099999999998 0.00000000099999999998 0.00000000099999999998 0.98965466168783389200 0.00000000099999999998 0.01034529299372636928 0.00000004031843971891 
0.21698702432201533163 0.07547018086993401154 0.13252862142096230591 0.05237735535721224633 0.40494004476694894779 0.00000218058306928024 0.00845389244569916265 0.10924070023415875796 
0.00000000099999999999 0.00000000099999999999 0.00000000099999999999 0.00000000099999999999 0.99999999300000008695 0.00000000099999999999 0.00000000099999999999 0.00000000099999999999 
0.00000000099999999997 0.00000000099999999997 0.00000000099999999997 0.00000000099999999997 0.99999999299999997593 0.00000000099999999997 0.00000000099999999997 0.00000000099999999997 
0.00000000099999999999 0.00000000099999999999 0.00000000099999999999 0.00000000099999999999 0.99999999300000008695 0.00000000099999999999 0.00000000099999999999 0.00000000099999999999 
0.00000000099999999999 0.00000000099999999999 0.00000000099999999999 0.00000017280372622251 0.99273640073803315342 0.00726342145824056002 0.00000000099999999999 0.00000000099999999999 
0.00000000099999999998 0.00000000099999999998 0.00000000099999999998 0.00000000099999999998 0.99999999300000008695 0.00000000099999999998 0.00000000099999999998 0.00000000099999999998 
0.00000000099999999999 0.00000000099999999999 0.00000000099999999999 0.00000000099999999999 0.99998843872674225697 0.00000000099999999999 0.00001155456589112274 0.00000000170736648511 
0.00000000099999999999 0.00000000099999999999 0.00000000099999999999 0.00000000099999999999 0.99999988768567515951 0.00000000099999999999 0.00000010631432486880 0.00000000099999999999 
0.00000000099999999999 0.00000000099999999999 0.00020394199576975205 0.00000000099999999999 0.99979603741141021001 0.00000000099999999999 0.00000001559282008239 0.00000000099999999999 
0.00000000099999999997 0.00000000099999999997 0.00000000099999999997 0.00000000099999999997 0.99999999300000008695 0.00000000099999999997 0.00000000099999999997 0.00000000099999999997 
0.11362669396997726601 0.08455488568084280898 0.01337227027894054288 0.00430456741313997148 0.67653493172679901591 0.00000000661957119084 0.03860315141079109086 0.06900349289993816526 
0.00000000099999999999 0.00000000099999999999 0.00000000099999999999 0.00000000099999999999 0.99999999290601093715 0.00000000099999999999 0.00000000109398907012 0.00000000099999999999 
0.00000000099999999995 0.00000000099999999995 0.00000000099999999995 0.00000000099999999995 0.00000000099999999995 0.00000000099999999995 0.99999999299999997593 0.00000000099999999995 
0.00000000099999999996 0.00000000099999999996 0.00000000099999999996 0.00000000099999999996 0.00000000099999999996 0.00000000099999999996 0.99999999299999997593 0.00000000099999999996 
0.00000000099999999995 0.00000000099999999995 0.00000000099999999995 0.00000000099999999995 0.00000000099999999995 0.00000000099999999995 0.99999999299999997593 0.00000000099999999995 
0.00000000099999999995 0.00000000099999999995 0.00000000099999999995 0.00000000099999999995 0.00000000099999999995 0.00000000099999999995 0.99999999299999986491 0.00000000099999999995 
0.00000000099999999994 0.00000000099999999994 0.00000000099999999994 0.00000000099999999994 0.00000000099999999994 0.00000000099999999994 0.99999999299999997593 0.00000000099999999994 
0.00000000099999999993 0.00000000099999999993 0.00000000099999999993 0.00000000099999999993 0.00000000099999999993 0.00000000099999999993 0.99999999299999986491 0.00000000099999999993 
0.00000000099999999994 0.00000000099999999994 0.00000000099999999994 0.00000000099999999994 0.00000000099999999994 0.00000000099999999994 0.99999999299999997593 0.00000000099999999994 
0.00000000099999999995 0.00000000099999999995 0.00000000099999999995 0.00000000099999999995 0.00000000099999999995 0.00000000099999999995 0.99999999299999986491 0.00000000099999999995 
0.00000000099999999993 0.00000000099999999993 0.00000000099999999993 0.00000000099999999993 0.00000000099999999993 0.00000000099999999993 0.99999999299999986491 0.00000000099999999993 
0.00000000099999999993 0.00000000099999999993 0.00000000099999999993 0.00000000099999999993 0.00000000099999999993 0.00000000099999999993 0.99999999299999997593 0.00000000099999999993 
0.00000000099999999994 0.00000000099999999994 0.00000000099999999994 0.00000000099999999994 0.00000000099999999994 0.00000000099999999994 0.99999999299999997593 0.00000000099999999994 
0.00000000099999999995 0.00000000099999999995 0.00000000099999999995 0.00000000099999999995 0.00000000099999999995 0.00000000099999999995 0.99999999299999986491 0.00000000099999999995 
0.00000000099999999999 0.00000000099999999999 0.00000000099999999999 0.00000000099999999999 0.00000000099999999999 0.00000000099999999999 0.37665414441448852312 0.62334584958551142453 
0.00000001674045413136 0.00000010262529263537 0.00000005151064235578 0.00000006138552263448 0.00000012578824006757 0.00000000099999999999 0.99999957937354877480 0.00000006157629934048 
0.00000000099999999994 0.00000000099999999994 0.00000000099999999994 0.00000000099999999994 0.00000000099999999994 0.00000000099999999994 0.99999999299999997593 0.00000000099999999994 
0.00000000099999999994 0.00000000099999999994 0.00000000099999999994 0.00000000099999999994 0.00000000099999999994 0.00000000099999999994 0.99999999299999986491 0.00000000099999999994 
0.00000000099999999996 0.00000000099999999996 0.00000000099999999996 0.00000000099999999996 0.00000000099999999996 0.00000000099999999996 0.99999999299999997593 0.00000000099999999996 
0.00000000099999999994 0.00000000099999999994 0.00000000099999999994 0.00000000099999999994 0.00000000099999999994 0.00000000099999999994 0.99999999299999986491 0.00000000099999999994 
0.00000000099999999993 0.00000000099999999993 0.00000000099999999993 0.00000000099999999993 0.00000000099999999993 0.00000000099999999993 0.99999999299999986491 0.00000000099999999993 
0.00000000099999999994 0.00000000099999999994 0.00000000099999999994 0.00000000099999999994 0.00000000099999999994 0.00000000099999999994 0.99999999299999997593 0.00000000099999999994 
0.00000000099999999999 0.00000000099999999999 0.00000000099999999999 0.00000000099999999999 0.00000000099999999999 0.00000000099999999999 0.54555652490032313651 0.45444346909967692216 
0.00000000099999999994 0.00000000099999999994 0.00000000099999999994 0.00000000099999999994 0.00000000099999999994 0.00000000099999999994 0.99999999299999997593 0.00000000099999999994 
0.00000000099999999999 0.00000000099999999999 0.00000000099999999999 0.00000000099999999999 0.00000000099999999999 0.00000000099999999999 0.59452985208735131817 0.40547014191264868499 
0.00000000099999999994 0.00000000099999999994 0.00000000099999999994 0.00000000099999999994 0.00000000099999999994 0.00000000099999999994 0.99999999299999986491 0.00000000099999999994 
0.00000000099999999995 0.00000000099999999995 0.00000000099999999995 0.00000000099999999995 0.00000000099999999995 0.00000000099999999995 0.99999999299999986491 0.00000000099999999995 
0.00000000099999999993 0.00000000099999999993 0.00000000099999999993 0.00000000099999999993 0.00000000099999999993 0.00000000099999999993 0.99999999299999986491 0.00000000099999999993 
0.00000000100000000000 0.03830842676277832620 0.09996052439836618231 0.56024514449579232434 0.00091189115432864292 0.30057401018873447507 0.00000000100000000000 0.00000000100000000000 
0.00000000099999999999 0.00000000099999999999 0.99999999299999997593 0.00000000099999999999 0.00000000099999999999 0.00000000099999999999 0.00000000099999999999 0.00000000099999999999 
0.00000000099999999999 0.00000000099999999999 0.99493317804307856989 0.00000068103056172119 0.00000000099999999999 0.00506613592635961080 0.00000000099999999999 0.00000000099999999999 
0.00000002509649589971 0.00000000099999999999 0.00002359743082370108 0.69534544487830529658 0.00000000099999999999 0.30463092859437523874 0.00000000099999999999 0.00000000099999999999 
0.00000000099999999999 0.01819351019329634028 0.96655069532546322719 0.00006777787428638228 0.00000000099999999999 0.01518801260695415434 0.00000000099999999999 0.00000000099999999999 
0.00000000099999999999 0.00021305392655896217 0.99370612091616850048 0.00015404987817664600 0.00000000099999999999 0.00592677127909589825 0.00000000099999999999 0.00000000099999999999 
0.00000000099999999999 0.00000000197657233941 0.99959109097484588613 0.00040890204858188742 0.00000000099999999999 0.00000000099999999999 0.00000000099999999999 0.00000000099999999999 
0.06246884381768678246 0.00000000100000000000 0.86005141933727924375 0.04794359078231776733 0.00000000100000000000 0.02953614206271635428 0.00000000100000000000 0.00000000100000000000 
0.00000000099999999999 0.00000000099999999999 0.99999999299999997593 0.00000000099999999999 0.00000000099999999999 0.00000000099999999999 0.00000000099999999999 0.00000000099999999999 
0.00000000100000000000 0.00000000100000000000 0.99999282741947548292 0.00000000100000000000 0.00000000100000000000 0.00000004018336549345 0.00000000100000000000 0.00000712739715902298 
0.00000000099999999999 0.03198877052458902470 0.91576811673463276442 0.00000000099999999999 0.00000000099999999999 0.05224310774077815800 0.00000000099999999999 0.00000000099999999999 
0.00000000100000000000 0.00000019252143285926 0.97243337422902498268 0.02755467525398032358 0.00000000100000000000 0.00001175399556165886 0.00000000100000000000 0.00000000100000000000 
0.06871447755504749011 0.00591909580027084013 0.28386311184680657060 0.52114396049833588975 0.00001506490502414835 0.12034428739451506762 0.00000000100000000000 0.00000000100000000000 
0.33933197031663020482 0.00000000100000000000 0.52727038834771122744 0.09204933511570134730 0.04086113300201380666 0.00000000100000000000 0.00000000100000000000 0.00048717021794353013 
0.00000000099999999999 0.00000000099999999999 0.94121026331521540076 0.00000000099999999999 0.00000000099999999999 0.05878973068478453301 0.00000000099999999999 0.00000000099999999999 
0.00000000099999999999 0.00000000099999999999 0.93114877835828668839 0.00000000099999999999 0.00000000099999999999 0.06885121564171332864 0.00000000099999999999 0.00000000099999999999 
0.00000000842702680980 0.00000000789533317611 0.93930453675358227539 0.00000000100000000000 0.00000000100000000000 0.04599548255952520814 0.01469996136453251626 0.00000000100000000000 
0.01984241535957192645 0.00000000100000000000 0.83020467831949140702 0.11618322699932777387 0.03376967532160892599 0.00000000100000000000 0.00000000100000000000 0.00000000100000000000 
0.00000000099999999989 0.00000000099999999989 0.00000000099999999989 0.00000000099999999989 0.00000000099999999989 0.99999999300000008695 0.00000000099999999989 0.00000000099999999989 
0.00000013100914196579 0.00000129986199566459 0.84832554758797984462 0.15162495219688834625 0.00000000100000000000 0.00004806634399404412 0.00000000100000000000 0.00000000100000000000 
0.00000000100000000000 0.02582535468956461203 0.00000000100000000000 0.74421976822012880781 0.00000000100000000000 0.22995487209030668341 0.00000000100000000000 0.00000000100000000000 
0.08901109794583927926 0.00000000100000000000 0.00032940156044977936 0.65178970963414528672 0.00850869240372079637 0.25023237988299612544 0.00012871657284873372 0.00000000100000000000 
0.00000000099999999999 0.00000000099999999999 0.99618547637318310972 0.00374116765540216580 0.00000000099999999999 0.00007335097141473918 0.00000000099999999999 0.00000000099999999999 
0.00000000099999999999 0.00000000099999999999 0.99241320540193833644 0.00735961526168843558 0.00000000099999999999 0.00022717433637326314 0.00000000099999999999 0.00000000099999999999 
0.02018643825634769060 0.00000000100000000000 0.00078849885380991643 0.73260273231763173296 0.00003850783515691157 0.23999167620281194879 0.00639214453424189529 0.00000000100000000000 
0.00000000099999999999 0.00000000099999999999 0.95816849761580891176 0.04183144457770646835 0.00000000099999999999 0.00000005280648467168 0.00000000099999999999 0.00000000099999999999 
0.00000000099999999999 0.00000000099999999999 0.98622970210590998885 0.00000000099999999999 0.00000000099999999999 0.00000004985270449617 0.00000000099999999999 0.01377024304138538963 
0.00030499082534255119 0.00000000099999999999 0.00000000099999999999 0.72493355713657980921 0.00000000099999999999 0.27476144703807753311 0.00000000099999999999 0.00000000099999999999 
0.00000000099999999999 0.00000000099999999999 0.99837037310680376567 0.00000000099999999999 0.00000000099999999999 0.00162962089319618393 0.00000000099999999999 0.00000000099999999999 
0.00000000099999999998 0.00000000099999999998 0.97661518536006475255 0.00514526155827964640 0.00000000099999999998 0.01823954808165554470 0.00000000099999999998 0.00000000099999999998 
0.00000000099999999997 0.00000000099999999997 0.00000000099999999997 0.99999999300000008695 0.00000000099999999997 0.00000000099999999997 0.00000000099999999997 0.00000000099999999997 
0.03896032787272397935 0.00000000099999999999 0.93622559664441651339 0.01882091430531208920 0.00000000099999999999 0.00599315717754743925 0.00000000099999999999 0.00000000099999999999 
0.00000000099999999999 0.00000000099999999999 0.00000663464205181928 0.72403596672144410196 0.00000000099999999999 0.27595739363650406695 0.00000000099999999999 0.00000000099999999999 
0.00000000099999999999 0.00000000224879987839 0.00000000099999999999 0.78195095065031883230 0.00000000099999999999 0.21804904210088132954 0.00000000099999999999 0.00000000099999999999 
0.03854317444921064734 0.00000000099999999999 0.04488059788498312969 0.60344681631758190221 0.00000000099999999999 0.31312940734822430899 0.00000000099999999999 0.00000000099999999999 
0.00000000099999999999 0.00000000099999999999 0.00000000099999999999 0.77990225431182735871 0.00000000099999999999 0.22009773968817278322 0.00000000099999999999 0.00000000099999999999 
0.00000000099999999998 0.00000000099999999998 0.99059532977130815290 0.00000000099999999998 0.00000000099999999998 0.00940466422869185893 0.00000000099999999998 0.00000000099999999998 
0.00000000099999999999 0.02477791905392671967 0.97522207494607326961 0.00000000099999999999 0.00000000099999999999 0.00000000099999999999 0.00000000099999999999 0.00000000099999999999 
0.00000004944604223142 0.00000014381924552632 0.83900920381632004830 0.16099059891839231917 0.00000000099999999999 0.00000000099999999999 0.00000000099999999999 0.00000000099999999999 
0.06894934545485982558 0.00000000100000000000 0.79934218219697372732 0.12306966339113514786 0.00000000299139237223 0.00000000100000000000 0.00863880296563901938 0.00000000100000000000 
0.00001443733087180637 0.00000000099999999999 0.82766592972610608658 0.17231962794302219111 0.00000000099999999999 0.00000000099999999999 0.00000000099999999999 0.00000000099999999999 
0.00000000099999999999 0.00000000099999999999 0.00000000099999999999 0.99999999300000008695 0.00000000099999999999 0.00000000099999999999 0.00000000099999999999 0.00000000099999999999 
0.00000000100000000000 0.00000000100000000000 0.98965689622960839600 0.00029876412153377157 0.00000080706039331174 0.00000001623130623124 0.00000000100000000000 0.01004351335715831205 
0.00000000100000000000 0.00000000100000000000 0.88997050971164359812 0.10373298433027701437 0.00000001157244877513 0.00629649038563050070 0.00000000100000000000 0.00000000100000000000 
0.00000000099999999998 0.00000000099999999998 0.99207401461667255038 0.00000877838645181013 0.00000000099999999998 0.00791720199687559294 0.00000000099999999998 0.00000000099999999998 
0.00821991174492192438 0.00000000099999999999 0.49300148581140790238 0.26723171232893122573 0.03974512379211556784 0.19180176332262338645 0.00000000099999999999 0.00000000099999999999 
0.00000000100000000000 0.00000000100000000000 0.26842727432678825661 0.73157271529990153258 0.00000000100000000000 0.00000000537331025223 0.00000000100000000000 0.00000000100000000000 
0.00163514607039187253 0.00000000099999999999 0.88842159858888614110 0.10994306887848465104 0.00000000099999999999 0.00000018246223742628 0.00000000099999999999 0.00000000099999999999 
0.00000000100000000000 0.00000000100000000000 0.91277838434011415725 0.08722160965988569326 0.00000000100000000000 0.00000000100000000000 0.00000000100000000000 0.00000000100000000000 
0.00000000099999999999 0.00000000099999999999 0.24369780817508726600 0.51691537474341942016 0.00000000099999999999 0.23938681208149328872 0.00000000099999999999 0.00000000099999999999 
0.00000001771834060468 0.00524735086822123494 0.07139197331474925190 0.72507933599875118436 0.00000000496398455879 0.17935815550572500876 0.00594250595727767884 0.01298065567295049634 
0.00000000099999999998 0.00000000099999999998 0.00000012254901392705 0.99999987145098623298 0.00000000099999999998 0.00000000099999999998 0.00000000099999999998 0.00000000099999999998 
0.00000000424195350842 0.00000000099999999999 0.96078729248316740996 0.00000000099999999999 0.00000000099999999999 0.03921269827487923465 0.00000000099999999999 0.00000000099999999999 
0.00000000099999999999 0.00000000099999999999 0.95408719058405155877 0.00385461288432859374 0.00000000099999999999 0.04205819153161980545 0.00000000099999999999 0.00000000099999999999 
0.03697358496746858819 0.00000000100000000000 0.78923523542428963840 0.12312173005933846337 0.03630231914326278314 0.01436712740564032552 0.00000000100000000000 0.00000000100000000000 
0.00000000099999999999 0.00000000099999999999 0.09327661148651640588 0.68001921473393578399 0.00000000099999999999 0.22670416877954793766 0.00000000099999999999 0.00000000099999999999 
0.00000008821214909953 0.00000000100000000000 0.10937281927360076317 0.63863642437989187606 0.00000000100000000000 0.24527164179363614149 0.00671902334072202109 0.00000000100000000000 
0.00000000100000000000 0.00000000100000000000 0.94150070147653408537 0.05849801635608248979 0.00000101783890854407 0.00000026032847473406 0.00000000100000000000 0.00000000100000000000 
0.00000000099999999999 0.00000000099999999999 0.99999634170491646934 0.00000365229508342760 0.00000000099999999999 0.00000000099999999999 0.00000000099999999999 0.00000000099999999999 
0.00000010367025891501 0.00000000099999999999 0.99999989032974112568 0.00000000099999999999 0.00000000099999999999 0.00000000099999999999 0.00000000099999999999 0.00000000099999999999 
0.00000000099999999999 0.00000000099999999999 0.99999999300000008695 0.00000000099999999999 0.00000000099999999999 0.00000000099999999999 0.00000000099999999999 0.00000000099999999999 
0.00000000099999999999 0.00000000099999999999 0.92257379749429091476 0.07742453555600913029 0.00000000099999999999 0.00000166194969980116 0.00000000099999999999 0.00000000099999999999 
0.05146544934154657219 0.00000000100000000000 0.88669416935928713208 0.02781184705371913396 0.00000706601624285091 0.03402146522920420496 0.00000000100000000000 0.00000000100000000000 
