0.00000000100000000000 0.04221458190582817738 0.05098081575382626407 0.71797002112229380000 0.09004235388559819753 0.05463239332708092616 0.00770576700002029765 0.03645406600535233688 
0.00000000099999999998 0.00000000099999999998 0.00000000099999999998 0.97006152761171227095 0.00000000099999999998 0.02993846638828773221 0.00000000099999999998 0.00000000099999999998 
0.17926453395011088254 0.00000000100000000000 0.00000040397453655040 0.82012261400523744914 0.00061244407011524257 0.00000000100000000000 0.00000000100000000000 0.00000000100000000000 
0.00000000206543749637 0.00000000100000000000 0.08994328311223186156 0.73996653593915062697 0.09874511922912267148 0.00004106935523957731 0.05649559456645110445 0.01480839473236673400 
0.00000000100000000000 0.08205256208978782551 0.01818258833466525684 0.75196876363449338676 0.00042803208302706559 0.02988723060491066744 0.09783717729883113778 0.01964364495428479879 
0.00000000100000000000 0.00000000100000000000 0.08119672230762949028 0.77851334692113316471 0.14015437101922562091 0.00000000100000000000 0.00000000100000000000 0.00013555575201186691 
0.00000000100000000000 0.08558026273508992365 0.13688479475429432553 0.66189229315357911432 0.09620023953391390603 0.00000000100000000000 0.00000000100000000000 0.01944240682312281532 
0.12400966068300975365 0.01971364897447298870 0.01931091902110867661 0.80597531560157820163 0.00000304796888608996 0.00207924515898551959 0.00000006016671127363 0.02890810242524751925 
0.00128915367185682031 0.12266808712823448757 0.00411855890781896630 0.72805946505370833233 0.08558188401804492362 0.00001415552163524417 0.00000038075646255682 0.05826831494223865676 
0.00000000100000000000 0.00000002892044142337 0.04209131375369790096 0.76166793475877336839 0.00000012164007216027 0.03999236713733086285 0.08649295732938847014 0.06975527546029575143 
0.03988448699404580078 0.13891561034299759747 0.00000000100000000000 0.68294062491331952724 0.02927343196518001137 0.04998258562259277199 0.03405568397458822588 0.02494757518727603457 
0.00000000100000000000 0.08359353560948935835 0.00000000100000000000 0.82885903054248233346 0.00000000100000000000 0.03139988832084674580 0.04939411297334318079 0.00675342955383841786 
0.13489812453054442209 0.06142115448687786999 0.00000000100000000000 0.78211160443443139556 0.00362439350855342686 0.01794472003959299983 0.00000000100000000000 0.00000000100000000000 
0.00000000100000000000 0.00000014469325805212 0.17532141978619439349 0.76710876162946928236 0.00000000625469963631 0.00000000100000000000 0.05756966463637841480 0.00000000100000000000 
0.12361406864061294519 0.00627416856729329925 0.06224732446083988679 0.74717428279325626139 0.00000000100000000000 0.04980871390619828060 0.00000000100000000000 0.01088143963179942150 
0.00000000100000000000 0.14319673237153870970 0.00000032443400315562 0.71770542013434424078 0.13909715572608305489 0.00000036433403086292 0.00000000100000000000 0.00000000100000000000 
0.00000000100000000000 0.08327772104867671443 0.00000000100000000000 0.75342534632248692184 0.10578585017754080222 0.00374265173603136742 0.00000950495193031430 0.05375892376333388234 
0.07673678681143961122 0.13170805937092650018 0.04000491953162523678 0.70681275871554960499 0.00000000100000000000 0.02940113581575899346 0.01533633775470007177 0.00000000100000000000 
0.00000000336460692719 0.08082430861494487029 0.00000001444667929998 0.73722183242672589820 0.03137867907620616598 0.09623804370134363129 0.05433359528179940862 0.00000352308769375496 
0.02074905894325399999 0.15790523511483289809 0.00000000100000000000 0.69247500973984599248 0.05658697602532512805 0.05535679687551417483 0.00005001553419807782 0.01687690676702980133 
0.00000000100000000000 0.00014859296876779997 0.00869086394888168683 0.76735724197071586428 0.13161954791602759052 0.08441482790175504347 0.00776892329385210547 0.00000000100000000000 
0.02424832858415613968 0.07311425386988595898 0.00000000100000000000 0.77595801082086535150 0.00030537684836479692 0.07269804458070971975 0.05367343260763954294 0.00000255168837849191 
0.00000000100000000000 0.08909065989754459680 0.00960964945042518809 0.73127757941111859452 0.11439708725751147889 0.03560840398625848141 0.00069609084660202851 0.01932052815053975081 
0.00000000100000000000 0.11156088933872876368 0.00000000100000000000 0.82604115486782203615 0.00000000100000000000 0.00000000100000000000 0.06239795079344919587 0.00000000100000000000 
0.00000000100000000000 0.12254821377452108921 0.05174585879253686127 0.70084911717930342689 0.09515293155797302505 0.01956818245749361584 0.01013568264760184370 0.00000001259057015877 
0.00000000100000000000 0.10494665578262310501 0.02880392240033377571 0.75688786711718580857 0.07226037109823915672 0.00357101389468049120 0.00000407607102758510 0.03352609263591000560 
0.00000000704840512875 0.13284229545442957643 0.07285705408483308942 0.69645660650161489436 0.06854583752215295811 0.02425307721965105565 0.00497761989295936440 0.00006750227595382550 
0.00000000100000000000 0.03494389264632211112 0.00000000100000000000 0.72789553486175651020 0.14019231777674798223 0.04783399038557471089 0.00000000100000000000 0.04913426132959877041 
0.01770100769152394352 0.05450409093779279290 0.00000000100000000000 0.74458899603177775006 0.10540044959040241468 0.07780545274850320103 0.00000000100000000000 0.00000000100000000000 
0.00000000100000000000 0.08395163470027097730 0.00000000100000000000 0.76124946502399237769 0.10727313891000990476 0.04503053075137160299 0.00000000100000000000 0.00249522761435516747 
0.16178902749827683838 0.06556377051752498852 0.00000000100000000000 0.73060728248733552981 0.00023954022308906556 0.03299502184657120141 0.00000000100000000000 0.00880535542720243918 
0.00000000099999999999 0.14754298284565467436 0.06555695453048290822 0.71250929761557657560 0.02089138608591275398 0.00000000099999999999 0.05349937592237320044 0.00000000099999999999 
0.00000670240772457764 0.15045865174805450604 0.00000000100000000000 0.67551017197180629470 0.09670133376995704300 0.02596687825182264833 0.03447292271031881378 0.01688333814031614880 
0.00000000100000000000 0.04862917643220636410 0.00000091756756741031 0.86155196915930243318 0.07309757690243356976 0.00000000100000000000 0.00000000100000000000 0.01672035693849041257 
0.08769876324258414624 0.01605515556910717262 0.05600153373859743933 0.75961417339841619256 0.00200857829506041058 0.00887851989794423077 0.02672421910432619049 0.04301905675396425904 
0.00000820682835232928 0.01469127490116599495 0.02622330215073651397 0.71595394560294012276 0.09008802688976887130 0.06758818700614882546 0.02415409481176682138 0.06129296180912059688 
0.00000000099999999998 0.00000000099999999998 0.00000000099999999998 0.98522905874551069960 0.00000000099999999998 0.01477093525448923764 0.00000000099999999998 0.00000000099999999998 
0.16173287429924623759 0.00059102396293632257 0.00389293988637801200 0.74678584224410660131 0.00000000100000000000 0.05728729317106059926 0.00000000454648319354 0.02971002088978891981 
0.00000000100000000000 0.00000036654473780389 0.00000000100000000000 0.94623493294296079359 0.03263595510009595357 0.00000000100000000000 0.00000000100000000000 0.02112874141220540819 
0.00000000100000000000 0.14740611459618441215 0.00000000100000000000 0.74289945998909889813 0.00000139042579237071 0.00000246028265612523 0.07633007038577126202 0.03336050232049672659 
0.00000000100000000000 0.06902857590514596686 0.00000000100000000000 0.80179197704382743073 0.00042310874862110440 0.05011513631363945925 0.06594891994462499796 0.01269228004414106777 
0.00000000100000000000 0.19517866355586410698 0.03198342914947886750 0.69117383650552699503 0.00000223558889481391 0.00000000100000000000 0.08166135018832196280 0.00000048301191334518 
0.00000000100000000000 0.00000000100000000000 0.03671066291010740418 0.80415689548156521482 0.06676161153824028416 0.03906869885151434407 0.00110696154095428164 0.05219516767761855219 
0.00000000100000000000 0.03516599793901870052 0.05602446069284833935 0.72214603752974859674 0.08064758168415159245 0.05799628545719270195 0.02522008447500887277 0.02279955122203135981 
0.00000000100000000000 0.08144294340736334126 0.07873575906788697620 0.74645895754771285358 0.02461091819941417513 0.02315226676557147201 0.02849047322039989158 0.01710868079165126648 
0.00000000100000000000 0.14668194991574670660 0.02254618368101691389 0.76914226599983215316 0.00000563237763212526 0.02373766114612038680 0.03619863295861968505 0.00168767292103194047 
0.00000000100000000000 0.10543991446536625511 0.07106098889530325369 0.69780758362227091052 0.07099143768089567763 0.05470007233616390463 0.00000000100000000000 0.00000000100000000000 
0.12363695179886466380 0.12408907295033891338 0.02869139833165768386 0.66827745762381707273 0.00001693227496127528 0.01077823748405755573 0.00000006867673111923 0.04450988085957183205 
0.00048402935617569665 0.06613619524272010275 0.13752671343094011180 0.65963896586646131315 0.06174033793339329945 0.07176774136572444673 0.00000000100000000000 0.00270601580458516800 
0.11389862891632557274 0.00000000099999999999 0.15874939189191533684 0.72723434625822203081 0.00007656770056677130 0.00000000099999999999 0.00004106223297025842 0.00000000099999999999 
0.14609125509645479180 0.13579070481307836671 0.00396245862520219500 0.68965346938438654156 0.00000001168417740377 0.02253907478004945480 0.00000000405987825154 0.00196302155677308479 
0.00313128208136489745 0.08475106606062951520 0.08320973821427281314 0.68942594207552343466 0.00000000100000000000 0.09400658997716010434 0.00000706878061790545 0.04546831181043148318 
0.02649798242221769115 0.00000010948315278999 0.03079329400551459109 0.79171487801561357678 0.00462296549186659057 0.02580146245047152190 0.06431810005340422853 0.05625120807775901149 
0.00000000100000000000 0.11658455460640737567 0.04827839757656931380 0.67786637974950891827 0.09728273686375731033 0.04832458145632049368 0.00000000100000000000 0.01166334774743662747 
0.04824744862723447797 0.00338504512451650533 0.13745132592987149844 0.72622010725567676115 0.05281749854327903032 0.00037697944137247730 0.02488585575158986513 0.00661573932645934462 
0.08340579660642166715 0.05618532633881314492 0.00000000100000000000 0.66876933099177093833 0.09266401546268412948 0.06955594565652564731 0.00050786036658690195 0.02891172357719778291 
0.00000000099999999999 0.09155937971436223233 0.00000000099999999999 0.52317127754084302715 0.00000000099999999999 0.30697538353223174923 0.00000000099999999999 0.07829395521256327095 
0.14625764845898986399 0.05765802418583285821 0.03488689627836916857 0.72473100587973204867 0.01089722141478242749 0.02556918856918335634 0.00000001421311027861 0.00000000100000000000 
0.01774906019832548851 0.12256733233279878958 0.00000031915451337918 0.73027579273097764645 0.06850343618499615816 0.03310124003829880562 0.02780256154720268588 0.00000025781288719756 
0.00000000100000000000 0.06410200104459069792 0.00000000100000000000 0.59424799520422788568 0.17817448352894094121 0.11956558393655757067 0.00000000100000000000 0.04390993328568307957 
0.06038095980191455353 0.14918278356865807832 0.04991063651681718755 0.63488850249975359308 0.04641662046594224877 0.04641581144489038274 0.00000000100000000000 0.01280468470202384551 
0.00000000100000000000 0.04968083739226347717 0.00024345065108119905 0.80274305016133906676 0.14733265779531629081 0.00000000100000000000 0.00000000100000000000 0.00000000100000000000 
0.05767426726694734052 0.08721731689883736871 0.10413739406666697174 0.69466582073884952653 0.00000000100000000000 0.00207000947326256351 0.00000000100000000000 0.05423518955543617931 
0.05821921016985678876 0.15328842642345968938 0.00000074835635087437 0.73929689252081254303 0.00041787575046769781 0.02493592882244027170 0.00027704594596103798 0.02356387201065112194 
0.02758662538864304833 0.07179260603618600745 0.09362693165388612238 0.68719260496456058274 0.09567655543109730709 0.01351412628760255939 0.00000000100000000000 0.01061054923802430550 
0.11105951969289497294 0.00014447608624143090 0.00381016851867461547 0.82409716976664848520 0.00000000100000000000 0.02779662703233810872 0.02655153547864235949 0.00654050242456009814 
0.00020999660747999168 0.06960492681958940775 0.20802588442874608843 0.67392463389378454153 0.00000000100000000000 0.00000001147424098949 0.04823454477615900932 0.00000000100000000000 
0.08050328408290106930 0.12915727477277338942 0.06740275482596207179 0.64538169883919160874 0.00000004763480869475 0.03718067340570969936 0.02063135935104967386 0.01974290708760377891 
0.08744580942949072011 0.08656627003413001897 0.06223000643745467408 0.69412505216267506025 0.00000000100000000000 0.06919015928887090050 0.00000000100000000000 0.00044270064737868980 
0.04735916714292264657 0.02636303302779667221 0.03912983212396514698 0.74144882287638713692 0.07191152770169492725 0.06246075803774036456 0.00000000100000000000 0.01132685808949318931 
0.12771065994790301024 0.26436048587115429376 0.04365686120938754716 0.56427198897155517177 0.00000000100000000000 0.00000000100000000000 0.00000000100000000000 0.00000000100000000000 
0.00000000100000000000 0.06254408096409502793 0.02259759969903959304 0.49853837115624333176 0.00000000100000000000 0.32377721826174393760 0.02873736892734304535 0.06380535899153502721 
0.08127596923254412631 0.00000000100000000000 0.10214029034573164634 0.74618838375218077275 0.00676252514141645247 0.00000000100000000000 0.06363282852812712775 0.00000000100000000000 
0.14010196029998159273 0.00000000100000000000 0.10881982107378244951 0.73978814522078262250 0.00000000100000000000 0.00000001596736995664 0.01129004193088242042 0.00000001350720111218 
0.00119827658151980634 0.05274523160505083241 0.00000016853508764095 0.72407586513299360131 0.00000000174342544765 0.08468462325896623788 0.10461863445773388059 0.03267719868522265397 
0.00000000100000000000 0.13324790047155188333 0.00000606846766943692 0.71116838068589716126 0.08432118325011718485 0.00000000100000000000 0.04915558598344636765 0.02210087914131802708 
0.05835884835502147538 0.05382188092962968129 0.08418312661878835090 0.69317730132665789089 0.00000000100000000000 0.05561553865926782692 0.01947123893960659574 0.03537206417102826267 
0.00001633432979510433 0.00000000100000000000 0.19908173004147103335 0.69028613384606962722 0.11061570107914912853 0.00000000100000000000 0.00000009770351512920 0.00000000100000000000 
0.00000000099999999999 0.00000000099999999999 0.00000000099999999999 0.93581316154045834921 0.00000000099999999999 0.00000000099999999999 0.06418683245954164007 0.00000000099999999999 
0.09121909394661155412 0.07821139695507904610 0.00000000100000000000 0.74813947794275292846 0.00000000100000000000 0.05147876099838918917 0.01210925522130111565 0.01884201293586614673 
0.00000000099999999999 0.25657795252573917244 0.00000000099999999999 0.40315047847849794227 0.00000000099999999999 0.31679281878841325515 0.00000000099999999999 0.02347874620734951429 
0.07576341671317919635 0.10415727279574767128 0.06340262186424856783 0.66345559723182090384 0.00000000100000000000 0.05479059742500209246 0.00000028710610415035 0.03843020586389749027 
0.09419646500964733160 0.04895707014574655902 0.09509623678699079263 0.70663978558128448526 0.00001594272655102831 0.05433412867638822558 0.00076022897498062981 0.00000014209841095344 
0.00076294105229934254 0.11440044702001141153 0.00000000100000000000 0.70532729911547054069 0.00000000100000000000 0.04094586914776115333 0.08410303482028121114 0.05446040684417640526 
0.06943077317234114254 0.13512365723913263849 0.12144172160762212176 0.61742821892093824321 0.00038279397498621875 0.05067737392321928352 0.00059885653673264470 0.00491660462502767522 
0.12127638284651021117 0.00000200775794454675 0.06143176511705250586 0.76177583809778248725 0.00000000100000000000 0.04547514761588355298 0.00000000147462803936 0.01003885609019870666 
0.00000427049559794841 0.00000557922939445761 0.19087508424642393723 0.75019742878886541693 0.00131773018953041808 0.01114000381314538338 0.04645986463338812322 0.00000003860365434811 
0.00000000100000000000 0.15383995941087624804 0.04024094796107523242 0.67374451902160181760 0.00001271968305505900 0.05794711333050062141 0.04985670768132664799 0.02435803191156428113 
0.06166989220498450552 0.08321358518496868584 0.08281055790495268909 0.74586345229119543898 0.00129818255935427659 0.00027861585380052742 0.02154828264331839355 0.00331743135742542782 
0.01712656748057483566 0.15144495063282775726 0.03847105182952066660 0.66557769591133009168 0.00000000100000000000 0.06035361626113971284 0.06702265531204130988 0.00000346157256561802 
0.02870086639734223399 0.06872407258998322610 0.08021527788298343786 0.71277204672522342932 0.05843627700380884388 0.01681307835402343770 0.02846386427495942867 0.00587451677167598763 
0.09451572526906890093 0.00000000100000000000 0.10049931910002136981 0.75583101048273693134 0.04424635064999119655 0.00000000100000000000 0.00000000100000000000 0.00490759149818154484 
0.00000000100000000000 0.06894585062238092754 0.11373268745483681996 0.67091546934697032789 0.00000000100000000000 0.07438701031204152103 0.05124671713370113763 0.02077226313006939537 
0.00000003109600214551 0.00000000100000000000 0.16510547790346161157 0.75125263829678801120 0.00004399556666042299 0.00000000762477931815 0.08292454534183597847 0.00067330317047229480 
0.00000000100000000000 0.08495371520209880900 0.01175418984118186023 0.72635858822859022954 0.11248645477934700321 0.01941046683359151648 0.00001564181987435036 0.04502094229531627967 
0.00000779554766965750 0.00011315099682029811 0.09390774705824304902 0.68486186974021057150 0.10237976241402761690 0.04378795449440964216 0.00000000422748373793 0.07494171552113554347 
0.00000000100000000000 0.68395570182014231442 0.00000000100000000000 0.16057956337929471524 0.03991305409186261810 0.07373887461893224859 0.00000000100000000000 0.04181280308976816767 
0.00000000099999999999 0.99999999300000019797 0.00000000099999999999 0.00000000099999999999 0.00000000099999999999 0.00000000099999999999 0.00000000099999999999 0.00000000099999999999 
0.04910803247282050782 0.70543040600703799115 0.00274175561438538525 0.10051648135419029295 0.00000000100000000000 0.11814814211133360666 0.00000000100000000000 0.02405518044023231827 
0.00000000099999999998 0.99999999300000019797 0.00000000099999999998 0.00000000099999999998 0.00000000099999999998 0.00000000099999999998 0.00000000099999999998 0.00000000099999999998 
0.05731281838673048940 0.70235458903230973959 0.00000034526959385699 0.10324434368823817709 0.00000000100000000000 0.06672221437991344983 0.00000000100000000000 0.07036568724321433377 
0.00000000099999999999 0.99999999300000008695 0.00000000099999999999 0.00000000099999999999 0.00000000099999999999 0.00000000099999999999 0.00000000099999999999 0.00000000099999999999 
0.00000000099999999999 0.99999935973392051203 0.00000000099999999999 0.00000000099999999999 0.00000063426607964935 0.00000000099999999999 0.00000000099999999999 0.00000000099999999999 
0.00000000099999999998 0.99999999300000019797 0.00000000099999999998 0.00000000099999999998 0.00000000099999999998 0.00000000099999999998 0.00000000099999999998 0.00000000099999999998 
0.00000000099999999999 0.99999999300000008695 0.00000000099999999999 0.00000000099999999999 0.00000000099999999999 0.00000000099999999999 0.00000000099999999999 0.00000000099999999999 
0.00000000099999999999 0.99999983147927040683 0.00000000099999999999 0.00000000099999999999 0.00000000099999999999 0.00000000099999999999 0.00000000099999999999 0.00000016252072971318 
0.00000000099999999999 0.99999999300000008695 0.00000000099999999999 0.00000000099999999999 0.00000000099999999999 0.00000000099999999999 0.00000000099999999999 0.00000000099999999999 
0.00000000099999999999 0.98953106358263576148 0.00000000099999999999 0.00000000099999999999 0.00000000099999999999 0.00000000297611541682 0.00000000099999999999 0.01046892844124884363 
0.00000000099999999998 0.99999999300000008695 0.00000000099999999998 0.00000000099999999998 0.00000000099999999998 0.00000000099999999998 0.00000000099999999998 0.00000000099999999998 
0.00000000099999999998 0.99998273435282758470 0.00000000099999999998 0.00000000099999999998 0.00000000099999999998 0.00001725964717252350 0.00000000099999999998 0.00000000099999999998 
0.00000000099999999998 0.99999999300000019797 0.00000000099999999998 0.00000000099999999998 0.00000000099999999998 0.00000000099999999998 0.00000000099999999998 0.00000000099999999998 
0.00000000099999999998 0.99999999300000008695 0.00000000099999999998 0.00000000099999999998 0.00000000099999999998 0.00000000099999999998 0.00000000099999999998 0.00000000099999999998 
0.00000000099999999999 0.99999999300000008695 0.00000000099999999999 0.00000000099999999999 0.00000000099999999999 0.00000000099999999999 0.00000000099999999999 0.00000000099999999999 
0.00000000099999999998 0.99933816989404888886 0.00000000099999999998 0.00000000099999999998 0.00000000099999999998 0.00066182410595124483 0.00000000099999999998 0.00000000099999999998 
0.00000000099999999999 0.96260692191161245646 0.00000000099999999999 0.00000000099999999999 0.00000000099999999999 0.00000000099999999999 0.00000000099999999999 0.03739307208838760221 
0.07685666355904732794 0.42460326001136339258 0.15278725700023504386 0.21661847693209601573 0.00760260473652126303 0.10979055588786952591 0.00000000700107709761 0.01174117487179041595 
0.00000000099999999999 0.99999999300000019797 0.00000000099999999999 0.00000000099999999999 0.00000000099999999999 0.00000000099999999999 0.00000000099999999999 0.00000000099999999999 
0.00000000099999999997 0.99999999300000008695 0.00000000099999999997 0.00000000099999999997 0.00000000099999999997 0.00000000099999999997 0.00000000099999999997 0.00000000099999999997 
0.00000000099999999999 0.99999999300000008695 0.00000000099999999999 0.00000000099999999999 0.00000000099999999999 0.00000000099999999999 0.00000000099999999999 0.00000000099999999999 
0.04512186310823847885 0.95487813089176176717 0.00000000099999999999 0.00000000099999999999 0.00000000099999999999 0.00000000099999999999 0.00000000099999999999 0.00000000099999999999 
0.00000000099999999998 0.99999999300000008695 0.00000000099999999998 0.00000000099999999998 0.00000000099999999998 0.00000000099999999998 0.00000000099999999998 0.00000000099999999998 
0.00000000099999999999 0.99999999300000019797 0.00000000099999999999 0.00000000099999999999 0.00000000099999999999 0.00000000099999999999 0.00000000099999999999 0.00000000099999999999 
0.00000000099999999999 0.99999999300000008695 0.00000000099999999999 0.00000000099999999999 0.00000000099999999999 0.00000000099999999999 0.00000000099999999999 0.00000000099999999999 
0.00000000100000000000 0.86925395336445721028 0.07732555230353430065 0.00000000100000000000 0.00000000100000000000 0.00000000100000000000 0.00000000100000000000 0.05342048933200854721 
0.00000000099999999997 0.99999999300000008695 0.00000000099999999997 0.00000000099999999997 0.00000000099999999997 0.00000000099999999997 0.00000000099999999997 0.00000000099999999997 
0.00000000100000000000 0.68944747082119095527 0.01845237159081147479 0.13745880740204488579 0.03798514490006894145 0.07354727532065903628 0.00000000100000000000 0.04310892796522490522 
0.00000000099999999999 0.99999999300000019797 0.00000000099999999999 0.00000000099999999999 0.00000000099999999999 0.00000000099999999999 0.00000000099999999999 0.00000000099999999999 
0.00000000099999999995 0.00000000099999999995 0.00000000099999999995 0.00000000099999999995 0.00000000099999999995 0.00000000099999999995 0.00000000099999999995 0.99999999300000008695 
0.00000000099999999995 0.00000000099999999995 0.00000000099999999995 0.00000000099999999995 0.00000000099999999995 0.00000000099999999995 0.00000000099999999995 0.99999999300000008695 
0.00000000099999999995 0.00000000099999999995 0.00000000099999999995 0.00000000099999999995 0.00000000099999999995 0.00000000099999999995 0.00000000099999999995 0.99999999300000008695 
0.00000000099999999995 0.00000000099999999995 0.00000000099999999995 0.00000000099999999995 0.00000000099999999995 0.00000000099999999995 0.00000000099999999995 0.99999999300000008695 
0.00000000099999999994 0.00000000099999999994 0.00000000099999999994 0.00000000099999999994 0.00000000099999999994 0.00000000099999999994 0.00000000099999999994 0.99999999300000008695 
0.00000000099999999993 0.00000000099999999993 0.00000000099999999993 0.00000000099999999993 0.00000000099999999993 0.00000000099999999993 0.00000000099999999993 0.99999999300000008695 
0.00000000099999999994 0.00000000099999999994 0.00000000099999999994 0.00000000099999999994 0.00000000099999999994 0.00000000099999999994 0.00000000099999999994 0.99999999300000008695 
0.00000000099999999995 0.00000000099999999995 0.00000000099999999995 0.00000000099999999995 0.00000000099999999995 0.00000000099999999995 0.00000000099999999995 0.99999999299999997593 
0.00000000099999999993 0.00000000099999999993 0.00000000099999999993 0.00000000099999999993 0.00000000099999999993 0.00000000099999999993 0.00000000099999999993 0.99999999300000008695 
0.00000000099999999993 0.00000000099999999993 0.00000000099999999993 0.00000000099999999993 0.00000000099999999993 0.00000000099999999993 0.00000000099999999993 0.99999999300000008695 
0.00000000099999999994 0.00000000099999999994 0.00000000099999999994 0.00000000099999999994 0.00000000099999999994 0.00000000099999999994 0.00000000099999999994 0.99999999299999997593 
0.00000000099999999995 0.00000000099999999995 0.00000000099999999995 0.00000000099999999995 0.00000000099999999995 0.00000000099999999995 0.00000000099999999995 0.99999999300000008695 
0.00000000099999999999 0.00000000099999999999 0.00000000099999999999 0.00000000099999999999 0.00000000099999999999 0.62401655270161815459 0.00000000099999999999 0.37598344129838195959 
0.00000000099999999993 0.00000000099999999993 0.00000000099999999993 0.00000000099999999993 0.00000000099999999993 0.00000000099999999993 0.00000000099999999993 0.99999999300000008695 
0.00000000099999999994 0.00000000099999999994 0.00000000099999999994 0.00000000099999999994 0.00000000099999999994 0.00000000099999999994 0.00000000099999999994 0.99999999300000008695 
0.00000000099999999994 0.00000000099999999994 0.00000000099999999994 0.00000000099999999994 0.00000000099999999994 0.00000000099999999994 0.00000000099999999994 0.99999999300000008695 
0.00000000099999999996 0.00000000099999999996 0.00000000099999999996 0.00000000099999999996 0.00000000099999999996 0.00000000099999999996 0.00000000099999999996 0.99999999300000008695 
0.00000000099999999994 0.00000000099999999994 0.00000000099999999994 0.00000000099999999994 0.00000000099999999994 0.00000000099999999994 0.00000000099999999994 0.99999999300000008695 
0.00000000099999999993 0.00000000099999999993 0.00000000099999999993 0.00000000099999999993 0.00000000099999999993 0.00000000099999999993 0.00000000099999999993 0.99999999299999997593 
0.00000000099999999994 0.00000000099999999994 0.00000000099999999994 0.00000000099999999994 0.00000000099999999994 0.00000000099999999994 0.00000000099999999994 0.99999999299999997593 
0.00000000099999999999 0.00000000099999999999 0.00000000099999999999 0.00000000099999999999 0.00000000099999999999 0.45482509553315253470 0.00000000099999999999 0.54517489846684741295 
0.00000000099999999994 0.00000000099999999994 0.00000000099999999994 0.00000000099999999994 0.00000000099999999994 0.00000000099999999994 0.00000000099999999994 0.99999999299999997593 
0.00000000099999999999 0.00000000099999999999 0.00000000099999999999 0.00000000099999999999 0.00000000099999999999 0.40626532439783480388 0.00000000099999999999 0.59373466960216514376 
0.00000000099999999994 0.00000000099999999994 0.00000000099999999994 0.00000000099999999994 0.00000000099999999994 0.00000000099999999994 0.00000000099999999994 0.99999999299999997593 
0.00000000099999999995 0.00000000099999999995 0.00000000099999999995 0.00000000099999999995 0.00000000099999999995 0.00000000099999999995 0.00000000099999999995 0.99999999299999997593 
0.00000000099999999992 0.00000000099999999992 0.00000000099999999992 0.00000000099999999992 0.00000000099999999992 0.00000000099999999992 0.00000000099999999992 0.99999999300000008695 
0.35829669119081958284 0.02640583395467197003 0.10611678332089126420 0.00000217517059115608 0.26241994509808769243 0.00000000100000000000 0.24675856926493830446 0.00000000100000000000 
0.00000000099999999999 0.00000000099999999999 0.99999999299999997593 0.00000000099999999999 0.00000000099999999999 0.00000000099999999999 0.00000000099999999999 0.00000000099999999999 
0.11568916275569687824 0.00000000099999999999 0.88431083124430309717 0.00000000099999999999 0.00000000099999999999 0.00000000099999999999 0.00000000099999999999 0.00000000099999999999 
0.76702842683891703235 0.00000000099999999998 0.00000000099999999998 0.00000000099999999998 0.00000000099999999998 0.00000000099999999998 0.23297156716108310959 0.00000000099999999998 
0.00000028712162809007 0.00000000099999999999 0.92823830542970853230 0.00000000099999999999 0.07176140009911409490 0.00000000099999999999 0.00000000334954933030 0.00000000099999999999 
0.00000000099999999999 0.00000000099999999999 0.88996472570771956168 0.00000000099999999999 0.11003526829228053863 0.00000000099999999999 0.00000000099999999999 0.00000000099999999999 
0.09867674251715172207 0.00000000099999999999 0.90132325148284830885 0.00000000099999999999 0.00000000099999999999 0.00000000099999999999 0.00000000099999999999 0.00000000099999999999 
0.00000000100000000000 0.00000000100000000000 0.85648589963806620595 0.00072789939975507546 0.11713668200471967495 0.00000000100000000000 0.02564951495745911372 0.00000000100000000000 
0.00000000099999999999 0.00000000099999999999 0.99999999299999997593 0.00000000099999999999 0.00000000099999999999 0.00000000099999999999 0.00000000099999999999 0.00000000099999999999 
0.00798152366889211783 0.00000000100000000000 0.99136785711799424448 0.00000000100000000000 0.00000155259034274601 0.00020830787641330548 0.00044075574635770527 0.00000000100000000000 
0.00000000100000000000 0.00000000100000000000 0.90741868785808132980 0.00000000100000000000 0.00004841030568430158 0.00000000100000000000 0.09253289683623439066 0.00000000100000000000 
0.11799314181128343904 0.00000000099999999999 0.88200685218871655024 0.00000000099999999999 0.00000000099999999999 0.00000000099999999999 0.00000000099999999999 0.00000000099999999999 
0.39788565961772009993 0.01358823994164425238 0.27048549580591368935 0.03959261802310182210 0.24611964935223085149 0.00000000100000000000 0.03232833525938923896 0.00000000100000000000 
0.08183574613648557372 0.03273365755036487801 0.55569837604534344511 0.26069541605090085223 0.06839059249613693714 0.00064620972076836092 0.00000000100000000000 0.00000000100000000000 
0.00000000272183277678 0.00000000099999999999 0.91768276180482666327 0.00000000099999999999 0.00000000099999999999 0.00000000099999999999 0.08231723047334066345 0.00000000099999999999 
0.00054091871602181697 0.00000000099999999999 0.90513985426194121242 0.00000000099999999999 0.00000000099999999999 0.00000000099999999999 0.09431922202203694983 0.00000000099999999999 
0.06958938650005398741 0.00000000100000000000 0.88692078176536415235 0.00000005727270408949 0.00000000100000000000 0.00000000100000000000 0.02830693664925041514 0.01518283481262730147 
0.14625132860295136927 0.03243648344753265883 0.82131191135629233457 0.00000027259322367107 0.00000000100000000000 0.00000000100000000000 0.00000000100000000000 0.00000000100000000000 
0.00000000099999999990 0.00000000099999999990 0.00000000099999999990 0.00000000099999999990 0.00000000099999999990 0.00000000099999999990 0.99999999299999997593 0.00000000099999999990 
0.00000000099999999999 0.00000000099999999999 0.79538587948501993097 0.00000000099999999999 0.20461411451498004443 0.00000000099999999999 0.00000000099999999999 0.00000000099999999999 
0.50536235071604473923 0.00000000100000000000 0.00000000100000000000 0.00561887269777263526 0.32502523118156062543 0.00000173107430376753 0.15803545282399295013 0.00595635950632529120 
0.00000000099999999994 0.00000000099999999994 0.00000000099999999994 0.00000000099999999994 0.99999999299999997593 0.00000000099999999994 0.00000000099999999994 0.00000000099999999994 
0.00000000099999999999 0.00000000099999999999 0.88008045551594482614 0.00000000099999999999 0.11991953848405507987 0.00000000099999999999 0.00000000099999999999 0.00000000099999999999 
0.00000000099999999998 0.00000000099999999998 0.84442803085470263813 0.00000000099999999998 0.15557196314529725401 0.00000000099999999998 0.00000000099999999998 0.00000000099999999998 
0.39691717652347963119 0.00000000099999999999 0.00000000193606964527 0.00000000099999999999 0.60228900374516969318 0.00000000099999999999 0.00079381379528080550 0.00000000099999999999 
0.00000000099999999999 0.00000000099999999999 0.85798335732137065435 0.00000000099999999999 0.14201663667862926554 0.00000000099999999999 0.00000000099999999999 0.00000000099999999999 
0.00000000099999999999 0.00000000099999999999 0.91913520568042250680 0.00000000099999999999 0.06815288588763301902 0.01257842248735008793 0.00013348194459440150 0.00000000099999999999 
0.43733357782810095005 0.00000000099999999999 0.00155424116739705459 0.00000327148673827265 0.37116446682821629954 0.00000000099999999999 0.18994443968954727309 0.00000000099999999999 
0.00000000099999999999 0.00000000099999999999 0.89821129674008459709 0.00000000099999999999 0.10178869725991540607 0.00000000099999999999 0.00000000099999999999 0.00000000099999999999 
0.00000000099999999998 0.00000000099999999998 0.92896666166566610467 0.00000000099999999998 0.00000000099999999998 0.00000000099999999998 0.07103333233433392624 0.00000000099999999998 
0.42883033192184982774 0.00000000099999999999 0.00000000099999999999 0.00000000099999999999 0.57116966207815011991 0.00000000099999999999 0.00000000099999999999 0.00000000099999999999 
0.08446583318141709373 0.00000000099999999999 0.91553187828515913971 0.00000001919463412933 0.00000003502208153524 0.00000000099999999999 0.00000223131670801122 0.00000000099999999999 
0.34169668646971856907 0.00000000099999999999 0.03229779558347795759 0.00000000099999999999 0.42588177006267413649 0.00000000099999999999 0.20012374388412920712 0.00000000099999999999 
0.39099034729213288930 0.00000000099999999999 0.00000000099999999999 0.00000000099999999999 0.48955365549559526350 0.00000000099999999999 0.11945599221227176656 0.00000000099999999999 
0.00000000099999999993 0.00000000099999999993 0.00000000099999999993 0.00000000099999999993 0.99999999300000008695 0.00000000099999999993 0.00000000099999999993 0.00000000099999999993 
0.48124853980877674298 0.00000000099999999999 0.00000000099999999999 0.00000000099999999999 0.37557472576421313537 0.00000000099999999999 0.14317672942701012428 0.00000000099999999999 
0.00000000099999999998 0.00000000099999999998 0.95573453900699856245 0.00000000099999999998 0.00027165376136490700 0.00000000099999999998 0.04399380223163640996 0.00000000099999999998 
0.00000000100000000000 0.00000000100000000000 0.99522710540701186943 0.00021435825049902110 0.00000000100000000000 0.00455853134248896709 0.00000000100000000000 0.00000000100000000000 
0.16707157562636373860 0.00000000099999999999 0.83238543605814052651 0.00000007572563186160 0.00054290858986387339 0.00000000099999999999 0.00000000099999999999 0.00000000099999999999 
0.05715778627044251770 0.00000000100000000000 0.78073097112001699216 0.04313258960144079890 0.11051446444533330471 0.00000000100000000000 0.00000000100000000000 0.00846418556276653557 
0.00000000099999999999 0.00000000099999999999 0.81135079027113177208 0.00000000099999999999 0.18864920372886806454 0.00000000099999999999 0.00000000099999999999 0.00000000099999999999 
0.40876539186113375335 0.01112244515811175449 0.12084713389410142725 0.00000000100000000000 0.27556144270647514594 0.04155045297886705846 0.14215313140131088931 0.00000000100000000000 
0.00000000100000000000 0.00000002439389703110 0.87256177430425108099 0.00000000100000000000 0.12736353504947961479 0.00007466225237247066 0.00000000100000000000 0.00000000100000000000 
0.00000000100000000000 0.00035867923175430800 0.89877680761730449621 0.00000000100000000000 0.00397945396392548455 0.00000000100000000000 0.09688505518701562291 0.00000000100000000000 
0.00000000099999999998 0.00000000099999999998 0.94719316269403563968 0.00000000099999999998 0.00000000099999999998 0.00000000099999999998 0.05280683130596435654 0.00000000099999999998 
0.15972613143315136930 0.03720615541499489032 0.47945299003901431512 0.00000000099999999999 0.14712273200019274078 0.00000000099999999999 0.17649198811264660280 0.00000000099999999999 
0.00000000099999999995 0.00000000099999999995 0.00000000099999999995 0.00000000099999999995 0.99999999300000008695 0.00000000099999999995 0.00000000099999999995 0.00000000099999999995 
0.00000000099999999999 0.00000000099999999999 0.86696603763707047463 0.00000269696942056735 0.13082001318736954931 0.00000000099999999999 0.00221124820613939968 0.00000000099999999999 
0.00000000099999999999 0.00000000099999999999 0.84470247222505556728 0.00000000099999999999 0.15529752177494438037 0.00000000099999999999 0.00000000099999999999 0.00000000099999999999 
0.32884745081325855720 0.00000000099999999999 0.22886811617587943246 0.00000000099999999999 0.25043231419016109829 0.00000000099999999999 0.19185211482070091416 0.00000000099999999999 
0.99999999300000019797 0.00000000099999999995 0.00000000099999999995 0.00000000099999999995 0.00000000099999999995 0.00000000099999999995 0.00000000099999999995 0.00000000099999999995 
0.39869084650830061145 0.01127988709898163078 0.19727407666300394995 0.00755621820111171839 0.26346286979583410925 0.00000018764997612926 0.12173591308279196888 0.00000000100000000000 
0.00000000099999999999 0.00000000099999999999 0.92996841785018546922 0.00000000099999999999 0.00000000099999999999 0.00000000099999999999 0.07003157614981447843 0.00000000099999999999 
0.13219622425904503649 0.00000000099999999999 0.86780330894775392636 0.00000000099999999999 0.00000024126323085880 0.00000000099999999999 0.00000022152997030695 0.00000000099999999999 
0.18903815721033373487 0.03552899455015854496 0.77543106857174970425 0.00000000100000000000 0.00000177566775810381 0.00000000100000000000 0.00000000100000000000 0.00000000100000000000 
0.57099300648728656959 0.00000000099999999999 0.07636094186028184738 0.00000000099999999999 0.20827246988078357282 0.00000000099999999999 0.14437357777164816497 0.00000000099999999999 
0.00000000099999999995 0.00000000099999999995 0.00000000099999999995 0.00000000099999999995 0.99999999300000008695 0.00000000099999999995 0.00000000099999999995 0.00000000099999999995 
0.11658789851575603047 0.00643970475072121445 0.87697239143288652219 0.00000000100000000000 0.00000000130063621826 0.00000000100000000000 0.00000000100000000000 0.00000000100000000000 
0.03030270331986740021 0.00000000100000000000 0.96965717440991339160 0.00000000100000000000 0.00004011727021931626 0.00000000100000000000 0.00000000100000000000 0.00000000100000000000 
0.00000000099999999999 0.00000000099999999999 0.99999999299999997593 0.00000000099999999999 0.00000000099999999999 0.00000000099999999999 0.00000000099999999999 0.00000000099999999999 
0.00000000099999999999 0.00000000099999999999 0.99999999299999997593 0.00000000099999999999 0.00000000099999999999 0.00000000099999999999 0.00000000099999999999 0.00000000099999999999 
0.00748524119215909778 0.00000000099999999999 0.87512131473657073233 0.00000000099999999999 0.11738425757525922100 0.00000000099999999999 0.00000918249601082431 0.00000000099999999999 
0.00812357297246303969 0.00917841033611636881 0.85957959164376418482 0.00622606340898797846 0.09540472028530495863 0.00000000100000000000 0.02148763935336344202 0.00000000100000000000 
