0.55508929190484634919 0.00000000100000000000 0.03904251102133730889 0.00541904842178338609 0.03372484446314157058 0.32986534252213733920 0.00000029641128461689 0.03685866425546948516 
0.00000000099999999993 0.00000000099999999993 0.00000000099999999993 0.00000000099999999993 0.00000000099999999993 0.99999999300000008695 0.00000000099999999993 0.00000000099999999993 
0.26845485167706123475 0.03271885010693111745 0.00000000099999999999 0.00000000099999999999 0.00000000099999999999 0.69882629321600764349 0.00000000099999999999 0.00000000099999999999 
0.00000000099999999997 0.00000000099999999997 0.00000000099999999997 0.00000000099999999997 0.00000000099999999997 0.99999999300000008695 0.00000000099999999997 0.00000000099999999997 
0.66710074451658929462 0.00000000100000000000 0.02055857371980233245 0.05491335334643991650 0.01867843023683738585 0.23874740714627434857 0.00000035972950608129 0.00000113030455070188 
0.42142360512372711856 0.02955983445357503181 0.00000000100000000000 0.00000029267181331734 0.00000000100000000000 0.49214230757733329336 0.00000000100000000000 0.05687395717355125946 
0.58769685820297079548 0.00121634629801056120 0.00000000100000000000 0.00000000100000000000 0.00675369912397168551 0.23367217220636535280 0.02596049048549131308 0.14470043168319041138 
0.52826435502703128488 0.02960062518737227241 0.00000128721446324798 0.00000000100000000000 0.01205867768132977413 0.43003779868275254783 0.00000000100000000000 0.00003725420705079613 
0.57550345809838232558 0.00904623054980572931 0.00000041103574600983 0.00000000100000000000 0.05022396992783826480 0.31338592508719664842 0.05184000330103096660 0.00000000100000000000 
0.57293577308391852032 0.00000000100000000000 0.01203156563835050541 0.02949769817215384601 0.05398728534297592835 0.32259220018679041209 0.00000000100000000000 0.00895547557581085132 
0.99999999300000019797 0.00000000099999999999 0.00000000099999999999 0.00000000099999999999 0.00000000099999999999 0.00000000099999999999 0.00000000099999999999 0.00000000099999999999 
0.60917790403125071652 0.00000000100000000000 0.02453748580134085255 0.00000000100000000000 0.00617272106700324837 0.34445696857519297884 0.01565491752521202748 0.00000000100000000000 
0.59332579021196008018 0.05522748178779322836 0.00738008360527571145 0.00000000100000000000 0.00000000100000000000 0.34406209427178335858 0.00000454712318748300 0.00000000100000000000 
0.00000000099999999997 0.00000000099999999997 0.00000000099999999997 0.00000000099999999997 0.00000000099999999997 0.99999999299999997593 0.00000000099999999997 0.00000000099999999997 
0.46259160453724712525 0.00002748217771668914 0.03697006055561537913 0.01250153363519677062 0.00002708040761058954 0.43711476804894483505 0.00000000100000000000 0.05076746963766874676 
0.57921394230115008650 0.05846845643532597170 0.00000000100000000000 0.00000000100000000000 0.00000000100000000000 0.27921153684842631160 0.08310600377730675836 0.00000005763779107387 
0.66316792680860725540 0.01094735735574303703 0.00000001290737669066 0.00000000100000000000 0.04804202418225057836 0.27784103333493481713 0.00000164341108752339 0.00000000100000000000 
0.57302821668739223337 0.00000000100000000000 0.01861701224055889795 0.01744899857348729613 0.00000000100000000000 0.29961631770302749045 0.07118984773509801078 0.02009960506043616257 
0.58797073703881841400 0.00000000100000000000 0.09209844581836798549 0.02363481260665453026 0.00000000989241087698 0.28732135231459160485 0.00897464032915646324 0.00000000100000000000 
0.99999999300000008695 0.00000000099999999999 0.00000000099999999999 0.00000000099999999999 0.00000000099999999999 0.00000000099999999999 0.00000000099999999999 0.00000000099999999999 
0.59482580143159202724 0.00000000154073855164 0.04516787635653927296 0.04280332418469708078 0.00000000100000000000 0.31363816875355360336 0.00000000100000000000 0.00356482573287936286 
0.99999999300000019797 0.00000000099999999998 0.00000000099999999998 0.00000000099999999998 0.00000000099999999998 0.00000000099999999998 0.00000000099999999998 0.00000000099999999998 
0.58355073271107005262 0.00126830370535685141 0.03114855450935091405 0.01404540198859918938 0.01205296700030187088 0.32817621575525374178 0.02907620096799197820 0.00068162336207548289 
0.99999999300000019797 0.00000000099999999997 0.00000000099999999997 0.00000000099999999997 0.00000000099999999997 0.00000000099999999997 0.00000000099999999997 0.00000000099999999997 
0.56273801519200561394 0.00000726380954329852 0.00907854541799636532 0.01764902227359935877 0.00000000100000000000 0.31127235265597597014 0.06511167550415161709 0.03414312414672788371 
0.54792545594189168146 0.00000000100000000000 0.00000000156477706566 0.00000000100000000000 0.03215799085809848551 0.37093718317992957489 0.04886161858376395634 0.00011774787153920738 
0.99999999300000008695 0.00000000099999999998 0.00000000099999999998 0.00000000099999999998 0.00000000099999999998 0.00000000099999999998 0.00000000099999999998 0.00000000099999999998 
0.63739237694505224141 0.04449027386684616808 0.02966199766168107002 0.00000000100000000000 0.03982945298421000646 0.24862589554221056765 0.00000000100000000000 0.00000000100000000000 
0.60281593978894920660 0.04819933422058485240 0.06304192480026056533 0.00000000100000000000 0.00000000100000000000 0.28594279719020548880 0.00000000100000000000 0.00000000100000000000 
0.99999999300000008695 0.00000000099999999999 0.00000000099999999999 0.00000000099999999999 0.00000000099999999999 0.00000000099999999999 0.00000000099999999999 0.00000000099999999999 
0.56841491103998798007 0.07420897276379875840 0.02670348259427919937 0.00000000100000000000 0.00240083541542470899 0.32518157229949246068 0.00309022388701685755 0.00000000100000000000 
0.50073233725699151098 0.00001847665507948602 0.00000000099999999999 0.01031994043120751034 0.00000000099999999999 0.35526560243005289585 0.10042436975095909990 0.03323927147570955587 
0.62898807193572270346 0.04668553356737109583 0.01772113164987774298 0.02306148822318567632 0.01022405830366748987 0.19266663816561652167 0.08065307715455866111 0.00000000100000000000 
0.43267370454912812416 0.00000000100000000000 0.00000000100000000000 0.00000000100000000000 0.01035336755418249030 0.53277318264138462389 0.02419974125530462497 0.00000000100000000000 
0.38146224535874484474 0.00000022348523269581 0.00000085699110595401 0.01496541549897335323 0.03170890880365760667 0.57134559319575017877 0.00000220813938978584 0.00051454852714554193 
0.56108150499451237003 0.03252573133016421758 0.04975454786073280067 0.01867022380502268014 0.04576863130825292031 0.28811842335554876948 0.00000000100000000000 0.00408093634576643747 
0.00000000099999999993 0.00000000099999999993 0.00000000099999999993 0.00000000099999999993 0.00000000099999999993 0.99999999300000008695 0.00000000099999999993 0.00000000099999999993 
0.51859520197316977264 0.05025739779083833458 0.03498420419032011175 0.00370035669808890366 0.01631146164842935467 0.37614215124799171841 0.00000000100000000000 0.00000922545116178413 
0.99999999300000019797 0.00000000099999999995 0.00000000099999999995 0.00000000099999999995 0.00000000099999999995 0.00000000099999999995 0.00000000099999999995 0.00000000099999999995 
0.99999999300000019797 0.00000000099999999998 0.00000000099999999998 0.00000000099999999998 0.00000000099999999998 0.00000000099999999998 0.00000000099999999998 0.00000000099999999998 
0.99999999300000008695 0.00000000099999999998 0.00000000099999999998 0.00000000099999999998 0.00000000099999999998 0.00000000099999999998 0.00000000099999999998 0.00000000099999999998 
0.49606450583160005552 0.00000000100000000000 0.00000000100000000000 0.03772140112056777267 0.00000000100000000000 0.32758564390864014504 0.13830488279364688831 0.00032356334554500046 
0.56096564492211697939 0.00000000100000000000 0.01405796905433668795 0.00000000100000000000 0.03671608131641180411 0.38822488942227761921 0.00000000100000000000 0.00003541228485699656 
0.54690495378413905847 0.00000002050638359344 0.03994404400770607683 0.02663461664958722067 0.01787754966074047228 0.34197023359311046198 0.00017310323336081816 0.02649547856497216566 
0.99999999300000019797 0.00000000099999999999 0.00000000099999999999 0.00000000099999999999 0.00000000099999999999 0.00000000099999999999 0.00000000099999999999 0.00000000099999999999 
0.99999999300000008695 0.00000000099999999998 0.00000000099999999998 0.00000000099999999998 0.00000000099999999998 0.00000000099999999998 0.00000000099999999998 0.00000000099999999998 
0.52878548938007463587 0.00000000100000000000 0.03966809743219690959 0.00000000100000000000 0.00000000100000000000 0.32896300891748408990 0.05786270948759788396 0.04472069178264664879 
0.56666921925953972483 0.04330254712660803335 0.00560222060656313456 0.00000007752490222769 0.04355557506410462354 0.27570211810935224550 0.04848174290253461083 0.01668649940639534840 
0.57155754210636622314 0.00001077926889701833 0.06177690499079013103 0.00000000100000000000 0.00012739686662770403 0.24442168294600077894 0.00389494723109818156 0.11821074559021985118 
0.27146500947088791911 0.00938966617424414306 0.00000000099999999999 0.00002693429398103504 0.00000000099999999999 0.59553842659318634301 0.00000000099999999999 0.12357996046770047815 
0.58436543258376172361 0.03455126970898958483 0.00809821372850508432 0.01277349800815041035 0.00634484793916382465 0.26777626761691447621 0.07188405730819574790 0.01420641310631917675 
0.61107857323499015223 0.00000000100000000000 0.08871681002231851521 0.00000000100000000000 0.04355532255378324891 0.22829829558646391741 0.00004710459026426818 0.02830389201218000764 
0.55260446826865472492 0.00349908565531645331 0.00177551801174550823 0.02097333206877576711 0.03788099705412078383 0.38326651660297089697 0.00000000100000000000 0.00000008133841580432 
0.64013543027436525801 0.01648741908713456314 0.04230425803313305616 0.00000000100000000000 0.00589896757468060494 0.20157809368346710222 0.04327588493433750377 0.05031994541288192097 
0.29335474868972205575 0.04608324843623025358 0.00000000100000000000 0.00484250244374305906 0.00000000869026526890 0.57987118592742215029 0.00000000100000000000 0.07584830381261720156 
0.60728359118801766847 0.11724067195096089800 0.05421678112025701129 0.00000000100000000000 0.02669594886923857061 0.19456300387152589138 0.00000000100000000000 0.00000000100000000000 
0.65933811568179923057 0.00000000099999999998 0.28449349901141224306 0.00000000099999999998 0.05616838030678859839 0.00000000099999999998 0.00000000099999999998 0.00000000099999999998 
0.47837617569142915075 0.09282722167897292098 0.01731209976095941447 0.00000000100000000000 0.00000000100000000000 0.39181336661480414829 0.01867961906768117117 0.00099151518615322488 
0.51682313028108961550 0.00000699340503981031 0.02254273151619717169 0.01898353922986857970 0.00000000100000000000 0.37437962715865702457 0.06726397640914788534 0.00000000100000000000 
0.45861458697999335499 0.10413665428720948747 0.11306000111535349784 0.00000000100000000000 0.03857394391621344482 0.25013640058814518019 0.03547841111308486228 0.00000000100000000000 
0.99999999300000019797 0.00000000099999999999 0.00000000099999999999 0.00000000099999999999 0.00000000099999999999 0.00000000099999999999 0.00000000099999999999 0.00000000099999999999 
0.99997308235916537722 0.00002691164083475720 0.00000000099999999998 0.00000000099999999998 0.00000000099999999998 0.00000000099999999998 0.00000000099999999998 0.00000000099999999998 
0.59784470727534400059 0.00000000100000000000 0.00000000100000000000 0.00000000100000000000 0.04877888557341457376 0.24231467973661771631 0.02343359243550753937 0.08762813197911624441 
0.99999999300000008695 0.00000000099999999999 0.00000000099999999999 0.00000000099999999999 0.00000000099999999999 0.00000000099999999999 0.00000000099999999999 0.00000000099999999999 
0.38109778685781775520 0.05490732937104615685 0.00892588150221773451 0.00000000100000000000 0.00752191373923229156 0.46108530486609278221 0.04165814704349461023 0.04480363562009867517 
0.45445823804795215661 0.00506510371293272723 0.00732562855138228775 0.01451114803381827779 0.00041674941347983344 0.51822313024043464846 0.00000000100000000000 0.00000000100000000000 
0.00000000099999999997 0.00000000099999999997 0.00000000099999999997 0.00000000099999999997 0.00000000099999999997 0.99999999300000008695 0.00000000099999999997 0.00000000099999999997 
0.57514986179999127991 0.00001059583809675833 0.02072896398243908797 0.02075858438555574711 0.01994485294643082857 0.23909073779104667024 0.06270479446062540707 0.06161160879581432243 
0.58356300699721508352 0.00000062352471158940 0.05891421516961863752 0.00001163336263785004 0.00000004820555227522 0.27427561112367637719 0.02322494128658318321 0.06000992033000479564 
0.62480811393033153234 0.05963944475172222592 0.04129273505213348211 0.00000000100000000000 0.00012628581899054892 0.26047119498592746778 0.00000000100000000000 0.01366222346089472801 
0.44544117566222019011 0.05857303578537421257 0.00000000100000000000 0.00000000100000000000 0.00000000100000000000 0.25385351152510382544 0.21260896640876303376 0.02952330761853877439 
0.13074546445540760620 0.00000000100000000000 0.33366819393640401170 0.00000000100000000000 0.06146731679529315179 0.42275069133420295486 0.05136833047869221458 0.00000000100000000000 
0.25976322005749324928 0.01884565855397433293 0.00000000100000000000 0.03379888094111871411 0.00000000100000000000 0.64442560192434339417 0.00000000100000000000 0.04316663552307040824 
0.34292421641379644548 0.05750446147443041139 0.00000000100000000000 0.00000000339259051512 0.00000000100000000000 0.52817579281465154573 0.00000000100000000000 0.07139552290453099470 
0.54983867878668979401 0.00000000100000000000 0.07373112068586075429 0.04895654850513340983 0.02396648442756460495 0.30350661759253294569 0.00000054800221847769 0.00000000100000000000 
0.56832260857288074973 0.00000000100000000000 0.00000000100000000000 0.04219134725791971741 0.01224640908079628089 0.29983847790247419862 0.07740115418592909136 0.00000000100000000000 
0.54335123976111276978 0.00000000100000000000 0.04591747998549075560 0.00553451797854506451 0.02831354777952618459 0.32136993413181341728 0.00137407109690140133 0.05413920826661054037 
0.33048432722742299150 0.03619410644247606640 0.00000000100000000000 0.00000002556693097905 0.00000000100000000000 0.46867792717510137201 0.00000000100000000000 0.16464361058806861737 
0.99999999300000019797 0.00000000099999999997 0.00000000099999999997 0.00000000099999999997 0.00000000099999999997 0.00000000099999999997 0.00000000099999999997 0.00000000099999999997 
0.57668680237816616341 0.00000000100000000000 0.05001888590086159964 0.01977140885226095351 0.01232425975939006185 0.32288652311378218673 0.01831211799553898387 0.00000000100000000000 
0.56437659293845710007 0.00000000099999999998 0.31396115206604990888 0.00000000099999999998 0.00328067733621157298 0.00000000099999999998 0.11838157365928157760 0.00000000099999999998 
0.99999999300000019797 0.00000000099999999999 0.00000000099999999999 0.00000000099999999999 0.00000000099999999999 0.00000000099999999999 0.00000000099999999999 0.00000000099999999999 
0.47342052716202898122 0.00734056665038339360 0.04437153590455750890 0.00000001987496908701 0.00000000100000000000 0.40575534397482948545 0.00234034741142944130 0.06677165802180203003 
0.99999999300000008695 0.00000000099999999999 0.00000000099999999999 0.00000000099999999999 0.00000000099999999999 0.00000000099999999999 0.00000000099999999999 0.00000000099999999999 
0.47520850391839203342 0.00000009993352134484 0.04860152857368325863 0.00123160340982791808 0.00001046705570663196 0.30137389980149670299 0.07648937424615016856 0.09708452306122196396 
0.47359431090282566590 0.00019586486868212273 0.02248500937059192545 0.00000021003149357214 0.00000047630069037420 0.46950736207047499837 0.00000000100000000000 0.03421676545524128532 
0.24976172636973997809 0.00000000100000000000 0.00358974039279710052 0.00000000100000000000 0.00000000100000000000 0.63237549442150919887 0.00000000100000000000 0.11427303481595382784 
0.99999994457238672307 0.00000000099999999999 0.00000000099999999999 0.00000000099999999999 0.00000004942761342709 0.00000000099999999999 0.00000000099999999999 0.00000000099999999999 
0.43226685128791508816 0.00000000100000000000 0.00000000190503553100 0.00824329894373916627 0.00000000100000000000 0.48568866263420173990 0.04023350595720305567 0.03356767727190534262 
0.50074235224096352859 0.00000000100000000000 0.05073114594205328093 0.04403265572902467090 0.00000041197708371799 0.30962067845349172668 0.09476539159471399076 0.00010736306266936118 
0.46048233708038277534 0.00896201134764030259 0.00590308368847635226 0.02265264040396857900 0.00144330780174035641 0.42744700293585186079 0.03141373068837119420 0.04169588605356853994 
0.32300506932434569496 0.02900865387112810945 0.00000000100000000000 0.00000000100000000000 0.00000000100000000000 0.58027003310818736637 0.00000000100000000000 0.06771623969633887297 
0.48809164526783466176 0.00000000100000000000 0.06148473834884536637 0.00000354401668887883 0.01741260051794516622 0.32695768097696653598 0.02828079881387216693 0.07776899105784715327 
0.00000000099999999997 0.00000000099999999997 0.00000000099999999997 0.00000000099999999997 0.00000000099999999997 0.99999999299999997593 0.00000000099999999997 0.00000000099999999997 
0.99999999300000008695 0.00000000099999999999 0.00000000099999999999 0.00000000099999999999 0.00000000099999999999 0.00000000099999999999 0.00000000099999999999 0.00000000099999999999 
0.57073189577046457011 0.02623752770022080502 0.01628733721221429370 0.00000000360467862307 0.05574529413028497110 0.25338043430628010011 0.00000000100000000000 0.07761750627585665974 
0.22488548931121263297 0.00000000100000000000 0.06677692116621702922 0.00000106443000586069 0.03467906118116915321 0.00000800501755455887 0.67364945689384070349 0.00000000100000000000 
0.00000000099999999999 0.00000000099999999999 0.00000000099999999999 0.00000000099999999999 0.00000000099999999999 0.00000000099999999999 0.99999999299999997593 0.00000000099999999999 
0.16664164394678868120 0.02403162735712049275 0.11347916296784095469 0.00000000100000000000 0.02428808446113314701 0.00000000100000000000 0.67056741921883833424 0.00099206004827827690 
0.00000000099999999997 0.00000000099999999997 0.00000000099999999997 0.00000000099999999997 0.00000000099999999997 0.00000000099999999997 0.99999999299999997593 0.00000000099999999997 
0.18343171808513800136 0.02357107412862677678 0.06583856069674746958 0.00000000100000000000 0.07144038612011091582 0.00000000100000000000 0.65571823777222482121 0.00000002119715213710 
0.00000000099999999998 0.00000000099999999998 0.00000000099999999998 0.00000000099999999998 0.00000000099999999998 0.00000000099999999998 0.99999999299999986491 0.00000000099999999998 
0.00000000099999999999 0.00000000099999999999 0.00000000099999999999 0.00000000099999999999 0.00000000099999999999 0.00000000099999999999 0.99999999299999986491 0.00000000099999999999 
0.00000000099999999998 0.00000000099999999998 0.00000000099999999998 0.00000000099999999998 0.00000000099999999998 0.00000000099999999998 0.99999999299999997593 0.00000000099999999998 
0.00000000099999999999 0.00000000099999999999 0.00000000099999999999 0.00000000099999999999 0.00000000099999999999 0.00000000099999999999 0.99999999299999997593 0.00000000099999999999 
0.00000000099999999998 0.00000000099999999998 0.00000000099999999998 0.00000000099999999998 0.00000000099999999998 0.00000000099999999998 0.99999999299999986491 0.00000000099999999998 
0.13765809076845425540 0.00000013478513866751 0.07677163923045325633 0.00000000100000000000 0.04154523610363800717 0.00000000100000000000 0.74402489611231581446 0.00000000100000000000 
0.00000000099999999999 0.00000000099999999999 0.00000000099999999999 0.00000000099999999999 0.00000300351663425450 0.00000000099999999999 0.99999699048336576634 0.00000000099999999999 
0.00000000099999999998 0.00000000099999999998 0.00000000099999999998 0.00000000099999999998 0.00000000099999999998 0.00000000099999999998 0.99999999299999986491 0.00000000099999999998 
0.00000000099999999998 0.00000000099999999998 0.00000000099999999998 0.00000000099999999998 0.00000000099999999998 0.00000000099999999998 0.99999999299999997593 0.00000000099999999998 
0.00000000099999999998 0.00000000099999999998 0.00000000099999999998 0.00000000099999999998 0.00000000099999999998 0.00000000099999999998 0.99999999299999986491 0.00000000099999999998 
0.00000000099999999998 0.00000000099999999998 0.00000000099999999998 0.00000000099999999998 0.00000000099999999998 0.00000000099999999998 0.99999999299999997593 0.00000000099999999998 
0.14492590203428545870 0.00095485971274006441 0.08564420955041532335 0.00000000100000000000 0.02524349754180376521 0.00000000100000000000 0.73829921434387446588 0.00493231481688100916 
0.00000000099999999998 0.00000000099999999998 0.00000000512965964931 0.00000000099999999998 0.00000000099999999998 0.00000000099999999998 0.99999998887034025064 0.00000000099999999998 
0.00000000099999999998 0.00000000099999999998 0.00000000099999999998 0.00000000099999999998 0.00001063698413685992 0.00000000099999999998 0.99998935701586311176 0.00000000099999999998 
0.08158544859376944125 0.04932856245948803037 0.11551171378155712655 0.00000000100000000000 0.00794740279565181972 0.19879101351520508945 0.41235607220993442112 0.13447978564439397320 
0.00000000099999999999 0.00000000099999999999 0.00000000099999999999 0.00000000099999999999 0.00000000099999999999 0.00000000099999999999 0.99999999299999997593 0.00000000099999999999 
0.00000000099999999997 0.00000000099999999997 0.00000000099999999997 0.00000000099999999997 0.00000000099999999997 0.00000000099999999997 0.99999999299999997593 0.00000000099999999997 
0.00000000099999999999 0.00000000099999999999 0.00000000099999999999 0.00000000099999999999 0.00000000099999999999 0.00000000099999999999 0.99999999299999986491 0.00000000099999999999 
0.00000000099999999999 0.00000000099999999999 0.00000000099999999999 0.00277553293713518872 0.00000000099999999999 0.00000000099999999999 0.99722446106286488643 0.00000000099999999999 
0.00000000099999999998 0.00000000099999999998 0.00000000099999999998 0.00000000099999999998 0.00000000099999999998 0.00000000099999999998 0.99999999299999986491 0.00000000099999999998 
0.00000000099999999998 0.00000000099999999998 0.00000000099999999998 0.00000000099999999998 0.00000000099999999998 0.00000000099999999998 0.99999999299999997593 0.00000000099999999998 
0.00000000099999999998 0.00000000099999999998 0.00000000099999999998 0.00000000099999999998 0.00000000099999999998 0.00000000099999999998 0.99999999299999997593 0.00000000099999999998 
0.00000000099999999999 0.00000000099999999999 0.00000000099999999999 0.00000000099999999999 0.00000000099999999999 0.00000000099999999999 0.99999999299999997593 0.00000000099999999999 
0.00000000099999999997 0.00000000099999999997 0.00000000099999999997 0.00000000099999999997 0.00000000099999999997 0.00000000099999999997 0.99999999299999986491 0.00000000099999999997 
0.12603690438893325187 0.00018327441685242382 0.07729537837204665529 0.00000000100000000000 0.04341535527369869141 0.07551381237983981198 0.66349011304106320086 0.01406516112756586723 
0.00000000099999999999 0.00000000099999999999 0.00000000099999999999 0.00000000099999999999 0.00000000099999999999 0.00000000099999999999 0.99999999299999997593 0.00000000099999999999 
0.00000000099999999996 0.00000000099999999996 0.00000000099999999996 0.00000000099999999996 0.86282435441195082237 0.00000000099999999996 0.13717563958804918078 0.00000000099999999996 
0.00000000099999999995 0.00000000099999999995 0.00000000099999999995 0.00000000099999999995 0.99999999300000008695 0.00000000099999999995 0.00000000099999999995 0.00000000099999999995 
0.00000000099999999995 0.00000000099999999995 0.00000000099999999995 0.00000000099999999995 0.99999999299999997593 0.00000000099999999995 0.00000000099999999995 0.00000000099999999995 
0.00000000099999999995 0.00000000099999999995 0.00000000099999999995 0.00000000099999999995 0.99999999300000008695 0.00000000099999999995 0.00000000099999999995 0.00000000099999999995 
0.00000000099999999994 0.00000000099999999994 0.00000000099999999994 0.00000000099999999994 0.99999999300000008695 0.00000000099999999994 0.00000000099999999994 0.00000000099999999994 
0.00000000099999999993 0.00000000099999999993 0.00000000099999999993 0.00000000099999999993 0.99999999299999997593 0.00000000099999999993 0.00000000099999999993 0.00000000099999999993 
0.00000000099999999994 0.00000000099999999994 0.00000000099999999994 0.00000000099999999994 0.99999999300000008695 0.00000000099999999994 0.00000000099999999994 0.00000000099999999994 
0.00000000099999999995 0.00000000099999999995 0.00000000099999999995 0.00000000099999999995 0.99999999299999997593 0.00000000099999999995 0.00000000099999999995 0.00000000099999999995 
0.00000000099999999993 0.00000000099999999993 0.00000000099999999993 0.00000000099999999993 0.99999999299999997593 0.00000000099999999993 0.00000000099999999993 0.00000000099999999993 
0.00000000099999999993 0.00000000099999999993 0.00000000099999999993 0.00000000099999999993 0.99999999300000008695 0.00000000099999999993 0.00000000099999999993 0.00000000099999999993 
0.00000000099999999994 0.00000000099999999994 0.00000000099999999994 0.00000000099999999994 0.99999999300000008695 0.00000000099999999994 0.00000000099999999994 0.00000000099999999994 
0.00000000099999999995 0.00000000099999999995 0.00000000099999999995 0.00000000099999999995 0.99999999299999997593 0.00000000099999999995 0.00000000099999999995 0.00000000099999999995 
0.00000000099999999999 0.00000000099999999999 0.62235618920569557577 0.00000000099999999999 0.37764380479430437187 0.00000000099999999999 0.00000000099999999999 0.00000000099999999999 
0.00000000099999999993 0.00000000099999999993 0.00000000099999999993 0.00000000099999999993 0.99999999299999997593 0.00000000099999999993 0.00000000099999999993 0.00000000099999999993 
0.00000000099999999994 0.00000000099999999994 0.00000000099999999994 0.00000000099999999994 0.99999999300000008695 0.00000000099999999994 0.00000000099999999994 0.00000000099999999994 
0.00000000099999999994 0.00000000099999999994 0.00000000099999999994 0.00000000099999999994 0.99999999299999997593 0.00000000099999999994 0.00000000099999999994 0.00000000099999999994 
0.00000000099999999996 0.00000000099999999996 0.00000000099999999996 0.00000000099999999996 0.99999999299999997593 0.00000000099999999996 0.00000000099999999996 0.00000000099999999996 
0.00000000099999999994 0.00000000099999999994 0.00000000099999999994 0.00000000099999999994 0.99999999299999997593 0.00000000099999999994 0.00000000099999999994 0.00000000099999999994 
0.00000000099999999993 0.00000000099999999993 0.00000000099999999993 0.00000000099999999993 0.99999999299999997593 0.00000000099999999993 0.00000000099999999993 0.00000000099999999993 
0.00000000099999999994 0.00000000099999999994 0.00000000099999999994 0.00000000099999999994 0.99999999299999997593 0.00000000099999999994 0.00000000099999999994 0.00000000099999999994 
0.00000000099999999999 0.00000000099999999999 0.45314441017022583091 0.00000000099999999999 0.54685558382977406122 0.00000000099999999999 0.00000000099999999999 0.00000000099999999999 
0.00000000099999999994 0.00000000099999999994 0.00000000099999999994 0.00000000099999999994 0.99999999299999997593 0.00000000099999999994 0.00000000099999999994 0.00000000099999999994 
0.00000000099999999999 0.00000000099999999999 0.40358924570526188980 0.00000000099999999999 0.59641074829473816887 0.00000000099999999999 0.00000000099999999999 0.00000000099999999999 
0.00000000099999999994 0.00000000099999999994 0.00000000099999999994 0.00000000099999999994 0.99999999299999997593 0.00000000099999999994 0.00000000099999999994 0.00000000099999999994 
0.00000000099999999995 0.00000000099999999995 0.00000000099999999995 0.00000000099999999995 0.99999999300000008695 0.00000000099999999995 0.00000000099999999995 0.00000000099999999995 
0.00000000099999999992 0.00000000099999999992 0.00000000099999999992 0.00000000099999999992 0.99999999300000008695 0.00000000099999999992 0.00000000099999999992 0.00000000099999999992 
0.02500829338110933941 0.52805212169402981903 0.00000000100000000000 0.30417063418219719706 0.00000000100000000000 0.00000000100000000000 0.01698529245879306163 0.12578365528387064343 
0.00000000099999999999 0.00000000099999999999 0.00000000099999999999 0.00000000099999999999 0.00000000099999999999 0.00000000099999999999 0.00000000099999999999 0.99999999300000008695 
0.00000000099999999999 0.06451707921160693138 0.00000000099999999999 0.00000000099999999999 0.00000000099999999999 0.00000000099999999999 0.00000000099999999999 0.93548291478839296076 
0.00000000099999999999 0.68190195100642236881 0.00000000099999999999 0.29735433758485857458 0.00000000099999999999 0.00000000099999999999 0.00000000099999999999 0.02074370640871913557 
0.00000000099999999999 0.00000003003891708784 0.00000000099999999999 0.01872149471905781154 0.00000000099999999999 0.00005140802706880449 0.00000000099999999999 0.98122706321495634096 
0.00004886004296683365 0.05810552971306032211 0.00000000099999999999 0.00000000099999999999 0.00000000099999999999 0.00000000099999999999 0.00000000099999999999 0.94184560524397276104 
0.00000000099999999999 0.00240812355288996414 0.00000000099999999999 0.00000000099999999999 0.00000000099999999999 0.00000000099999999999 0.00000000099999999999 0.99759187044711006287 
0.00000000100000000000 0.00031821940548278543 0.00000000100000000000 0.05537683370931728577 0.00000000100000000000 0.06379631807523278297 0.00000000100000000000 0.88050862480996716641 
0.00000000099999999999 0.00000000099999999999 0.00000000099999999999 0.00000000099999999999 0.00000000099999999999 0.00000000099999999999 0.00000000099999999999 0.99999999299999997593 
0.00000000100000000000 0.00000000100000000000 0.00003898775915342065 0.00000003206206973379 0.00000000100000000000 0.00000000100000000000 0.00000000100000000000 0.99996097517877691185 
0.00001717334379543694 0.00000175834352993545 0.00000000100000000000 0.06103791195258725238 0.00000000100000000000 0.00000000100000000000 0.00000000100000000000 0.93894315236008740744 
0.00000000100000000000 0.03517276517007319331 0.00000000100000000000 0.00000000100000000000 0.00000000100000000000 0.03771877648508062397 0.00000000100000000000 0.92710845334484615066 
0.00000071457771194469 0.50178971419882290039 0.00000000100000000000 0.12190549192925173583 0.00000000100000000000 0.06280019108448166298 0.01348836178887583177 0.30001552442085610561 
0.05109307105755062778 0.10020156560353951636 0.00250761956974689072 0.00000000100000000000 0.00000000100000000000 0.26083801341114515315 0.03917173461340548585 0.54618799374461224350 
0.00000000099999999999 0.00000000099999999999 0.00000000099999999999 0.05875665115849166426 0.00000000099999999999 0.00000000099999999999 0.00000000099999999999 0.94124334284150834584 
0.00000000099999999999 0.00000000099999999999 0.00000000099999999999 0.07004962277358352252 0.00000000099999999999 0.00000000099999999999 0.00000000099999999999 0.92995037122641643901 
0.00116118302689431283 0.00000000100000000000 0.00000000100000000000 0.04564606625838218273 0.01711260317074030438 0.00000000100000000000 0.00000000100000000000 0.93608014354398316748 
0.00000000100000000000 0.10963426681716785527 0.00000000100000000000 0.00000000100000000000 0.00000000100000000000 0.03357264969298096036 0.02862002759523763276 0.82817305189461354331 
0.00000000099999999989 0.00000000099999999989 0.00000000099999999989 0.99999999299999997593 0.00000000099999999989 0.00000000099999999989 0.00000000099999999989 0.00000000099999999989 
0.02638903159045898061 0.14349311214161936112 0.00000000100000000000 0.00000000977741408070 0.00000000100000000000 0.00000000100000000000 0.00000000100000000000 0.83011784249050757367 
0.02475808172997193829 0.75599321771182803609 0.00000000100000000000 0.21900169644331804464 0.00024700011488200206 0.00000000100000000000 0.00000000100000000000 0.00000000100000000000 
0.00000000100000000000 0.63456446205303285168 0.00000000100000000000 0.23346591364769148091 0.00657572362032030587 0.07825046166131463532 0.00000000889594122501 0.04714342812169977637 
0.00000000099999999999 0.00007754727637807918 0.00000000099999999999 0.01403589787235057056 0.00000000099999999999 0.00000000099999999999 0.00000000099999999999 0.98588654985127122110 
0.00000000099999999999 0.00004575489477289357 0.00000000099999999999 0.01762596986593948159 0.00000000099999999999 0.00000000099999999999 0.00000000099999999999 0.98232827023928759314 
0.00000021912352116760 0.65729852426852897196 0.00000000100000000000 0.24033483379330836116 0.00704758784334384887 0.00753338215392270177 0.01271925555210334617 0.07506619626527158418 
0.00000000099999999999 0.07079702789592090539 0.00000000099999999999 0.00000000099999999999 0.00000000099999999999 0.00000000099999999999 0.00000000099999999999 0.92920296610407915328 
0.00000000099999999999 0.00000000099999999999 0.01525732045777096306 0.00000356294625415051 0.00000000099999999999 0.00000000099999999999 0.00000000099999999999 0.98473911159597493636 
0.00000000099999999999 0.66757527229657609436 0.00000000099999999999 0.27776946046732808870 0.00000000099999999999 0.02709539710281170383 0.00000000099999999999 0.02755986613328401114 
0.00000000099999999999 0.00000715450710414219 0.00000000099999999999 0.00862977003031329716 0.00000000099999999999 0.00000000099999999999 0.00000000099999999999 0.99136307046258254072 
0.00000000099999999998 0.00000000099999999998 0.00000000099999999998 0.04034658545925001033 0.00000000099999999998 0.00000000099999999998 0.00000000099999999998 0.95965340854074998589 
0.00000000099999999997 0.99999999300000019797 0.00000000099999999997 0.00000000099999999997 0.00000000099999999997 0.00000000099999999997 0.00000000099999999997 0.00000000099999999997 
0.00000000099999999999 0.00445723751610241532 0.00000000099999999999 0.02446494735916436569 0.00000000099999999999 0.00545566464370537876 0.00000000099999999999 0.96562214648102784320 
0.00000000099999999999 0.66776098851335929929 0.00000000099999999999 0.27054027722977497250 0.00000000099999999999 0.00000000099999999999 0.00000000099999999999 0.06169872925686585574 
0.00000000099999999999 0.81022516986521397886 0.00000000099999999999 0.18977482413478602430 0.00000000099999999999 0.00000000099999999999 0.00000000099999999999 0.00000000099999999999 
0.00000000339374501012 0.61440193593205905120 0.00000000100000000000 0.29612651930217592788 0.00000000100000000000 0.02501024748010467064 0.00000000100000000000 0.06446129089191536543 
0.00000000099999999999 0.76120895590635051509 0.00000000099999999999 0.23879103809364965461 0.00000000099999999999 0.00000000099999999999 0.00000000099999999999 0.00000000099999999999 
0.00000000099999999998 0.00000000099999999998 0.00000000099999999998 0.01168257168159051243 0.00000000099999999998 0.00000000099999999998 0.00000000099999999998 0.98831742231840957746 
0.00299575113439627411 0.00000000100000000000 0.00557200568803688581 0.00000000100000000000 0.00000000100000000000 0.00000000100000000000 0.00000000100000000000 0.99143223817756676031 
0.01519356002679280934 0.15034620804610360212 0.00000000099999999999 0.00000000099999999999 0.00000000099999999999 0.00000000099999999999 0.00000000099999999999 0.83446022692710364321 
0.00001591190458423360 0.11235979494208234164 0.00000000100000000000 0.00000021462442184556 0.01151317765392254056 0.06435407841076221103 0.00000000100000000000 0.81175682046422681371 
0.00000000099999999999 0.17166253842925532913 0.00000000099999999999 0.00000000099999999999 0.00000000099999999999 0.00000000099999999999 0.00000000099999999999 0.82833745557074467403 
0.02781702043724241027 0.57761158073053697759 0.03802985524057189010 0.20723552065711614567 0.00000000100000000000 0.00000000100000000000 0.00479630607616487147 0.14450971485836766606 
0.00000000100000000000 0.00000000100000000000 0.00414949757874111258 0.02394722103214596415 0.00000000100000000000 0.00000000100000000000 0.01718247301891504333 0.95472080437019779531 
0.00000000100000000000 0.07591719536858146378 0.00000000100000000000 0.02791842296403281715 0.00000000100000000000 0.00000000100000000000 0.00748935395490029493 0.88867502371248530135 
0.00000000099999999998 0.00000000099999999998 0.00000000099999999998 0.01742265877815274769 0.00000000099999999998 0.00000000099999999998 0.00000000099999999998 0.98257733522184731445 
0.00000000099999999999 0.27864353340281849958 0.00000000099999999999 0.18065265025220203499 0.00000000099999999999 0.01220015369280614409 0.03935917535282736079 0.48914448429934570539 
0.00000032989910633987 0.46836780934057925530 0.00943258309086592202 0.17541149136744654813 0.00566191658699880147 0.00000000100000000000 0.00607842937175481074 0.33504743934324848764 
0.00000120860643708631 0.11045949140706336211 0.00000000099999999999 0.00000115755991010954 0.00000000099999999999 0.00000002484020995273 0.00000000099999999999 0.88953811458637954690 
0.00001138813854019733 0.07205816803710611562 0.00000000100000000000 0.00000000100000000000 0.00008812023694548065 0.00000000100000000000 0.00000000271511977984 0.92784231787228843569 
0.00000000099999999999 0.48182948641686301761 0.00000000099999999999 0.25332171953528392905 0.00000000099999999999 0.00000000099999999999 0.00000000099999999999 0.26484878904785302822 
0.00000000100000000000 0.67202729018818008200 0.01019234265234170329 0.18981380768704853024 0.00487764727534238923 0.00001266690547144520 0.01884919425356666040 0.10422705003804945412 
0.00000011265282145292 0.52667888631962445078 0.00000000100000000000 0.20389680737371393415 0.00000000100000000000 0.02701626854240213663 0.01204586540868098424 0.23036205770275711147 
0.00000000099999999999 0.00000000099999999999 0.00000000099999999999 0.04764012570922904199 0.00000000099999999999 0.00929869646946437055 0.00000000099999999999 0.94306117282130663693 
0.00000000099999999999 0.11827033400934720830 0.00000000099999999999 0.00000000099999999999 0.00000000099999999999 0.00000000099999999999 0.00000000099999999999 0.88172965999065278098 
0.00000000100000000000 0.14654683109043198375 0.00000000100000000000 0.00000000606493310275 0.00000000100000000000 0.04392552230289502313 0.03249861257960984240 0.77702902496212999939 
0.00000000100000000000 0.63831588020737073386 0.00000000100000000000 0.23822143273701751331 0.00000000100000000000 0.00000205798336633319 0.00000000100000000000 0.12346062507224558891 
0.00000000100000000000 0.63420807455765015881 0.00000000100000000000 0.23747814492362007144 0.00876932212081662707 0.00000000100000000000 0.00000000100000000000 0.11954445439791325234 
0.00000000100000000000 0.06544121307065402238 0.00000000100000000000 0.00000021219846404189 0.00000000100000000000 0.00000000100000000000 0.02286491834844714757 0.91169365238243482708 
0.00000000099999999999 0.00000094597203212464 0.00000000099999999999 0.00000000099999999999 0.00000000099999999999 0.00000000099999999999 0.00000000099999999999 0.99999904802796779624 
0.00000000099999999999 0.00000000099999999999 0.00000000099999999999 0.00000000099999999999 0.00000000099999999999 0.00000000099999999999 0.00000000099999999999 0.99999999299999997593 
0.00000000099999999999 0.00000000099999999999 0.00000000099999999999 0.00000000099999999999 0.00000000099999999999 0.00000008940071719302 0.00000000099999999999 0.99999990459928278508 
0.00000000099999999999 0.08808599430806519914 0.00000000099999999999 0.00291500809644566240 0.00000000099999999999 0.00000000394097641945 0.00000000099999999999 0.90899898965451275679 
0.00000196919886502533 0.09648898539120126516 0.00000000100000000000 0.00033398554902454216 0.00000000100000000000 0.01989062058285893941 0.00986555934692128281 0.87341887793112893412 
