0.00058673408458456591 0.03944748024337203091 0.02941084544680114612 0.30614250571882734020 0.58116180701672348619 0.00000000100000000000 0.04325043620973125641 0.00000019027996016907 
0.00000000099999999994 0.00000000099999999994 0.00000000099999999994 0.99999999299999997593 0.00000000099999999994 0.00000000099999999994 0.00000000099999999994 0.00000000099999999994 
0.00000000099999999999 0.00000000099999999999 0.00000000099999999999 0.67926424878217295245 0.30355258840439064416 0.01718315781343633664 0.00000000099999999999 0.00000000099999999999 
0.00000000099999999998 0.00000000099999999998 0.00000000099999999998 0.99999999300000008695 0.00000000099999999998 0.00000000099999999998 0.00000000099999999998 0.00000000099999999998 
0.00000000099999999999 0.00000000099999999999 0.00000000099999999999 0.00000000099999999999 0.99999998345207530281 0.00000001054792475296 0.00000000099999999999 0.00000000099999999999 
0.00024133108541952129 0.00000000100000000000 0.00000000100000000000 0.54654362992515137520 0.38324192922585570420 0.00085500819976485189 0.06911809856380847494 0.00000000100000000000 
0.17977415676115082732 0.00000000100000000000 0.00895393915408844963 0.19448760433791534297 0.61450083118222054157 0.00000000100000000000 0.00000000100000000000 0.00228346556462495111 
0.00000000100000000000 0.00000423782482017663 0.01020566662443798782 0.43286081257621156215 0.53154527671515960918 0.00124728587216850657 0.02413671838720217455 0.00000000100000000000 
0.00000000099999999999 0.00000000099999999999 0.00016622619636154617 0.00000000099999999999 0.99983376780363852898 0.00000000099999999999 0.00000000099999999999 0.00000000099999999999 
0.00000000099999999999 0.00000000099999999999 0.00000000099999999999 0.00000000099999999999 0.99999999299999997593 0.00000000099999999999 0.00000000099999999999 0.00000000099999999999 
0.00000000100000000000 0.04367375374245126979 0.01852935541750121845 0.18367322202691904742 0.64972263341759395328 0.03457219392779031092 0.00000000100000000000 0.06982883946774423589 
0.00000000100000000000 0.02716917089212879388 0.00432083733455612684 0.34925160327229409774 0.60532352191111471473 0.00000000100000000000 0.00000000100000000000 0.01393486358990618686 
0.00261863583985171705 0.00010627031939688798 0.00000000100000000000 0.37087900222142777817 0.62639334860476758582 0.00000273199914676371 0.00000000100000000000 0.00000000901540928087 
0.00026287275197871501 0.00000000100000000000 0.00000000100000000000 0.67172633132622094898 0.25179552248377329304 0.00000000100000000000 0.07621526943802722776 0.00000000100000000000 
0.01431871576146554262 0.04259441448837236743 0.00001255666636702465 0.48541168104185727916 0.41664330093681073430 0.00007620330791739609 0.04094304811586674253 0.00000007968134289355 
0.00000000100000000000 0.00000000100000000000 0.00000000100000000000 0.25818619053202884750 0.60924635807891636130 0.02040355383892235308 0.03067128935602084217 0.08149260519411154202 
0.00000000100000000000 0.00000000528368515294 0.04573304948327308606 0.27864429183368205623 0.67506060468697892674 0.00036178692990211224 0.00000000100000000000 0.00020025978247862792 
0.00000000100000000000 0.02079093857707341175 0.00000000100000000000 0.30176523329817556140 0.57261750174454506546 0.00000041793695188732 0.03895673831310123708 0.06586916813015289418 
0.00000261253401059007 0.08762399117029399942 0.00000000100000000000 0.27614236672849684640 0.61925155609423665481 0.00985700264823731291 0.00000000100000000000 0.00712246882472456540 
0.00000000100000000000 0.04506211679900388317 0.00115809667779930470 0.19779012318286062766 0.66658869989615321394 0.00000017923582402460 0.00000000100000000000 0.08940078220835891154 
0.00000000100000000000 0.04756825210127550718 0.00000000100000000000 0.31113250411062376433 0.59017941845001875567 0.02714478154738728805 0.02397504079069474880 0.00000000100000000000 
0.00000000099999999998 0.00000000099999999998 0.00000000099999999998 0.00000000099999999998 0.99999999299999997593 0.00000000099999999998 0.00000000099999999998 0.00000000099999999998 
0.00712264661416885971 0.02947502212623650739 0.00844028949368368607 0.32776847593805696901 0.58033175594064223546 0.00591608119283061444 0.00000955136365878828 0.04093617733072228010 
0.00000000099999999997 0.00000000099999999997 0.00000000099999999997 0.00000000099999999997 0.99999999299999997593 0.00000000099999999997 0.00000000099999999997 0.00000000099999999997 
0.00000000100000000000 0.01455576343179017761 0.00000000100000000000 0.34125093208244022813 0.52788727203758167850 0.00313404352621272399 0.05199159422806009373 0.06118039269391517543 
0.02686856315881971241 0.00000001120568002257 0.03392386434177337151 0.33935623534356318398 0.55888496631436279660 0.00000000100000000000 0.00000000100000000000 0.04096635763580088602 
0.00000000099999999999 0.00000000099999999999 0.00000000099999999999 0.00000000099999999999 0.99999971916480923095 0.00000000099999999999 0.00000027483519080470 0.00000000099999999999 
0.00000372813657919915 0.02771036137444660152 0.03321649670714255098 0.24173264262986521311 0.68064751594812666902 0.01633226302394661517 0.00035699117989307372 0.00000000100000000000 
0.00000000100000000000 0.06282346933989690907 0.00000000100000000000 0.29968479696439231930 0.61390266177912267143 0.02289322472288861030 0.00067645584834842370 0.00001938934535108160 
0.00000000100000000000 0.04133260450826682642 0.00000000100000000000 0.25650980908887288656 0.69862890914353203975 0.00352804956681209737 0.00000009315873248493 0.00000053253378378063 
0.00000000100000000000 0.02916112172472325875 0.00167280236246481525 0.33805909311218179658 0.56309892511081693911 0.03177667592990735673 0.03220859099365871309 0.00402278976624719387 
0.00000218749398425768 0.00000000099999999999 0.00000000099999999999 0.40581989988603073272 0.46657694808741984049 0.00000007987841060577 0.03782736981938157605 0.08977351283477302823 
0.00000000099999999999 0.00000000099999999999 0.00000000099999999999 0.00000000099999999999 0.99999999300000008695 0.00000000099999999999 0.00000000099999999999 0.00000000099999999999 
0.00000000100000000000 0.00000000100000000000 0.00981379785090666021 0.52430224885200160667 0.44085712234147533817 0.00000000100000000000 0.00000000100000000000 0.02502682695561654971 
0.00003867202619322941 0.00002826262232755186 0.03392299654459509511 0.56185421157648929302 0.38353008425325085806 0.00445720479093614230 0.01615707022319044436 0.00001149796301752476 
0.00895110288096550959 0.05220503578142808576 0.04352734111095177966 0.29805319401926172462 0.55854751060799934237 0.03117501618004890271 0.00754079841934462460 0.00000000100000000000 
0.00000000099999999994 0.00000000099999999994 0.00000000099999999994 0.99999999299999997593 0.00000000099999999994 0.00000000099999999994 0.00000000099999999994 0.00000000099999999994 
0.00000000100000000000 0.03807183614448447079 0.01678776985911704239 0.39221399406620566230 0.48813152171823476211 0.01793949297036346452 0.04685538324159446710 0.00000000100000000000 
0.00000000099999999996 0.00000000099999999996 0.00000000099999999996 0.00000000099999999996 0.99999999300000008695 0.00000000099999999996 0.00000000099999999996 0.00000000099999999996 
0.00000000099999999998 0.00000000099999999998 0.00000000099999999998 0.00000000099999999998 0.99999999300000008695 0.00000000099999999998 0.00000000099999999998 0.00000000099999999998 
0.00000000099999999998 0.00000000099999999998 0.00000000099999999998 0.00000000099999999998 0.99999999300000008695 0.00000000099999999998 0.00000000099999999998 0.00000000099999999998 
0.01254024817534267304 0.00000000100000000000 0.00000000100000000000 0.33116343068313841558 0.51252616919114546423 0.01507100385406002704 0.00000145258308906367 0.12869769351322457585 
0.00911986374414055188 0.01840879928773505106 0.03530666209785175008 0.40985006194598194718 0.52731460992429068924 0.00000000100000000000 0.00000000100000000000 0.00000000100000000000 
0.00000000100000000000 0.04345947209338031636 0.01663191378381555924 0.35001981792906067259 0.53303274491301777527 0.00660549030122006831 0.04948941512957688582 0.00076114484992868586 
0.00000000100000000000 0.00947681648000244826 0.01528122601455780653 0.27365284833858105618 0.60955364572212744623 0.00000000100000000000 0.07708570184152975513 0.01494975960320168128 
0.00000000099999999998 0.00000000099999999998 0.00000000099999999998 0.00000000099999999998 0.99999999299999997593 0.00000000099999999998 0.00000000099999999998 0.00000000099999999998 
0.03254735106509711734 0.04295683156050945223 0.00000000100000000000 0.33244368573743537931 0.53885201101552326897 0.00000000100000000000 0.00708709863155883735 0.04611301998987597101 
0.01631186140079119232 0.00660457287223894639 0.03960601622947106798 0.28225063373535236311 0.56743961730842251701 0.01959261807826577842 0.01366080123806399926 0.05453387913739413811 
0.00000008779416300130 0.06288236658112329736 0.00028191708517485867 0.25593574299685595275 0.55262412502702340511 0.00000000100000000000 0.12177267979214054239 0.00650307972351894803 
0.00000000099999999999 0.00000000099999999999 0.00000000099999999999 0.62608830751156296923 0.24032582313852199341 0.00000014522025899848 0.13358572012965594378 0.00000000099999999999 
0.00000000100000000000 0.01545226185890167560 0.00550384139829812342 0.28799304193947899977 0.55679803228058855069 0.01922296742700594849 0.04623761342046837225 0.06879224067525838149 
0.00000000100000000000 0.09295161360657132332 0.04030941691647497299 0.21891903544094884482 0.60326828424693945685 0.00000000100000000000 0.04306907668902910935 0.00148257110003636246 
0.00043708528867952785 0.00580345461632328970 0.03564768692776365544 0.39689233306829735382 0.54271863539449893832 0.01850016089960689752 0.00000064280483026745 0.00000000100000000000 
0.06401347142533354850 0.04209983564361554492 0.00415999729976877092 0.20549790291743458281 0.64127276885506256932 0.00000000100000000000 0.00034195515073334195 0.04261406770805162975 
0.07356291233588233003 0.00000000100000000000 0.00000000100000000000 0.54028020662807452190 0.33578241591887642015 0.02023425159405673260 0.03014021052310995180 0.00000000100000000000 
0.00000000100000000000 0.05505800757987770744 0.02657817679176163045 0.22177309408164602722 0.61259964327759264258 0.07781804279789067413 0.00617300174292437220 0.00000003272830698917 
0.00000000099999999998 0.27972554988784131824 0.04992176858535713607 0.00000000099999999998 0.67035267652680141648 0.00000000099999999998 0.00000000099999999998 0.00000000099999999998 
0.00593174516465374332 0.02407421972846945923 0.00000000100000000000 0.41825403214387490980 0.48717783260700592285 0.03823423422171178671 0.02101344958787856529 0.00531448554640553267 
0.00566859388825629619 0.02245058094866200435 0.00000000100000000000 0.36172914259061456077 0.54790930012673999538 0.00892717111633325490 0.00000000100000000000 0.05331520932939397273 
0.00000000456638340211 0.11277951304695170431 0.03483133294048800649 0.26824257385127586728 0.47632386183222685805 0.06327082399367232879 0.00000000100000000000 0.04455188876900181144 
0.00000000099999999999 0.00000000099999999999 0.00000000099999999999 0.00000000099999999999 0.99999999300000008695 0.00000000099999999999 0.00000000099999999999 0.00000000099999999999 
0.00000000099999999999 0.00000000099999999999 0.00000000099999999999 0.00000000099999999999 0.93101898767574298166 0.00000002944639568820 0.06898097787786124091 0.00000000099999999999 
0.09625899410705521242 0.00000000100000000000 0.05410090960139798955 0.23577856172485717190 0.60546283403512268784 0.00000000100000000000 0.00000000100000000000 0.00839869753156705610 
0.00000000099999999999 0.00000000099999999999 0.00000000099999999999 0.00000000099999999999 0.99999999300000008695 0.00000000099999999999 0.00000000099999999999 0.00000000099999999999 
0.00000445715912026417 0.01297846095046942434 0.00782588115142613533 0.47835385888062337267 0.39201272159379341176 0.00196182461057525055 0.07756020418589934518 0.02930259146809267509 
0.00000000100000000000 0.00976077479495935166 0.00181230902743634314 0.55165382740271839968 0.42421928466193975504 0.01251663386002380834 0.00003716825292241049 0.00000000100000000000 
0.00000000099999999998 0.00000000099999999998 0.00000000099999999998 0.99999999300000008695 0.00000000099999999998 0.00000000099999999998 0.00000000099999999998 0.00000000099999999998 
0.08409967094673466426 0.01612553909721632650 0.01883895757395592785 0.21896592991193866706 0.58378920386801347320 0.00756140294938330380 0.00062104036085794281 0.06999825529189986073 
0.06346282426243847474 0.06351349725579526206 0.00000200925420773003 0.25589829226163401943 0.60222690610828966129 0.00000000100000000000 0.00467099602005949504 0.01022547383757538286 
0.00000014301207683179 0.00000000099999999999 0.00000000099999999999 0.00000000099999999999 0.99999985098792310012 0.00000000099999999999 0.00000000099999999999 0.00000000099999999999 
0.00001364743775328108 0.00000000100000000000 0.00000000100000000000 0.28099313349344556823 0.44404564031767190802 0.02193039842260029529 0.04867068424594506865 0.20434649408258406811 
0.00000000100000000000 0.33245704920627006107 0.05988824824509079991 0.41872059199763567161 0.13352635826818709530 0.00000000100000000000 0.00000000100000000000 0.05540774928281647776 
0.00000000099999999998 0.00000000099999999998 0.00000000099999999998 0.99999999299999997593 0.00000000099999999998 0.00000000099999999998 0.00000000099999999998 0.00000000099999999998 
0.00000006436516890260 0.00000000100000000000 0.00000000100000000000 0.56393755276772161711 0.31873457263029003617 0.02786884578535687301 0.08945896145146256528 0.00000000100000000000 
0.00000000100000000000 0.07304602086015560269 0.02150512583804481057 0.29683313067890026993 0.57074719570009535552 0.03784881863099923138 0.00000000100000000000 0.00001970629180464919 
0.00000000100000000000 0.00000000100000000000 0.01052921705262552590 0.30802269773391266483 0.58687734176206207692 0.02314238620135780980 0.00059067540151435381 0.07083767984852749888 
0.00165210022385310325 0.04564979041352078964 0.02622087423594712113 0.31288305668705701512 0.55795687997357024113 0.00000000100000000000 0.05563706920329610645 0.00000022826275573803 
0.03555918288569629576 0.00000000100000000000 0.00000000100000000000 0.51576968571243753114 0.30158160307223030872 0.00236624958377924972 0.14472327574585672205 0.00000000100000000000 
0.00000000099999999997 0.00000000099999999997 0.00000000099999999997 0.00000000099999999997 0.99999999299999997593 0.00000000099999999997 0.00000000099999999997 0.00000000099999999997 
0.00000000100000000000 0.04837183327953585577 0.01222257109704527958 0.31363144147013349849 0.60867550281942450763 0.00585437213782369435 0.00000000100000000000 0.01124427719603713488 
0.00000000099999999998 0.30755243778628160722 0.00091391194664866267 0.00000000099999999998 0.55734868960637462543 0.00000000099999999998 0.00000000099999999998 0.13418495666069513161 
0.00000000099999999999 0.00000000099999999999 0.00000000099999999999 0.00000000099999999999 0.99999999300000008695 0.00000000099999999999 0.00000000099999999999 0.00000000099999999999 
0.07441750224311101392 0.04429914960982291039 0.00000000100000000000 0.40815382349315093569 0.47312024478738218258 0.00000148726915075380 0.00000004483815190915 0.00000774675923037501 
0.00000000099999999999 0.00000000099999999999 0.00032478328896611670 0.00000000099999999999 0.99967521071103382369 0.00000000099999999999 0.00000000099999999999 0.00000000099999999999 
0.13549834745637598377 0.05116336552441742153 0.00011412537708157005 0.25999175432737114955 0.48631437048609987839 0.00000000100000000000 0.00000000100000000000 0.06691803482865404940 
0.06185825297160214148 0.02638187187107090756 0.00000772382565386819 0.43917379589662236539 0.47257835243505075251 0.00000000100000000000 0.00000000100000000000 0.00000000100000000000 
0.00000000099999999998 0.00000000099999999998 0.00000000099999999998 0.99999999300000008695 0.00000000099999999998 0.00000000099999999998 0.00000000099999999998 0.00000000099999999998 
0.00000000100000000000 0.06112722687545276562 0.01900318573424809865 0.00005539356950833720 0.78013316956260980728 0.00000000100000000000 0.09528472569759829924 0.04439629656058270701 
0.05693789545538323338 0.00164451483528711630 0.00234179251729941954 0.48558361563838753350 0.43800716394201166803 0.00000000100000000000 0.00000000100000000000 0.01548501561163113070 
0.01522978067637182839 0.04946291310702955607 0.00000011161252877719 0.30443939648287132727 0.51259906430056789706 0.02473161893761935751 0.00000029206806404187 0.09353682281494722639 
0.00089054835935290129 0.00338962713011735665 0.00216228061624639499 0.44114980883643251097 0.45096000555102278007 0.01746290254655794016 0.05132243913814900360 0.03266238782212103203 
0.00000000099999999998 0.00000000099999999998 0.00000000099999999998 0.99999999300000008695 0.00000000099999999998 0.00000000099999999998 0.00000000099999999998 0.00000000099999999998 
0.09254931760829387954 0.06306004216265662099 0.02117653208445342133 0.31543813847539270423 0.48957464740903872125 0.00000000100000000000 0.00000000100000000000 0.01820132026016478902 
0.00000000099999999998 0.00000000099999999998 0.00000000099999999998 0.99999999300000008695 0.00000000099999999998 0.00000000099999999998 0.00000000099999999998 0.00000000099999999998 
0.04160596717366679687 0.01197103277304709980 0.04161711273120094479 0.26160154801371793276 0.62656190923273691329 0.00000833970510462394 0.00000000100000000000 0.01663408937052576059 
0.00000528534922966792 0.01889030601531400608 0.05224385775233596207 0.24482339179849929578 0.58179489639242853993 0.00032268152149899000 0.10191958017069358000 0.00000000100000000000 
0.00000000100000000000 0.06219696821942302667 0.02929096695260321667 0.00000000100000000000 0.22949739681136771541 0.00000000100000000000 0.00000002351351638331 0.67901464150308965539 
0.00000000099999999999 0.00000000099999999999 0.00000000099999999999 0.00000000099999999999 0.00000000099999999999 0.00000000099999999999 0.00000000099999999999 0.99999999300000008695 
0.00000000100000000000 0.11620414570666297294 0.02043261039537246776 0.00000000100000000000 0.13177153599421115304 0.00000000100000000000 0.04828705735792972881 0.68330464754582365128 
0.00000000099999999998 0.00000000099999999998 0.00000000099999999998 0.00000000099999999998 0.00000000099999999998 0.00000000099999999998 0.00000000099999999998 0.99999999300000008695 
0.00009738705143505170 0.05854772126701670437 0.06566559632484759990 0.00000000100000000000 0.17428147354629192067 0.01541619618683210020 0.00325724786528839476 0.68273437675828829718 
0.00000000099999999999 0.00000000099999999999 0.00000000099999999999 0.00000000099999999999 0.00000000099999999999 0.00000000099999999999 0.00000000099999999999 0.99999999299999997593 
0.00000000099999999999 0.00000000099999999999 0.00000000099999999999 0.00000000099999999999 0.00000000099999999999 0.00000000099999999999 0.00000000099999999999 0.99999999299999997593 
0.00000000099999999998 0.00000000099999999998 0.00000000099999999998 0.00000000099999999998 0.00000000099999999998 0.00000000099999999998 0.00000000099999999998 0.99999999300000008695 
0.00000000099999999999 0.00000000099999999999 0.00000000099999999999 0.00000000099999999999 0.00000000099999999999 0.00000000099999999999 0.00000000099999999999 0.99999999299999997593 
0.00000000099999999998 0.00000000099999999998 0.00000000099999999998 0.00000000099999999998 0.00000000099999999998 0.00000000099999999998 0.00000000099999999998 0.99999999300000008695 
0.00000000099999999999 0.00000000099999999999 0.00000000099999999999 0.00000000099999999999 0.00000000099999999999 0.00000000099999999999 0.00000000099999999999 0.99999999300000008695 
0.00000000099999999999 0.00000000099999999999 0.00012058492416294209 0.00000000099999999999 0.00000000099999999999 0.00000000099999999999 0.00000000099999999999 0.99987940907583705563 
0.00000000099999999998 0.00000000099999999998 0.00000000099999999998 0.00000000099999999998 0.00000000099999999998 0.00000000099999999998 0.00000000099999999998 0.99999999300000008695 
0.00000000099999999998 0.00000000199036886120 0.00000000099999999998 0.00000000099999999998 0.00000000099999999998 0.00000000099999999998 0.00000000099999999998 0.99999999200963107793 
0.00000000099999999998 0.00000000099999999998 0.00000000099999999998 0.00000000099999999998 0.00000000099999999998 0.00000000099999999998 0.00000000099999999998 0.99999999299999997593 
0.00000000099999999998 0.00000000099999999998 0.00000000099999999998 0.00000000099999999998 0.00000000099999999998 0.00000000099999999998 0.00000000099999999998 0.99999999300000008695 
0.03697416702630827029 0.08628870424050928689 0.02915534609773250130 0.00000000100000000000 0.10966539437493662279 0.00000000100000000000 0.00000000100000000000 0.73791638526051317459 
0.00000000099999999998 0.00000000099999999998 0.00000000099999999998 0.00000000099999999998 0.00000000099999999998 0.00000000099999999998 0.00000000099999999998 0.99999999299999997593 
0.00000000099999999999 0.00000000099999999999 0.01948327556754322204 0.00000000099999999999 0.00000000099999999999 0.00000000099999999999 0.00000000099999999999 0.98051671843245691296 
0.10593746883100058076 0.11197322234599045576 0.00969593179194209488 0.20226649874476790303 0.07990776189077959668 0.02328728719605139760 0.05315863815143472698 0.41377319104803322869 
0.00000000099999999999 0.00000000099999999999 0.00000000099999999999 0.00000000099999999999 0.00000000099999999999 0.00000000099999999999 0.00000000099999999999 0.99999999300000008695 
0.00000000099999999997 0.00000000099999999997 0.00000000099999999997 0.00000000099999999997 0.00000000099999999997 0.00000000099999999997 0.00000000099999999997 0.99999999299999997593 
0.00000000099999999999 0.00000000099999999999 0.00000000099999999999 0.00000000099999999999 0.00000000099999999999 0.00000000099999999999 0.00000000099999999999 0.99999999299999997593 
0.00000000099999999999 0.00000000099999999999 0.00000000099999999999 0.00000000099999999999 0.00000000099999999999 0.02576592132856717066 0.00000000099999999999 0.97423407267143280475 
0.00000000099999999998 0.00000000099999999998 0.00000000099999999998 0.00000000099999999998 0.00000000099999999998 0.00000000099999999998 0.00000000099999999998 0.99999999299999997593 
0.00000000099999999999 0.00000000099999999999 0.00000000099999999999 0.00000000099999999999 0.00000000099999999999 0.00000000099999999999 0.00000000099999999999 0.99999999299999997593 
0.00000000099999999998 0.00000000099999999998 0.00000000099999999998 0.00000000099999999998 0.00000000099999999998 0.00000000099999999998 0.00000000099999999998 0.99999999300000008695 
0.10144489951619797830 0.00000000099999999999 0.04897691422077345841 0.00000000099999999999 0.00000000099999999999 0.00000000099999999999 0.00000000099999999999 0.84957818126302864226 
0.00000000099999999997 0.00000000099999999997 0.00000000099999999997 0.00000000099999999997 0.00000000099999999997 0.00000000099999999997 0.00000000099999999997 0.99999999300000008695 
0.00642520558404891407 0.07042659121062302963 0.03898519552882073747 0.06096765487935067174 0.13099167817904514011 0.00000000352284400935 0.01272161983872951811 0.67948205125653793335 
0.00000000099999999999 0.00000000099999999999 0.00000000099999999999 0.00000000099999999999 0.00000000099999999999 0.00000000099999999999 0.00000000099999999999 0.99999999299999997593 
0.00000000099999999996 0.00000000099999999996 0.86593251823992112293 0.00000000099999999996 0.00000000099999999996 0.00000000099999999996 0.00000000099999999996 0.13406747576007907452 
0.00000000099999999995 0.00000000099999999995 0.99999999299999997593 0.00000000099999999995 0.00000000099999999995 0.00000000099999999995 0.00000000099999999995 0.00000000099999999995 
0.00000000099999999994 0.00000000099999999994 0.99999999299999997593 0.00000000099999999994 0.00000000099999999994 0.00000000099999999994 0.00000000099999999994 0.00000000099999999994 
0.00000000099999999995 0.00000000099999999995 0.99999999299999997593 0.00000000099999999995 0.00000000099999999995 0.00000000099999999995 0.00000000099999999995 0.00000000099999999995 
0.00000000099999999994 0.00000000099999999994 0.99999999299999997593 0.00000000099999999994 0.00000000099999999994 0.00000000099999999994 0.00000000099999999994 0.00000000099999999994 
0.00000000099999999993 0.00000000099999999993 0.99999999300000008695 0.00000000099999999993 0.00000000099999999993 0.00000000099999999993 0.00000000099999999993 0.00000000099999999993 
0.00000000099999999994 0.00000000099999999994 0.99999999300000008695 0.00000000099999999994 0.00000000099999999994 0.00000000099999999994 0.00000000099999999994 0.00000000099999999994 
0.00000000099999999995 0.00000000099999999995 0.99999999299999997593 0.00000000099999999995 0.00000000099999999995 0.00000000099999999995 0.00000000099999999995 0.00000000099999999995 
0.00000000099999999993 0.00000000099999999993 0.99999999299999997593 0.00000000099999999993 0.00000000099999999993 0.00000000099999999993 0.00000000099999999993 0.00000000099999999993 
0.00000000099999999993 0.00000000099999999993 0.99999999300000008695 0.00000000099999999993 0.00000000099999999993 0.00000000099999999993 0.00000000099999999993 0.00000000099999999993 
0.00000000099999999994 0.00000000099999999994 0.99999999300000008695 0.00000000099999999994 0.00000000099999999994 0.00000000099999999994 0.00000000099999999994 0.00000000099999999994 
0.00000000099999999995 0.00000000099999999995 0.99999999299999997593 0.00000000099999999995 0.00000000099999999995 0.00000000099999999995 0.00000000099999999995 0.00000000099999999995 
0.00000000099999999999 0.62017749308717007306 0.37982250091283004112 0.00000000099999999999 0.00000000099999999999 0.00000000099999999999 0.00000000099999999999 0.00000000099999999999 
0.00000000099999999993 0.00000000099999999993 0.99999999300000008695 0.00000000099999999993 0.00000000099999999993 0.00000000099999999993 0.00000000099999999993 0.00000000099999999993 
0.00000000099999999994 0.00000000099999999994 0.99999999299999997593 0.00000000099999999994 0.00000000099999999994 0.00000000099999999994 0.00000000099999999994 0.00000000099999999994 
0.00000000099999999994 0.00000000099999999994 0.99999999299999997593 0.00000000099999999994 0.00000000099999999994 0.00000000099999999994 0.00000000099999999994 0.00000000099999999994 
0.00000000099999999996 0.00000000099999999996 0.99999999299999997593 0.00000000099999999996 0.00000000099999999996 0.00000000099999999996 0.00000000099999999996 0.00000000099999999996 
0.00000000099999999994 0.00000000099999999994 0.99999999300000008695 0.00000000099999999994 0.00000000099999999994 0.00000000099999999994 0.00000000099999999994 0.00000000099999999994 
0.00000000099999999993 0.00000000099999999993 0.99999999300000008695 0.00000000099999999993 0.00000000099999999993 0.00000000099999999993 0.00000000099999999993 0.00000000099999999993 
0.00000000099999999994 0.00000000099999999994 0.99999999300000008695 0.00000000099999999994 0.00000000099999999994 0.00000000099999999994 0.00000000099999999994 0.00000000099999999994 
0.00000000099999999999 0.45357613369536770032 0.54642386030463219182 0.00000000099999999999 0.00000000099999999999 0.00000000099999999999 0.00000000099999999999 0.00000000099999999999 
0.00000000099999999994 0.00000000099999999994 0.99999999300000008695 0.00000000099999999994 0.00000000099999999994 0.00000000099999999994 0.00000000099999999994 0.00000000099999999994 
0.00000000099999999999 0.40442582324443959729 0.59557417075556051689 0.00000000099999999999 0.00000000099999999999 0.00000000099999999999 0.00000000099999999999 0.00000000099999999999 
0.00000000099999999994 0.00000000099999999994 0.99999999299999997593 0.00000000099999999994 0.00000000099999999994 0.00000000099999999994 0.00000000099999999994 0.00000000099999999994 
0.00000000099999999995 0.00000000099999999995 0.99999999299999997593 0.00000000099999999995 0.00000000099999999995 0.00000000099999999995 0.00000000099999999995 0.00000000099999999995 
0.00000000099999999993 0.00000000099999999993 0.99999999300000008695 0.00000000099999999993 0.00000000099999999993 0.00000000099999999993 0.00000000099999999993 0.00000000099999999993 
0.00000000100000000000 0.00000000100000000000 0.00000000100000000000 0.00000000100000000000 0.03963774790144554416 0.72133818451708897612 0.22809606689283240533 0.01092799668863311986 
0.55465283999687819971 0.00000000099999999999 0.00000000099999999999 0.00000000099999999999 0.00000000099999999999 0.00000000099999999999 0.44534715400312196998 0.00000000099999999999 
0.56871155853911337097 0.00000000099999999999 0.00000000099999999999 0.00000000099999999999 0.00000000099999999999 0.00000000099999999999 0.43128843546088679872 0.00000000099999999999 
0.19415285250786123994 0.00091002122309743062 0.00000000100000000000 0.00289662661310578079 0.00000080280048067745 0.80203702257866194003 0.00000267227679284242 0.00000000100000000000 
0.49370197933091636289 0.00000000099999999999 0.00000000099999999999 0.00000000099999999999 0.00000000099999999999 0.00000000099999999999 0.50629801466908352925 0.00000000099999999999 
0.00000000099999999996 0.00000000099999999996 0.00000000099999999996 0.00000000099999999996 0.00000000099999999996 0.00000000099999999996 0.99999999299999997593 0.00000000099999999996 
0.33748809129870388501 0.00000000099999999999 0.00000000099999999999 0.00000000099999999999 0.00000000099999999999 0.00000000099999999999 0.66251190270129589610 0.00000000099999999999 
0.99999999300000008695 0.00000000099999999994 0.00000000099999999994 0.00000000099999999994 0.00000000099999999994 0.00000000099999999994 0.00000000099999999994 0.00000000099999999994 
0.49394698304207285133 0.00000000099999999999 0.00000000099999999999 0.00000000099999999999 0.00000000099999999999 0.00000000099999999999 0.50605301095792709631 0.00000000099999999999 
0.54698467420762053592 0.00000000099999999999 0.00000000099999999999 0.00000000099999999999 0.00000000099999999999 0.00000000099999999999 0.45301531979237946723 0.00000000099999999999 
0.42053735553144772075 0.00000000099999999999 0.00000000099999999999 0.00000000099999999999 0.00000000099999999999 0.04058668023770040101 0.53887595923085163108 0.00000000099999999999 
0.49375343950955025152 0.00000000099999999999 0.00000000099999999999 0.00000001646769392824 0.00000000099999999999 0.00000000099999999999 0.50624653902275573714 0.00000000099999999999 
0.19137959718657457375 0.00000000100000000000 0.00000000100000000000 0.08619147774615826263 0.00741039836308721167 0.47095981497831679308 0.22592031344903609758 0.01813839627682690969 
0.36787544993498760837 0.00341301413991290659 0.00000000100000000000 0.26650734432856160172 0.06291147616716573354 0.04336775754516981884 0.22503287306962208025 0.03089208381458033795 
0.40212924875420447135 0.00000000099999999999 0.00000000099999999999 0.00000000099999999999 0.00000000099999999999 0.01626537836596211872 0.58160536787983330154 0.00000000099999999999 
0.57911168561877324201 0.00000000099999999999 0.00000000099999999999 0.00000000099999999999 0.00000000099999999999 0.03356547301763880553 0.38732283636358810774 0.00000000099999999999 
0.38558181241180999876 0.00000000100000000000 0.00498794612342575924 0.00000000100000000000 0.00000001092589796765 0.00068836475919910474 0.60874186277966713110 0.00000000100000000000 
0.36725273016841214480 0.00000000100000000000 0.00000000100000000000 0.02188642619158776351 0.00000000100000000000 0.04173591605572195273 0.54232900025746411110 0.02679592432681398087 
0.00000000099999999995 0.00000000099999999995 0.00000000099999999995 0.00000000099999999995 0.00000000099999999995 0.99999999299999997593 0.00000000099999999995 0.00000000099999999995 
0.99999999300000008695 0.00000000099999999995 0.00000000099999999995 0.00000000099999999995 0.00000000099999999995 0.00000000099999999995 0.00000000099999999995 0.00000000099999999995 
0.15292385721520809772 0.00528344062008685375 0.01357017656210919056 0.00673901551910644717 0.06206769514289457029 0.75357352409949684979 0.00584228984109800339 0.00000000100000000000 
0.17548437825908153043 0.00000000100000000000 0.01075060486905923297 0.05999439570847982239 0.04157399101883661741 0.70058632045860402826 0.01160755553885153314 0.00000275314708714967 
0.59563576297783804581 0.00000000099999999999 0.00000000099999999999 0.00000000099999999999 0.00000000099999999999 0.00000000099999999999 0.40436423102216212389 0.00000000099999999999 
0.50994076281182609822 0.00000000099999999999 0.00000000099999999999 0.00000000099999999999 0.00000000099999999999 0.00000081074814521390 0.49005842144002881300 0.00000000099999999999 
0.23043294713554088315 0.00000000100000000000 0.01773807917595795688 0.01940650426224586889 0.01902901448289351372 0.70611176959904808914 0.00000000100000000000 0.00728168334431374565 
0.38181009727467696280 0.00000000099999999999 0.00000000099999999999 0.00000000099999999999 0.00000000099999999999 0.00000516823693010577 0.61818472948839287007 0.00000000099999999999 
0.41625292925594820082 0.00682674415821454134 0.00000000099999999999 0.00000000099999999999 0.00000000099999999999 0.00000000099999999999 0.57692032158583717028 0.00000000099999999999 
0.18517355726264020377 0.00000000100000000000 0.00000000100000000000 0.05822614141196608833 0.00000000100000000000 0.75660029632539371747 0.00000000100000000000 0.00000000100000000000 
0.45743734113354878046 0.00000000099999999999 0.00000000099999999999 0.00000000099999999999 0.00000000099999999999 0.00000000120154832044 0.54256265266490266708 0.00000000099999999999 
0.42854472781338570631 0.00000000099999999998 0.00000000099999999998 0.00000000099999999998 0.00000000099999999998 0.00176300661537824306 0.56969226057123578677 0.00000000099999999998 
0.00132363139585107135 0.02963260541753409000 0.00000000100000000000 0.00000000100000000000 0.03914556141104835740 0.73880220631578663593 0.19104581213643498372 0.00005018132334478555 
0.00000000099999999995 0.00000000099999999995 0.00000000099999999995 0.00000000099999999995 0.00000000099999999995 0.00000000099999999995 0.99999999299999997593 0.00000000099999999995 
0.22224229884388041478 0.00000000100000000000 0.00000000100000000000 0.01676309810673252965 0.00176178478665139980 0.75923281426273558914 0.00000000100000000000 0.00000000100000000000 
0.10439313869301918014 0.00000000122412270342 0.00000000100000000000 0.00000000100000000000 0.05220515099481150278 0.76740975759199248074 0.07599194849605406255 0.00000000100000000000 
0.00000000099999999999 0.00000000099999999999 0.00000000099999999999 0.00000000099999999999 0.00000001741142087227 0.76969228776619003085 0.23030768982238900011 0.00000000099999999999 
0.13004358373134500271 0.00000000100000000000 0.00000000100000000000 0.00426505440987469311 0.06330839406322097407 0.80236319159649327482 0.00001977319906611666 0.00000000100000000000 
0.50014549150096254682 0.00000000099999999998 0.00000000099999999998 0.00000000099999999998 0.00000000099999999998 0.00000000099999999998 0.49985450249903767839 0.00000000099999999998 
0.99999999300000008695 0.00000000099999999994 0.00000000099999999994 0.00000000099999999994 0.00000000099999999994 0.00000000099999999994 0.00000000099999999994 0.00000000099999999994 
0.50734601344957808156 0.00000000099999999999 0.00000000099999999999 0.00000000099999999999 0.00170350071234026245 0.06743277485936856330 0.42351770697871315985 0.00000000099999999999 
0.35865274475513114760 0.00000000100000000000 0.00597570014725223690 0.07667861047395342633 0.00000000183562355709 0.05356951868525008931 0.50512342210278948773 0.00000000100000000000 
0.99999999300000008695 0.00000000099999999995 0.00000000099999999995 0.00000000099999999995 0.00000000099999999995 0.00000000099999999995 0.00000000099999999995 0.00000000099999999995 
0.28307093278813033610 0.04773149271759421358 0.00000000100000000000 0.00000000100000000000 0.04357524029784629049 0.62191316548640640516 0.00000000100000000000 0.00370916571002252076 
0.00000000099999999995 0.00000000099999999995 0.00000000099999999995 0.00000000099999999995 0.00000000099999999995 0.00000000099999999995 0.99999999299999997593 0.00000000099999999995 
0.48761997890212421813 0.00000000099999999999 0.00000000099999999999 0.00000000099999999999 0.00000000099999999999 0.04948620430490816013 0.46289381179296745783 0.00000000099999999999 
0.39738742415894379167 0.00000000099999999998 0.00000000099999999998 0.00000000099999999998 0.00000000099999999998 0.00000000099999999998 0.60261256984105604495 0.00000000099999999998 
0.21688288655589954557 0.00000000099999999999 0.00000000099999999999 0.02739794821453998136 0.00000000099999999999 0.37530454764624382458 0.34626473349917830102 0.03414988108413848783 
0.33515474954716278910 0.01859990732930245916 0.00724718388319770673 0.00000000257020449794 0.01053030197668152965 0.51229526640127898141 0.11617246500291578126 0.00000012328925629856 
0.44446303943885684395 0.00000000099999999999 0.00000000099999999999 0.00000000099999999999 0.00000000099999999999 0.03625216975847954382 0.51928478580266346221 0.00000000099999999999 
0.00000000099999999995 0.00000000099999999995 0.00000000099999999995 0.00000000099999999995 0.00000000099999999995 0.00000000099999999995 0.99999999299999997593 0.00000000099999999995 
0.24846428626823824359 0.00000000099999999999 0.00000000099999999999 0.00000000099999999999 0.00000000099999999999 0.60852037958579185961 0.14301532914596981616 0.00000000099999999999 
0.23572819641584610850 0.01190693531499189585 0.00953740153880004889 0.05988141897806791014 0.00000000100000000000 0.66666469482699119986 0.00010819217600367104 0.01617315974929918465 
0.33138579058346812056 0.00191306768559871762 0.00006674843702937462 0.07380787749697555189 0.00000000100000000000 0.59027628005264531907 0.00002675649712198533 0.00252347824716101302 
0.00000000099999999996 0.00000000099999999996 0.00000000099999999996 0.00000000099999999996 0.00000000099999999996 0.00000000099999999996 0.99999999299999986491 0.00000000099999999996 
0.00000000099999999993 0.00000000099999999993 0.00000000099999999993 0.00000000099999999993 0.00000000099999999993 0.00000000099999999993 0.99999999299999997593 0.00000000099999999993 
0.40228362453024157919 0.00000000100000000000 0.00000000100000000000 0.06336941938473616975 0.00000000100000000000 0.07497701508332731135 0.43761363785182444408 0.02175630014987045904 
0.26150862294616217252 0.00000000100000000000 0.00000000100000000000 0.02608863526103612218 0.00000046772678464721 0.71239659794044607466 0.00000567312557093671 0.00000000100000000000 
0.18427696213807978620 0.00000000100000000000 0.02521885661197491996 0.00001404238642405781 0.00000011891378416234 0.69422308169846791426 0.09626693625126928056 0.00000000100000000000 
0.59062125122610475980 0.00000000099999999999 0.00000000099999999999 0.00000000099999999999 0.00000000099999999999 0.00000017406411902452 0.40937856970977637427 0.00000000099999999999 
0.40412277041503447128 0.00000000099999999999 0.00000000099999999999 0.00000000099999999999 0.00000000099999999999 0.00000000099999999999 0.59587722358496530983 0.00000000099999999999 
0.60366514304672569402 0.00000000099999999999 0.00000000099999999999 0.00000000099999999999 0.00000000099999999999 0.00000000099999999999 0.39633485095327442016 0.00000000099999999999 
0.45037134516299004439 0.00000000099999999999 0.00000000099999999999 0.00000103301575008667 0.00000000099999999999 0.00000000099999999999 0.54962761682125971241 0.00000000099999999999 
0.99999999300000019797 0.00000000099999999993 0.00000000099999999993 0.00000000099999999993 0.00000000099999999993 0.00000000099999999993 0.00000000099999999993 0.00000000099999999993 
0.35761732639858895277 0.00000000100000000000 0.00000000100000000000 0.00000108563750172856 0.00000889101286021156 0.03206689848781432706 0.61030579546323460161 0.00000000100000000000 
