0.00000000099999999988 0.00000000099999999988 0.00000000099999999988 0.99999999100000014352 0.00000000099999999988 0.00000000099999999988 0.00000000099999999988 0.00000000099999999988 0.00000000099999999988 0.00000000099999999988 
0.00000000099999999997 0.00000000099999999997 0.00000000099999999997 0.00000000099999999997 0.99999999100000014352 0.00000000099999999997 0.00000000099999999997 0.00000000099999999997 0.00000000099999999997 0.00000000099999999997 
0.00000000099999999998 0.94780071429817958073 0.00000000099999999998 0.00000000099999999998 0.00000000099999999998 0.00000000099999999998 0.00000000099999999998 0.00000000099999999998 0.00000000099999999998 0.05219927770182060389 
0.00000000099999999988 0.00000000099999999988 0.00000000099999999988 0.00000000099999999988 0.00000000099999999988 0.00000000099999999988 0.00000000099999999988 0.00000000099999999988 0.99999999100000003249 0.00000000099999999988 
0.00000000099999999987 0.00000000099999999987 0.00000000099999999987 0.99999999100000003249 0.00000000099999999987 0.00000000099999999987 0.00000000099999999987 0.00000000099999999987 0.00000000099999999987 0.00000000099999999987 
0.00000000099999999989 0.00000000099999999989 0.00000000099999999989 0.00000000099999999989 0.00000000099999999989 0.00000000099999999989 0.00000000099999999989 0.00000000099999999989 0.99999999099999992147 0.00000000099999999989 
0.00000000099999999997 0.00000000099999999997 0.00000000099999999997 0.00000000099999999997 0.99999999100000014352 0.00000000099999999997 0.00000000099999999997 0.00000000099999999997 0.00000000099999999997 0.00000000099999999997 
0.00000000099999999998 0.00000000099999999998 0.00000000099999999998 0.13209131880351571153 0.86790867319648445921 0.00000000099999999998 0.00000000099999999998 0.00000000099999999998 0.00000000099999999998 0.00000000099999999998 
0.00000000099999999998 0.89670128991469100210 0.00000000099999999998 0.00000000099999999998 0.00000038377643160671 0.00000000099999999998 0.00000000099999999998 0.00000000099999999998 0.00000000099999999998 0.10329831930887758973 
0.00000000099999999992 0.00000000099999999992 0.00000000099999999992 0.36533931110942513554 0.00000000099999999992 0.00000000099999999992 0.00000000099999999992 0.00000000099999999992 0.63466068089057459112 0.00000000099999999992 
0.00174518284884860042 0.33492853479538653438 0.25007000854580463400 0.14900641879037651583 0.05684615709644769838 0.00001203281470289820 0.14638895314870012387 0.02071145626853265059 0.04029125469120026920 0.00000000100000000000 
0.00000000099999999996 0.00000000099999999996 0.00000000099999999996 0.62173636239557350525 0.00000000099999999996 0.00000000099999999996 0.00000000099999999996 0.00000000099999999996 0.37826362960442660999 0.00000000099999999996 
0.00000000099999999999 0.00000000099999999999 0.03536845043315820641 0.02275910180885320350 0.78568334319502086682 0.06884440521361692711 0.00000000099999999999 0.08734469434935082655 0.00000000099999999999 0.00000000099999999999 
0.03905866387241809651 0.03753063950691223893 0.02928004318537036008 0.00000170816088568795 0.50033082871688283610 0.11981214518540891922 0.00000000457139083755 0.27398593771659229823 0.00000002808413866217 0.00000000100000000000 
0.00000000099999999994 0.00000000099999999994 0.00000000099999999994 0.00000000099999999994 0.00000000099999999994 0.99999999100000003249 0.00000000099999999994 0.00000000099999999994 0.00000000099999999994 0.00000000099999999994 
0.00000000099999999998 0.99999999100000025454 0.00000000099999999998 0.00000000099999999998 0.00000000099999999998 0.00000000099999999998 0.00000000099999999998 0.00000000099999999998 0.00000000099999999998 0.00000000099999999998 
0.00000000099999999993 0.00000000099999999993 0.00000000099999999993 0.58780891300750826023 0.00000000099999999993 0.00000000099999999993 0.00000000099999999993 0.00000000099999999993 0.41219107899249179949 0.00000000099999999993 
0.00000000099999999993 0.00000000099999999993 0.00000000099999999993 0.58414651929405558839 0.00000000099999999993 0.00000000099999999993 0.00000000099999999993 0.00000000099999999993 0.41585347270594441582 0.00000000099999999993 
0.00000000099999999989 0.00000000099999999989 0.00000000099999999989 0.00000000099999999989 0.00000000099999999989 0.00000000099999999989 0.00000000099999999989 0.00000000099999999989 0.99999999099999992147 0.00000000099999999989 
0.00000000099999999996 0.00000000099999999996 0.00000000099999999996 0.00000000099999999996 0.99999999100000014352 0.00000000099999999996 0.00000000099999999996 0.00000000099999999996 0.00000000099999999996 0.00000000099999999996 
0.00000000099999999997 0.00000000099999999997 0.00000000099999999997 0.00000000099999999997 0.99999999100000003249 0.00000000099999999997 0.00000000099999999997 0.00000000099999999997 0.00000000099999999997 0.00000000099999999997 
0.00000000099999999996 0.00000000099999999996 0.00000000099999999996 0.00000000099999999996 0.99999999100000003249 0.00000000099999999996 0.00000000099999999996 0.00000000099999999996 0.00000000099999999996 0.00000000099999999996 
0.00000000099999999986 0.00000000099999999986 0.00000000099999999986 0.99999999100000014352 0.00000000099999999986 0.00000000099999999986 0.00000000099999999986 0.00000000099999999986 0.00000000099999999986 0.00000000099999999986 
0.00000000099999999986 0.00000000099999999986 0.00000000099999999986 0.00000000099999999986 0.00000000099999999986 0.00000000099999999986 0.00000000099999999986 0.00000000099999999986 0.99999999099999992147 0.00000000099999999986 
0.00000000099999999986 0.00000000099999999986 0.00000000099999999986 0.00000000099999999986 0.00000000099999999986 0.00000000099999999986 0.00000000099999999986 0.00000000099999999986 0.99999999099999992147 0.00000000099999999986 
0.00000000099999999997 0.00000000099999999997 0.00000000099999999997 0.00000000099999999997 0.99999999100000003249 0.00000000099999999997 0.00000000099999999997 0.00000000099999999997 0.00000000099999999997 0.00000000099999999997 
0.00000000099999999994 0.00000000099999999994 0.00000000099999999994 0.00000000099999999994 0.99999999100000003249 0.00000000099999999994 0.00000000099999999994 0.00000000099999999994 0.00000000099999999994 0.00000000099999999994 
0.00000000099999999989 0.00000000099999999989 0.00000000099999999989 0.99999999100000003249 0.00000000099999999989 0.00000000099999999989 0.00000000099999999989 0.00000000099999999989 0.00000000099999999989 0.00000000099999999989 
0.00000000099999999988 0.00000000099999999988 0.00000000099999999988 0.99999999100000014352 0.00000000099999999988 0.00000000099999999988 0.00000000099999999988 0.00000000099999999988 0.00000000099999999988 0.00000000099999999988 
0.00000000099999999986 0.00000000099999999986 0.00000000099999999986 0.00000000099999999986 0.00000000099999999986 0.00000000099999999986 0.00000000099999999986 0.00000000099999999986 0.99999999100000003249 0.00000000099999999986 
0.00000000099999999997 0.00000000099999999997 0.00000000099999999997 0.00000000099999999997 0.99999999100000014352 0.00000000099999999997 0.00000000099999999997 0.00000000099999999997 0.00000000099999999997 0.00000000099999999997 
0.00000000099999999999 0.78715763943277394787 0.00000146621149864189 0.00000000099999999999 0.06550530742898680314 0.00000000099999999999 0.06371903496468457606 0.01195239871248058271 0.07166414924957546784 0.00000000099999999999 
0.00000000099999999988 0.00000000099999999988 0.00000000099999999988 0.00000000099999999988 0.00000000099999999988 0.00000000099999999988 0.00000000099999999988 0.00000000099999999988 0.99999999100000003249 0.00000000099999999988 
0.00000000099999999988 0.00000000099999999988 0.00000000099999999988 0.99999999100000014352 0.00000000099999999988 0.00000000099999999988 0.00000000099999999988 0.00000000099999999988 0.00000000099999999988 0.00000000099999999988 
0.00000000099999999986 0.00000000099999999986 0.00000000099999999986 0.99999999100000014352 0.00000000099999999986 0.00000000099999999986 0.00000000099999999986 0.00000000099999999986 0.00000000099999999986 0.00000000099999999986 
0.00000000099999999997 0.00000000099999999997 0.00000000099999999997 0.00000000099999999997 0.99999999100000014352 0.00000000099999999997 0.00000000099999999997 0.00000000099999999997 0.00000000099999999997 0.00000000099999999997 
0.00928852422410672736 0.00000000099999999999 0.00000000099999999999 0.00000000099999999999 0.82214068576702059588 0.00000000099999999999 0.00000000099999999999 0.16857078300887270994 0.00000000099999999999 0.00000000099999999999 
0.00000000099999999997 0.99999999100000014352 0.00000000099999999997 0.00000000099999999997 0.00000000099999999997 0.00000000099999999997 0.00000000099999999997 0.00000000099999999997 0.00000000099999999997 0.00000000099999999997 
0.00000000099999999997 0.83205526371332494406 0.00000000099999999997 0.00000000099999999997 0.00000000099999999997 0.00000000099999999997 0.00000000099999999997 0.00000000099999999997 0.00000000099999999997 0.16794472828667536546 
0.00000000099999999989 0.00000000099999999989 0.00000000099999999989 0.00000000099999999989 0.00000000099999999989 0.00000000099999999989 0.00000000099999999989 0.00000000099999999989 0.99999999099999992147 0.00000000099999999989 
0.00000000099999999987 0.00000000099999999987 0.00000000099999999987 0.99999999100000014352 0.00000000099999999987 0.00000000099999999987 0.00000000099999999987 0.00000000099999999987 0.00000000099999999987 0.00000000099999999987 
0.00000000099999999990 0.00000000099999999990 0.00000000099999999990 0.99999999100000003249 0.00000000099999999990 0.00000000099999999990 0.00000000099999999990 0.00000000099999999990 0.00000000099999999990 0.00000000099999999990 
0.00000000099999999999 0.00000000099999999999 0.00000000099999999999 0.02765706967368949595 0.74151290964311245002 0.09259074943817169334 0.00000042472010081002 0.13823884152492554866 0.00000000099999999999 0.00000000099999999999 
0.03619909233010133037 0.04031184483606532060 0.00000000100000000000 0.00000000100000000000 0.70207457909183401679 0.04274967051286252678 0.02225841249641286046 0.14966926462381247021 0.00673713310891148852 0.00000000100000000000 
0.00000000099999999997 0.99999999100000025454 0.00000000099999999997 0.00000000099999999997 0.00000000099999999997 0.00000000099999999997 0.00000000099999999997 0.00000000099999999997 0.00000000099999999997 0.00000000099999999997 
0.00000000099999999997 0.99999999100000025454 0.00000000099999999997 0.00000000099999999997 0.00000000099999999997 0.00000000099999999997 0.00000000099999999997 0.00000000099999999997 0.00000000099999999997 0.00000000099999999997 
0.00000000099999999996 0.00000000099999999996 0.00000000099999999996 0.59315747606587498897 0.00000000099999999996 0.00000000099999999996 0.00000000099999999996 0.00000000099999999996 0.40684251593412501524 0.00000000099999999996 
0.00000000099999999999 0.30307795328783765365 0.20532222270450026236 0.12873272576656774602 0.01738209314636575756 0.00000000099999999999 0.16385022262223011835 0.03979816242308864549 0.14183661704940966897 0.00000000099999999999 
0.00000000099999999998 0.00000000099999999998 0.00000000099999999998 0.00000000099999999998 0.85540579919107007090 0.00000000099999999998 0.00000000099999999998 0.14459419280893007209 0.00000000099999999998 0.00000000099999999998 
0.00000000099999999997 0.00000000099999999997 0.00000000099999999997 0.00000000099999999997 0.99999999100000003249 0.00000000099999999997 0.00000000099999999997 0.00000000099999999997 0.00000000099999999997 0.00000000099999999997 
0.00000000099999999995 0.00000000099999999995 0.00000000099999999995 0.00000000099999999995 0.99999999100000003249 0.00000000099999999995 0.00000000099999999995 0.00000000099999999995 0.00000000099999999995 0.00000000099999999995 
0.00000000099999999995 0.99999999100000014352 0.00000000099999999995 0.00000000099999999995 0.00000000099999999995 0.00000000099999999995 0.00000000099999999995 0.00000000099999999995 0.00000000099999999995 0.00000000099999999995 
0.00000000099999999998 0.79599893601926496878 0.00000000099999999998 0.00000000099999999998 0.00000000099999999998 0.00000000099999999998 0.00000000099999999998 0.00000000099999999998 0.00000000099999999998 0.20400105598073520197 
0.00000000099999999989 0.00000000099999999989 0.00000000099999999989 0.99999999100000014352 0.00000000099999999989 0.00000000099999999989 0.00000000099999999989 0.00000000099999999989 0.00000000099999999989 0.00000000099999999989 
0.00000000099999999987 0.00000000099999999987 0.00000000099999999987 0.99999999100000003249 0.00000000099999999987 0.00000000099999999987 0.00000000099999999987 0.00000000099999999987 0.00000000099999999987 0.00000000099999999987 
0.01721119880096511068 0.00000000099999999998 0.00000000099999999998 0.00000000099999999998 0.98278879319903489353 0.00000000099999999998 0.00000000099999999998 0.00000000099999999998 0.00000000099999999998 0.00000000099999999998 
0.00000000099999999998 0.00000000099999999998 0.00000000099999999998 0.00000000099999999998 0.99999999100000014352 0.00000000099999999998 0.00000000099999999998 0.00000000099999999998 0.00000000099999999998 0.00000000099999999998 
0.00000000099999999997 0.00000000099999999997 0.00000000099999999997 0.00000000099999999997 0.99999999100000014352 0.00000000099999999997 0.00000000099999999997 0.00000000099999999997 0.00000000099999999997 0.00000000099999999997 
0.00000000099999999995 0.99999999100000025454 0.00000000099999999995 0.00000000099999999995 0.00000000099999999995 0.00000000099999999995 0.00000000099999999995 0.00000000099999999995 0.00000000099999999995 0.00000000099999999995 
0.00000000099999999996 0.99999999100000025454 0.00000000099999999996 0.00000000099999999996 0.00000000099999999996 0.00000000099999999996 0.00000000099999999996 0.00000000099999999996 0.00000000099999999996 0.00000000099999999996 
0.00000000099999999994 0.00000000099999999994 0.00000000099999999994 0.42388353839639186793 0.00000000099999999994 0.00000000099999999994 0.00000000099999999994 0.00000000099999999994 0.57611645360360785872 0.00000000099999999994 
0.00000000099999999988 0.00000000099999999988 0.00000000099999999988 0.99999999100000014352 0.00000000099999999988 0.00000000099999999988 0.00000000099999999988 0.00000000099999999988 0.00000000099999999988 0.00000000099999999988 
0.00000000099999999998 0.00000000099999999998 0.00000000099999999998 0.00000000099999999998 0.99999999100000003249 0.00000000099999999998 0.00000000099999999998 0.00000000099999999998 0.00000000099999999998 0.00000000099999999998 
0.00000000099999999997 0.00000000099999999997 0.00000000099999999997 0.00000000099999999997 0.99999999100000003249 0.00000000099999999997 0.00000000099999999997 0.00000000099999999997 0.00000000099999999997 0.00000000099999999997 
0.00000000099999999996 0.00000000099999999996 0.00000000099999999996 0.00000000099999999996 0.99999999100000003249 0.00000000099999999996 0.00000000099999999996 0.00000000099999999996 0.00000000099999999996 0.00000000099999999996 
0.00000000099999999989 0.00000000099999999989 0.00000000099999999989 0.00000000099999999989 0.00000000099999999989 0.00000000099999999989 0.00000000099999999989 0.00000000099999999989 0.99999999099999992147 0.00000000099999999989 
0.00000000099999999987 0.00000000099999999987 0.00000000099999999987 0.00000000099999999987 0.00000000099999999987 0.00000000099999999987 0.00000000099999999987 0.00000000099999999987 0.99999999100000003249 0.00000000099999999987 
0.00000000099999999995 0.00000000099999999995 0.00000000099999999995 0.00000000099999999995 0.99999999100000003249 0.00000000099999999995 0.00000000099999999995 0.00000000099999999995 0.00000000099999999995 0.00000000099999999995 
0.00000000099999999997 0.00000000099999999997 0.00000000099999999997 0.00000000099999999997 0.99999999100000003249 0.00000000099999999997 0.00000000099999999997 0.00000000099999999997 0.00000000099999999997 0.00000000099999999997 
0.00000000099999999999 0.79596830609172797288 0.00000000099999999999 0.10425623456504148900 0.09977545234323079160 0.00000000099999999999 0.00000000099999999999 0.00000000099999999999 0.00000000099999999999 0.00000000099999999999 
0.00000000099999999997 0.00000000099999999997 0.00000000099999999997 0.00000000099999999997 0.99999999100000014352 0.00000000099999999997 0.00000000099999999997 0.00000000099999999997 0.00000000099999999997 0.00000000099999999997 
0.00000000099999999997 0.99999999100000025454 0.00000000099999999997 0.00000000099999999997 0.00000000099999999997 0.00000000099999999997 0.00000000099999999997 0.00000000099999999997 0.00000000099999999997 0.00000000099999999997 
0.00000000099999999997 0.99999999100000025454 0.00000000099999999997 0.00000000099999999997 0.00000000099999999997 0.00000000099999999997 0.00000000099999999997 0.00000000099999999997 0.00000000099999999997 0.00000000099999999997 
0.00000000099999999997 0.99999999100000025454 0.00000000099999999997 0.00000000099999999997 0.00000000099999999997 0.00000000099999999997 0.00000000099999999997 0.00000000099999999997 0.00000000099999999997 0.00000000099999999997 
0.02164140686208529743 0.88510090541607355785 0.00000000099999999999 0.09325768072184131841 0.00000000099999999999 0.00000000099999999999 0.00000000099999999999 0.00000000099999999999 0.00000000099999999999 0.00000000099999999999 
0.09661796501075507748 0.07155376167379598473 0.07085308165534420777 0.00000011486913687821 0.43748007774012576121 0.00000000100000000000 0.00278010307513646988 0.32071489297570560106 0.00000000100000000000 0.00000000100000000000 
0.00000000099999999998 0.79353941585727083563 0.00000000099999999998 0.00000000099999999998 0.00000000099999999998 0.00000000099999999998 0.00000000099999999998 0.00000000099999999998 0.00000000099999999998 0.20646057614272927960 
0.00000000099999999998 0.88324452299833144941 0.00000000099999999998 0.00000000099999999998 0.11675546900166873521 0.00000000099999999998 0.00000000099999999998 0.00000000099999999998 0.00000000099999999998 0.00000000099999999998 
0.00000000099999999999 0.00000000099999999999 0.00000000099999999999 0.00000000099999999999 0.85569409207256430516 0.00000000099999999999 0.00000000099999999999 0.14430589992743572680 0.00000000099999999999 0.00000000099999999999 
0.07724359843440106732 0.79672927105379287571 0.00000000099999999999 0.00000000099999999999 0.00000000099999999999 0.00000000099999999999 0.00000000099999999999 0.00000000099999999999 0.00000000099999999999 0.12602712351180617167 
0.00000000099999999998 0.99999999100000014352 0.00000000099999999998 0.00000000099999999998 0.00000000099999999998 0.00000000099999999998 0.00000000099999999998 0.00000000099999999998 0.00000000099999999998 0.00000000099999999998 
0.00000000099999999997 0.99999999100000014352 0.00000000099999999997 0.00000000099999999997 0.00000000099999999997 0.00000000099999999997 0.00000000099999999997 0.00000000099999999997 0.00000000099999999997 0.00000000099999999997 
0.00000000099999999998 0.99999999100000014352 0.00000000099999999998 0.00000000099999999998 0.00000000099999999998 0.00000000099999999998 0.00000000099999999998 0.00000000099999999998 0.00000000099999999998 0.00000000099999999998 
0.00000000099999999998 0.99999999100000025454 0.00000000099999999998 0.00000000099999999998 0.00000000099999999998 0.00000000099999999998 0.00000000099999999998 0.00000000099999999998 0.00000000099999999998 0.00000000099999999998 
0.02664509825424589071 0.35580950039527686757 0.00000012320565513086 0.20157998772352342387 0.07925848772377983020 0.02707498200317980802 0.00000050324416277008 0.00000028052051719564 0.30963103592965907085 0.00000000100000000000 
0.00000000099999999996 0.99999999100000014352 0.00000000099999999996 0.00000000099999999996 0.00000000099999999996 0.00000000099999999996 0.00000000099999999996 0.00000000099999999996 0.00000000099999999996 0.00000000099999999996 
0.00000000099999999996 0.99999999100000025454 0.00000000099999999996 0.00000000099999999996 0.00000000099999999996 0.00000000099999999996 0.00000000099999999996 0.00000000099999999996 0.00000000099999999996 0.00000000099999999996 
0.00000030018449340301 0.63006662483351616455 0.11084465019253893214 0.07340439501597249838 0.01029144293150246851 0.00000000099999999999 0.04125568897902963383 0.13413409223799513392 0.00000280362495169126 0.00000000099999999999 
0.00000000099999999993 0.00000000099999999993 0.00000000099999999993 0.38642505773887669829 0.00000000099999999993 0.00000000099999999993 0.00000000099999999993 0.00000000099999999993 0.61357493426112319490 0.00000000099999999993 
0.00000000099999999988 0.00000000099999999988 0.00000000099999999988 0.99999999100000003249 0.00000000099999999988 0.00000000099999999988 0.00000000099999999988 0.00000000099999999988 0.00000000099999999988 0.00000000099999999988 
0.00000000099999999996 0.00000000099999999996 0.00000000099999999996 0.00000000099999999996 0.99999999100000003249 0.00000000099999999996 0.00000000099999999996 0.00000000099999999996 0.00000000099999999996 0.00000000099999999996 
0.00000000099999999999 0.00000000099999999999 0.00000000099999999999 0.00000000099999999999 0.82707570714036549031 0.00000000099999999999 0.00000000099999999999 0.17292428485963456941 0.00000000099999999999 0.00000000099999999999 
0.00000000099999999999 0.02582476568969036337 0.00000000099999999999 0.00000000099999999999 0.81894870253446727659 0.00000000099999999999 0.00000000099999999999 0.15522652477584233943 0.00000000099999999999 0.00000000099999999999 
0.00000000099999999996 0.99999999100000014352 0.00000000099999999996 0.00000000099999999996 0.00000000099999999996 0.00000000099999999996 0.00000000099999999996 0.00000000099999999996 0.00000000099999999996 0.00000000099999999996 
0.00000000099999999998 0.93365918008460735411 0.00000000099999999998 0.00000000099999999998 0.00000000099999999998 0.00000000099999999998 0.00000000099999999998 0.00000000099999999998 0.00000000099999999998 0.06634081191539273337 
0.03553871257753222351 0.56142063535151065512 0.14735145114585260218 0.03090636068317568694 0.05837775542494769154 0.00000000100000000000 0.02992454415031534434 0.13648053766666595754 0.00000000100000000000 0.00000000100000000000 
0.00696738868969984729 0.26348345999805633522 0.28517517645746187638 0.14093922921247925562 0.00000000100000000000 0.02767981749994130949 0.27575492414236146832 0.00000000100000000000 0.00000000100000000000 0.00000000100000000000 
0.00258575037845562789 0.26087436255793633455 0.27951028280088835443 0.05419577549715492992 0.00000017538143512794 0.03390320020268599438 0.27788400680942249021 0.00000000100000000000 0.09104644437202098761 0.00000000100000000000 
0.00000000099999999995 0.00000000099999999995 0.00000000099999999995 0.00000000099999999995 0.00000000099999999995 0.00000000099999999995 0.99999999099999992147 0.00000000099999999995 0.00000000099999999995 0.00000000099999999995 
0.00000000099999999994 0.00000000099999999994 0.00000000099999999994 0.00000000099999999994 0.00000000099999999994 0.00000000099999999994 0.99999999100000003249 0.00000000099999999994 0.00000000099999999994 0.00000000099999999994 
0.00000000099999999999 0.00000000099999999999 0.52355368544072478088 0.00000000099999999999 0.00000000099999999999 0.00000000099999999999 0.44676524518967120070 0.00000000099999999999 0.00000000099999999999 0.02968106236960404293 
0.00000000099999999997 0.00000000099999999997 0.50796076503353293496 0.00000000099999999997 0.00000000099999999997 0.00000000099999999997 0.38042066459927731392 0.00000000099999999997 0.00000000099999999997 0.11161856336718976868 
0.00000004311614597176 0.00000000099999999997 0.00000000099999999997 0.00000000099999999997 0.00000000099999999997 0.00000000099999999997 0.99999858198974689305 0.00000000099999999997 0.00000000099999999997 0.00000136789410707685 
0.00000000099999999998 0.00000000099999999998 0.55091967975931510626 0.00000000099999999998 0.00000000099999999998 0.00000000099999999998 0.38845090158099815358 0.00000000099999999998 0.00000000099999999998 0.06062941165968670915 
0.00000000099999999999 0.02156513438630136559 0.40497522488502535332 0.00000000099999999999 0.00000000099999999999 0.00000000099999999999 0.45871236046025987143 0.00000000099999999999 0.02537837278979333464 0.08936890247862004644 
0.00000000099999999995 0.00000000099999999995 0.00000000099999999995 0.00000000099999999995 0.00000000099999999995 0.00000000099999999995 0.98233919283921400378 0.00000000099999999995 0.00000000099999999995 0.01766079916078610104 
0.00495097423159763812 0.22355081206262900073 0.33998081029932480934 0.01431426021171243457 0.00008327522622273754 0.05863688941140288158 0.25806444784401105785 0.00003604420689316015 0.10038248550620626487 0.00000000100000000000 
0.00000000100000000000 0.19490561594271896273 0.28628285104716255649 0.10129182883308711360 0.11005738101390787065 0.01892208830919838922 0.28854023085392499492 0.00000000100000000000 0.00000000100000000000 0.00000000100000000000 
0.00000000099999999996 0.00000000099999999996 0.00000000099999999996 0.00000000099999999996 0.00000000099999999996 0.00000000099999999996 0.99999999099999992147 0.00000000099999999996 0.00000000099999999996 0.00000000099999999996 
0.00000000099999999999 0.00000000099999999999 0.50038856855419644454 0.00000000099999999999 0.00000000099999999999 0.04868221965199270168 0.45092920479381071175 0.00000000099999999999 0.00000000099999999999 0.00000000099999999999 
0.00000000099999999998 0.00000000099999999998 0.52269863695373885992 0.00000000099999999998 0.00000000099999999998 0.00000000099999999998 0.40592884149376479153 0.00000000099999999998 0.00000000099999999998 0.07137251455249631060 
0.00000000099999999997 0.00000000099999999997 0.43810104191817084152 0.00000000099999999997 0.00000000099999999997 0.00000000099999999997 0.36107459423788362818 0.00000000099999999997 0.00000000099999999997 0.20082435684394547848 
0.00002065599205690308 0.05287700358942948320 0.42377534197543748062 0.05246725099933612774 0.00002066504087721064 0.02936973984279016639 0.44146518095413361804 0.00000415960593903758 0.00000000100000000000 0.00000000100000000000 
0.00000000099999999998 0.00000000099999999998 0.51054756940976064872 0.00000000099999999998 0.00000000099999999998 0.00000000099999999998 0.48945242259023924447 0.00000000099999999998 0.00000000099999999998 0.00000000099999999998 
0.00000000100000000000 0.04724236022308281324 0.39945471213278155309 0.00000000100000000000 0.00000890736228226614 0.00000000100000000000 0.50119765646568636974 0.01973972005180644335 0.00317538196091713331 0.02918125880344338285 
0.00000000099999999996 0.00000000099999999996 0.00000000099999999996 0.00000000099999999996 0.00000000099999999996 0.00000000099999999996 0.99999999099999992147 0.00000000099999999996 0.00000000099999999996 0.00000000099999999996 
0.01593569435753692046 0.20959144782238203764 0.32284248757587430401 0.13306495617468058756 0.00000083680822927961 0.01121629255755871718 0.26725132112797045369 0.03976787018657828437 0.00032909238918947612 0.00000000100000000000 
0.01650162358828807796 0.31631991248776397674 0.28715705053481049847 0.08445630868383972867 0.06008086402831347428 0.00000000100000000000 0.23548423667698437090 0.00000000100000000000 0.00000000100000000000 0.00000000100000000000 
0.00000000100000000000 0.08301809329570702944 0.57298411830345041817 0.00000160718915229462 0.00000112119305027178 0.00000000100000000000 0.26488646718442804273 0.02367250099830864665 0.00000000100000000000 0.05543608883590332714 
0.00000000099999999998 0.00000000099999999998 0.58094369160063707991 0.00000000099999999998 0.00000000099999999998 0.00000000099999999998 0.41905630039936292430 0.00000000099999999998 0.00000000099999999998 0.00000000099999999998 
0.00091682119391095463 0.01807736895055260876 0.43426279272904927398 0.00000000100000000000 0.04440313948852640108 0.00000000100000000000 0.44776748442339137091 0.00000000100000000000 0.01693747091519775747 0.03763491929937166913 
0.00076589993566726004 0.00000000099999999997 0.00000000099999999997 0.00000000099999999997 0.00000000099999999997 0.00000000099999999997 0.96536337943454830768 0.00000000099999999997 0.00000015989711119128 0.03387055473267321787 
0.00000000099999999994 0.00000000099999999994 0.00000000099999999994 0.00000000099999999994 0.00000000099999999994 0.00000000099999999994 0.99999999100000003249 0.00000000099999999994 0.00000000099999999994 0.00000000099999999994 
0.00000000099999999998 0.00000000099999999998 0.51876961747250716073 0.00000000099999999998 0.00000000099999999998 0.00000000099999999998 0.48123037452749295451 0.00000000099999999998 0.00000000099999999998 0.00000000099999999998 
0.00000000099999999997 0.00000000099999999997 0.46590076644095984593 0.00000000099999999997 0.00000000099999999997 0.00000000099999999997 0.39721317399917654978 0.00000000099999999997 0.00000000099999999997 0.13688605255986366349 
0.00000000100000000000 0.02443180833980778191 0.38175076207596986277 0.00000000100000000000 0.01427060992723163703 0.00947541928581292076 0.54447565321058155607 0.00000000100000000000 0.02559574316059610999 0.00000000100000000000 
0.00000000099999999995 0.00000000099999999995 0.00000000099999999995 0.00000000099999999995 0.00000000099999999995 0.00000000099999999995 0.98312539567500956128 0.00000000099999999995 0.00000000099999999995 0.01687459632499053661 
0.01305983399073760466 0.24120771421212314212 0.29897660518659796569 0.06292541802300163911 0.00000000100000000000 0.00000000100000000000 0.31158589167971867395 0.00000000100000000000 0.05179980380350097252 0.02044473010432002955 
0.00000000100000000000 0.32732306764777252539 0.25605588099458798101 0.12102940362168582156 0.00000000100000000000 0.01012506627639857965 0.25287372652644091175 0.03259223578456633963 0.00000061614854786398 0.00000000100000000000 
0.00000000099999999994 0.00000000099999999994 0.00000000099999999994 0.00000000099999999994 0.00000000099999999994 0.00000000099999999994 0.99999999100000003249 0.00000000099999999994 0.00000000099999999994 0.00000000099999999994 
0.00000000100000000000 0.01809855674173865489 0.48083312156676821791 0.00000000100000000000 0.00000000100000000000 0.00000003331577319435 0.39341592204294278945 0.00000000100000000000 0.00000000100000000000 0.10765236133277733543 
0.00000000099999999998 0.00000000099999999998 0.51866919279452505798 0.00000000099999999998 0.00000000099999999998 0.00000000099999999998 0.43221603230099803206 0.00000000099999999998 0.00000000099999999998 0.04911476790447711488 
0.00000000099999999998 0.00000000099999999998 0.54322673223158435274 0.00000000099999999998 0.00000000099999999998 0.00000000099999999998 0.41791552893941930069 0.00000000099999999998 0.00000000099999999998 0.03885773182899639883 
0.00000087871943837743 0.08171321522846301810 0.42225738435085685696 0.00000018536041827054 0.00000000100000000000 0.00007597263470052243 0.42282777140766797386 0.00000000100000000000 0.03285692969966858695 0.04026766059878673920 
0.00000000099999999998 0.00001928153174958018 0.00000000099999999998 0.00000000099999999998 0.00000039698119025264 0.00000000099999999998 0.99997845100370674754 0.00000149336503340698 0.00000037211831991666 0.00000000099999999998 
0.00000000099999999998 0.00000000099999999998 0.54289538811235971139 0.00000000099999999998 0.00000000099999999998 0.00000000099999999998 0.45710460388764034834 0.00000000099999999998 0.00000000099999999998 0.00000000099999999998 
0.00000000100000000000 0.23160116245502512800 0.32368966391156617224 0.11820497901088099224 0.00000311571967777497 0.00000000100000000000 0.27181202566428996903 0.05468904923855979344 0.00000000100000000000 0.00000000100000000000 
0.00000000099999999999 0.25661576938550312299 0.30911698934548387241 0.12926809073028208696 0.04872092093182093381 0.00000000099999999999 0.25627120833383348897 0.00000701727307636631 0.00000000099999999999 0.00000000099999999999 
0.00000001541564167236 0.00000000099999999996 0.00000000099999999996 0.00000000099999999996 0.00000000099999999996 0.00000000099999999996 0.99999997658435835213 0.00000000099999999996 0.00000000099999999996 0.00000000099999999996 
0.00000000099999999996 0.00000000099999999996 0.00000000099999999996 0.00195525525316112263 0.00000000099999999996 0.00000000099999999996 0.99804473674683902296 0.00000000099999999996 0.00000000099999999996 0.00000000099999999996 
0.00000052209976833660 0.05238582319363763173 0.45607418317390641116 0.03693290289098487278 0.00000000100000000000 0.00000000100000000000 0.42471801360801042513 0.02988855103369233643 0.00000000100000000000 0.00000000100000000000 
0.00000000099999999994 0.00000000099999999994 0.00000000099999999994 0.00000000099999999994 0.00000000099999999994 0.00000000099999999994 0.99999999100000003249 0.00000000099999999994 0.00000000099999999994 0.00000000099999999994 
0.01040897996435797765 0.25072547437764985956 0.28344651601401832375 0.07637360214594537955 0.05865426958207959479 0.00000000100000000000 0.29382007371780588523 0.02657108119814295330 0.00000000100000000000 0.00000000100000000000 
0.00130175529500673229 0.27063806560479297669 0.26679718244670241889 0.00000222778371126296 0.00000005470967372519 0.00260096209816840142 0.37546228061762754180 0.02889593834347688531 0.05430153210084005810 0.00000000100000000000 
0.00000000099999999999 0.32937929645455821248 0.33125527859104192396 0.01882639963268879085 0.01302121277526108005 0.00000000099999999999 0.27798245514168035131 0.00000000099999999999 0.02953535340476973886 0.00000000099999999999 
0.00000000100000000000 0.06519412272213873094 0.50277477985266028071 0.00027635691633810778 0.01722438961189340367 0.01143817367383476516 0.40309217322313473097 0.00000000100000000000 0.00000000100000000000 0.00000000100000000000 
0.00000000099999999998 0.00000000099999999998 0.45431406542372493318 0.00000000099999999998 0.00000000099999999998 0.00000000099999999998 0.46632596103717471880 0.00000000099999999998 0.00000000099999999998 0.07935996653910039333 
0.00000000099999999998 0.00000000099999999998 0.43527023366972544816 0.00000000099999999998 0.00000000099999999998 0.00000000099999999998 0.45645239455562647279 0.00000000099999999998 0.00000000099999999998 0.10827736477464809661 
0.00000000099999999999 0.00074881046126475147 0.35326041080546305428 0.05807004285544695166 0.00000000099999999999 0.00000000099999999999 0.46352706600885812405 0.00000000099999999999 0.00000005314183979417 0.12439361272712741446 
0.00000000099999999993 0.00000000099999999993 0.00000000099999999993 0.00000000099999999993 0.00000000099999999993 0.00000000099999999993 0.99999999100000003249 0.00000000099999999993 0.00000000099999999993 0.00000000099999999993 
0.01421225140932010425 0.23376357147570828166 0.36462521624113353180 0.09356451265932058670 0.00000000100000000000 0.00000007816315244396 0.22473330692703719080 0.02902552448403051058 0.02596669990679102702 0.01410883773350645777 
0.00000000099999999996 0.00000000099999999996 0.00000000099999999996 0.00000000099999999996 0.00000000099999999996 0.00000000099999999996 0.99999999099999992147 0.00000000099999999996 0.00000000099999999996 0.00000000099999999996 
0.00000000099999999999 0.00000000099999999999 0.48108079162601302681 0.00000051960522503135 0.00000000099999999999 0.02208612696513421320 0.49683255580362772896 0.00000000099999999999 0.00000000099999999999 0.00000000099999999999 
0.00000000099999999999 0.00000000099999999999 0.48025899262037458071 0.00004556505537272281 0.00000000099999999999 0.00000000099999999999 0.42460514905050245060 0.00000000099999999999 0.00000000099999999999 0.09509028727375028189 
0.01697164529569171465 0.30248511157560015183 0.26892831178320741881 0.10758522382383869931 0.00000000100000000000 0.03482620887790920799 0.26920349464375281645 0.00000000100000000000 0.00000000100000000000 0.00000000100000000000 
0.00580038936255054555 0.10971631658363686923 0.35613245406878474286 0.00000000100000000000 0.00000000100000000000 0.01611312289440390566 0.44528154134588371349 0.00000000100000000000 0.00000000100000000000 0.06695617174474019495 
0.00435343634821229106 0.32875122069686923965 0.25730060846826369181 0.10026577634905020631 0.03171420343134590675 0.00000027808053090732 0.26988904969918448007 0.00772542492654318142 0.00000000100000000000 0.00000000100000000000 
0.03065758980051065327 0.20147208620264728252 0.31072268020590171345 0.05440820511726168762 0.08460683466155057009 0.00000000100000000000 0.26798099531550872987 0.00013211485254568942 0.05001949184407375459 0.00000000100000000000 
0.02101405714641969846 0.21818583877404743032 0.34788611922715390046 0.09667922747771993952 0.06414849252656412704 0.00000000100000000000 0.25195381684164092073 0.00000000100000000000 0.00013244500645404528 0.00000000100000000000 
0.00000000099999999995 0.00000000099999999995 0.00000000099999999995 0.00000000099999999995 0.00000000099999999995 0.00000000099999999995 0.99999999100000003249 0.00000000099999999995 0.00000000099999999995 0.00000000099999999995 
0.00000000099999999998 0.07133514593794253178 0.50794272066420742551 0.00000000099999999998 0.00000000099999999998 0.00000000099999999998 0.42072212639785022681 0.00000000099999999998 0.00000000099999999998 0.00000000099999999998 
0.00000000099999999999 0.00000000099999999999 0.49852203208259643352 0.00000000099999999999 0.00000000099999999999 0.00000000099999999999 0.44410295894818124784 0.00000000099999999999 0.00000000099999999999 0.05737500196922227375 
0.00340899841458068564 0.00064615449688218342 0.36440927272825301975 0.01805971858613750203 0.00000000100000000000 0.00000000100000000000 0.47785814764085249307 0.00000000100000000000 0.00000000100000000000 0.13561770413329415907 
0.00000000100000000000 0.03515317368479410620 0.40424379006895216904 0.03718091779417490722 0.00000000100000000000 0.01720790178478256993 0.42595809008659313299 0.00000000100000000000 0.00000104530302074260 0.08025507827768230129 
0.00000000099999999999 0.08471464347285857788 0.11113202746526049114 0.00000000099999999999 0.00000000099999999999 0.00000000099999999999 0.46392755730872442532 0.00000000099999999999 0.01763231254761818759 0.32259345420553836581 
0.00000000099999999999 0.27211671731099779104 0.27423460477485556153 0.06322949863214558097 0.03907616346683904368 0.03027368803953098264 0.25132359062969666930 0.02074482129572449013 0.04900091385020993034 0.00000000099999999999 
0.00000000099999999999 0.00000000099999999999 0.48242631934653540382 0.00000000099999999999 0.00000000099999999999 0.00000000099999999999 0.51757367264883868962 0.00000000099999999999 0.00000000099999999999 0.00000000100462600374 
0.00000000099999999994 0.00000000099999999994 0.00000000099999999994 0.00000000099999999994 0.00000000099999999994 0.00000000099999999994 0.99999999100000003249 0.00000000099999999994 0.00000000099999999994 0.00000000099999999994 
0.00000000099999999999 0.28957533978815058751 0.28547030323155331288 0.11134546151431630456 0.00000000099999999999 0.00000000099999999999 0.28066254932144540923 0.00571486136758413404 0.02723148077695000321 0.00000000099999999999 
0.00000000099999999996 0.00000000099999999996 0.00000000099999999996 0.00000000099999999996 0.00000000099999999996 0.00000000099999999996 0.99999999099999992147 0.00000000099999999996 0.00000000099999999996 0.00000000099999999996 
0.02115850670623167784 0.30611887369313262042 0.25875504680249133971 0.07349632136843758934 0.00000000100000000000 0.00011162351195459781 0.29405020744036591829 0.00001050537942070023 0.00000000100000000000 0.04629891309796569515 
0.00000693277163506390 0.00046411867149221032 0.50610633033583229956 0.03074469165555033384 0.03558413356585227866 0.00000048814796220761 0.40152225867028257245 0.02557103706085167918 0.00000000812054151040 0.00000000100000000000 
0.00000000099999999998 0.00000000099999999998 0.49412094540546791510 0.00000000099999999998 0.00000000099999999998 0.00000000099999999998 0.50587904653964732571 0.00000000099999999998 0.00000000099999999998 0.00000000105488482630 
