0.00000000099999999999 0.00000000099999999999 0.99999999800000005656 
0.87909612315874241517 0.05761325999162422717 0.06329061684963339929 
0.32005982270752869612 0.35041755254954104482 0.32952262474293025907 
0.00000000099999999998 0.00000000099999999998 0.99999999799999994554 
0.00000000099999999998 0.00000000099999999998 0.99999999800000005656 
0.00000000099999999999 0.00000000099999999999 0.99999999799999994554 
0.84057354355176383542 0.03331134640872226299 0.12611511003951397791 
0.74696571141681544770 0.06801236826162039562 0.18502192032156422608 
0.42250377617854656398 0.30225939567168219613 0.27523682814977118438 
0.00000000099999999998 0.00000000099999999998 0.99999999800000005656 
0.16470658303577964676 0.52315579228378006338 0.31213762468044020659 
0.00000000099999999999 0.00000000099999999999 0.99999999800000005656 
0.81450402635922414252 0.08841070472570462802 0.09708526891507117396 
0.84616963133384892615 0.08601814384238089251 0.06781222482377019523 
0.99999993423725552777 0.00000000100000000000 0.00000006476274456754 
0.35002635305342971739 0.34746762671524522581 0.30250602023132505680 
0.00000000099999999998 0.00000000099999999998 0.99999999800000005656 
0.00000000099999999998 0.00000000099999999998 0.99999999799999994554 
0.00000000099999999999 0.00000000099999999999 0.99999999800000005656 
0.90528289058881661333 0.00000000100000000000 0.09471710841118342883 
0.89750901965139706640 0.02756176934315285668 0.07492921100545012203 
0.86843082624289658078 0.04043903447273516222 0.09113013928436837496 
0.00000000099999999999 0.00000000099999999999 0.99999999800000005656 
0.00000000099999999998 0.00000000099999999998 0.99999999800000005656 
0.00000000099999999998 0.00000000099999999998 0.99999999799999994554 
0.85581100468129145398 0.05741605775875325418 0.08677293755995527103 
0.87125447888800355845 0.05979323519203611631 0.06895228591996033218 
0.00000000099999999998 0.00000000099999999998 0.99999999799999994554 
0.00000000099999999999 0.00000000099999999999 0.99999999799999994554 
0.00000000099999999998 0.00000000099999999998 0.99999999799999994554 
0.82737787320769795585 0.07289615779799887840 0.09972596899430317963 
0.33290847042753984875 0.33160885581417781642 0.33548267375828233483 
0.00000000099999999999 0.00000000099999999999 0.99999999799999994554 
0.00000000099999999999 0.00000000099999999999 0.99999999800000005656 
0.00000000099999999998 0.00000000099999999998 0.99999999800000005656 
0.82196641538804215976 0.09219291031314102991 0.08584067429881689359 
0.85765108694555669544 0.05166991797587017210 0.09067899507857313246 
0.36474929631871710889 0.28892298551623940561 0.34632771816504354101 
0.41085152555669707253 0.33362796206078243477 0.25552051238252049270 
0.00000000099999999999 0.00000000099999999999 0.99999999800000005656 
0.00000000099999999998 0.00000000099999999998 0.99999999800000005656 
0.00000000099999999998 0.00000000099999999998 0.99999999799999994554 
0.86643838956632135417 0.05071754998487084526 0.08284406044880773812 
0.82917495621467074418 0.07959904565002413890 0.09122599813530520019 
0.37507268632648932405 0.31483919309490110416 0.31008812057860957179 
0.36724521990054304066 0.26457021691018373089 0.36818456318927311743 
0.00000000099999999999 0.00000000099999999999 0.99999999800000005656 
0.11453727014857462141 0.49645284377601878179 0.38900988607540659681 
0.91262016704793258448 0.01885931601635866886 0.06852051693570863911 
0.85828816206922453613 0.05303073146756533129 0.08868110646321011870 
0.97301656408447356750 0.00000255216277072970 0.02698088375275575074 
0.32349441504540038528 0.30971157452226377726 0.36679401043233572643 
0.42226054243171567970 0.32186111189781874131 0.25587834567046563450 
0.00000000099999999999 0.00000000099999999999 0.99999999800000005656 
0.00000000099999999999 0.00000000099999999999 0.99999999800000005656 
0.82869349045437490364 0.07026821465091093177 0.10103829489471422010 
0.85390590749010952809 0.02739765230924750758 0.11869644020064284984 
0.89782054095613050837 0.01043315848361347532 0.09174630056025598335 
0.40876993642286485464 0.26494066758919282423 0.32628939598794232113 
0.31488758291144169910 0.35770335494236049634 0.32740906214619780457 
0.00000000099999999999 0.00000000099999999999 0.99999999800000005656 
0.00000000099999999999 0.00000000099999999999 0.99999999799999994554 
0.85377036303991171717 0.00339182454584226450 0.14283781241424592379 
0.82961476283767121576 0.07596337756182210132 0.09442185960050679394 
0.86131931118018045801 0.06838391977140660660 0.07029676904841289375 
0.00000000099999999999 0.00000000099999999999 0.99999999800000005656 
0.00000000099999999998 0.00000000099999999998 0.99999999800000005656 
0.87878343977038197998 0.01024264537869587835 0.11097391485092204799 
0.84934665964496891544 0.06104820320077834761 0.08960513715425283410 
0.34344209432915973057 0.31534965106295465009 0.34120825460788561934 
0.88341434409637187297 0.04013314088534618990 0.07645251501828206897 
0.33601047664353989042 0.35520244955195073855 0.30878707380450931552 
0.33424543749717977592 0.32724084259051916534 0.33851371991230100322 
0.36765867620882813904 0.33051652873861026016 0.30182479505256160079 
0.31495474127220252081 0.35774142230655781027 0.32730383642123966892 
0.77370859195495889082 0.15392262653859120625 0.07236878150645001395 
0.44277295967620150519 0.30722477295642719453 0.25000226736737124478 
0.38860918338788918991 0.31963033464447743182 0.29176048196763343379 
0.81422221510228853791 0.09525277062202927580 0.09052501427568231118 
0.44152037803212090816 0.28760360816135671636 0.27087601380652237548 
0.32543677005384308298 0.38051745602891517972 0.29404577391724168178 
0.31571451077897821902 0.36812774484128757413 0.31615774437973420685 
0.37316749052696723821 0.29835306255480154025 0.32847944691823122154 
0.34277322625682865587 0.33256499438394093726 0.32466177935923040687 
0.23118291728012754782 0.14633946605637368488 0.62247761666349876730 
0.36571921465021017816 0.28955371870206536578 0.34472706664772440055 
0.38239065250253939654 0.31575843281573445775 0.30185091468172625673 
0.32507328151038084041 0.40799755953406274811 0.26692915895555635597 
0.00000000099999999998 0.00000000099999999998 0.99999999799999994554 
0.00000000099999999999 0.00000000099999999999 0.99999999799999994554 
0.81357661937278369368 0.06297322820798957610 0.12345015241922678573 
0.84064080717107803054 0.08489268298392185774 0.07446650984500011172 
0.83212720522115857236 0.07714912799820040912 0.09072366678064106016 
0.34717995345565638710 0.34011108808926437952 0.31270895845507934441 
0.35454003575255615965 0.37925106722272539095 0.26620889702471861593 
0.39211063049900557465 0.38817781546264668036 0.21971155403834777275 
0.11045536518658297109 0.65387462109899319174 0.23567001371442389268 
0.10981407102592055658 0.64319366736584782096 0.24699226160823167797 
0.05312095775583332291 0.94687880817725533777 0.00000023406691128397 
0.00000045092224403440 0.99999954807775603971 0.00000000100000000000 
0.00000000100000000000 0.99999999799999994554 0.00000000100000000000 
0.00000000100000000000 0.99999999800000005656 0.00000000100000000000 
0.08823489691510047472 0.91176510158215118285 0.00000000150274833091 
0.00000000100000000000 0.99999999800000005656 0.00000000100000000000 
0.03963626862021284863 0.92691862240518685390 0.03344510897460030441 
0.02745208627370355342 0.95628860956677852467 0.01625930415951794272 
0.13600087203801586311 0.65600788852987368394 0.20799123943211039744 
0.15428321544609874261 0.67138347142823906477 0.17433331312566224813 
0.04830193460437662289 0.95169347050871577753 0.00000459488690758465 
0.00548846102620439286 0.99451153717417861699 0.00000000179961696729 
0.00000000099999999999 0.99999999799999994554 0.00000000099999999999 
0.01083813787866390148 0.98916186112133597241 0.00000000100000000000 
0.03899262342741145054 0.88589360301581587809 0.07511377355677278933 
0.00000000099999999999 0.99999999799999994554 0.00000000099999999999 
0.02294949216103697731 0.95940093151165806162 0.01764957632730497494 
0.07383676665281097007 0.92616323234718900270 0.00000000100000000000 
0.12903829241540978878 0.65745767682668099230 0.21350403075790930219 
0.15479017578705248082 0.65688895765691146522 0.18832086655603608172 
0.08138835221527815356 0.89537304587407173795 0.02323860191064997319 
0.00000000099999999999 0.99999999800000005656 0.00000000099999999999 
0.04359825282180793127 0.92432141292096114960 0.03208033425723091220 
0.08975170853909071600 0.86955908665397385615 0.04068920480693537928 
0.00836094318955713650 0.97237475077724966344 0.01926430603319305782 
0.00000000100000000000 0.99999999418494134318 0.00000000481505860701 
0.00000000099999999999 0.99999999800000005656 0.00000000099999999999 
0.00625496287774206586 0.94991801887301619001 0.04382701824924178230 
0.05995111960989948918 0.92111916269137583679 0.01892971769872474341 
0.09340834421746510574 0.69740454519071259920 0.20918711059182223955 
0.12758193540985607317 0.62821038128267248091 0.24420768330747144592 
0.04518713233728310907 0.95422337069999063619 0.00058949696272627566 
0.06346970868669507548 0.93593710810557817492 0.00059318320772672531 
0.00000000099999999999 0.99999999799999994554 0.00000000099999999999 
0.00000000099999999999 0.99999999800000005656 0.00000000099999999999 
0.03165671283054549007 0.89549880738941256553 0.07284447978004195134 
0.08470224661886614770 0.87802359696328258210 0.03727415641785122857 
0.00000000099999999999 0.99999999799999994554 0.00000000099999999999 
0.11892547185354304662 0.68933065727493114672 0.19174387087152586218 
0.09537828187190608431 0.68218101348614046398 0.22244070464195342396 
0.08384267936580284963 0.87943434778266227347 0.03672297285153492546 
0.05579149854677019349 0.88614811278956029383 0.05806038866366947798 
0.01013520546554907455 0.94115304461967297378 0.04871174991477801586 
0.02606020662696367785 0.95367481010929167073 0.02026498326374469999 
0.14481056371677736294 0.67628983991435209777 0.17889959636887053929 
0.10953121407915605845 0.72145027959109153670 0.16901850632975248812 
0.07401942005470524277 0.74730536519412904539 0.17867521475116579510 
0.02130390886288124550 0.96136672315678872724 0.01732936798033009318 
0.00000026857098928658 0.99999973042901058040 0.00000000100000000000 
0.00000000100000000000 0.99999999799999994554 0.00000000100000000000 
0.06654766153030503006 0.85912324538732265378 0.07432909308237233004 
0.00007375188168781779 0.99817112777490335507 0.00175512034340884844 
0.11259770831807693059 0.68427184145754682554 0.20313045022437628551 
0.03174344869211589287 0.92353673319254014906 0.04471981811534403439 
0.00004334815679682569 0.99855644586109981731 0.00140020598210328375 
0.00052433903424449935 0.99947565918739633695 0.00000000177835907182 
0.14413321973026554934 0.64183114519900918982 0.21403563507072528860 
0.10100703765467600181 0.89233153703032330739 0.00666142531500065437 
0.12560905757055118581 0.66153104750273750145 0.21285989492671134049 
0.14066950119866303281 0.66380838171749612098 0.19552211708384084621 
0.13838966249399226038 0.66762061755454760181 0.19398971995146016556 
0.03700739624341355116 0.90818520140696279430 0.05480740234962366841 
0.00000000100000000000 0.99999999799999994554 0.00000000100000000000 
0.00000000100000000000 0.99999999800000005656 0.00000000100000000000 
0.11392638980627434186 0.87263162517787806749 0.01344198501584758371 
0.05933346033871927244 0.87347922908562636302 0.06718731057565431597 
0.36225222902188153329 0.63660767868196055375 0.00114009229615800729 
0.13829168754458071033 0.63677266184918179803 0.22493565060623749163 
0.00000000100000000000 0.99999999800000005656 0.00000000100000000000 
0.06372319137617470097 0.93626969935184845006 0.00000710927197684459 
0.05163328185359533640 0.69137527479399929486 0.25699144335240542425 
0.03687679907901587895 0.93277197878113138341 0.03035122213985275846 
0.15563099543319394713 0.66635912749075487671 0.17800987707605125943 
0.03778711974544037705 0.91798343783953451069 0.04422944241502511920 
0.00000000100000000000 0.99999999800000005656 0.00000000100000000000 
0.18761937889984076078 0.81238062010015921199 0.00000000100000000000 
0.09564640264375336154 0.90432312086993771327 0.00003047648630897058 
0.03643394501601184693 0.94549044105244883784 0.01807561393153933257 
0.11795757976235579645 0.71275275278034977422 0.16928966745729440158 
0.11204862188792216737 0.84011475406984470471 0.04783662404223319037 
0.09761245237910941286 0.90227250406091874524 0.00011504355997180610 
0.00577592328665113217 0.95386193534207597278 0.04036214137127294710 
0.06534476072069268782 0.93465516582818386482 0.00000007345112349893 
0.06987997207790411225 0.93012002692209594379 0.00000000100000000000 
0.09467255413556298349 0.87860847779532880164 0.02671896806910813507 
0.00130804070094518938 0.97576203703195041328 0.02292992226710440645 
0.17649223162498695050 0.60853963803381061481 0.21496813034120237917 
0.05131045294686714664 0.93953930690614084753 0.00915024014699202838 
0.04677485954706584598 0.95316821291506448333 0.00005692753786971562 
0.00000000100000000000 0.99999999800000005656 0.00000000100000000000 
0.00000000099999999999 0.99999999800000005656 0.00000000099999999999 
0.14171463326112074266 0.85828536573887925787 0.00000000100000000000 
0.00288179494968309260 0.99623839253101731384 0.00087981251929958543 
0.14302664372775686363 0.85697290516442359287 0.00000045110781964989 
0.99778301689161597032 0.00221698210838401936 0.00000000100000000000 
0.00000000099999999998 0.00000000099999999998 0.99999999800000005656 
0.85935901348116128240 0.04925585645538672203 0.09138513006345183598 
0.07880158322153146822 0.85857197439320576127 0.06262644238526289542 
0.36586373741753336342 0.38312485445981270260 0.25101140812265387847 
0.00000000100000000000 0.87683341832905881130 0.12316658067094124474 
0.99999999799999994554 0.00000000099999999999 0.00000000099999999999 
0.00000000099999999999 0.00000000099999999999 0.99999999799999994554 
0.71890842861444403944 0.12618019720064588274 0.15491137418491005007 
0.35417826718349021409 0.35097813519141701777 0.29484359762509265712 
0.00000000100000000000 0.99997321849267661875 0.00002678050732337139 
0.98336204689823547564 0.01663795210176455264 0.00000000100000000000 
0.00000000099999999999 0.00000000099999999999 0.99999999800000005656 
0.85036290675223280555 0.09068645327199308104 0.05895063997577406484 
0.00000000100000000000 0.99884999285338882391 0.00115000614661129978 
0.43680713306626028913 0.32220094088644657404 0.24099192604729316458 
0.11592311248398751156 0.81687161902625460286 0.06720526848975789946 
0.00000001383384075821 0.99723594388105352149 0.00276404228510576016 
0.00000000100000000000 0.99890072201687152287 0.00109927698312854466 
0.99999994029568795018 0.00000000100000000000 0.00000005870431205834 
0.81695709205021871391 0.06326125073653335318 0.11978165721324791904 
0.00000001296851092203 0.99999780127665605090 0.00000218575483299566 
0.33389204248205672787 0.35569492056821677695 0.31041303694972649518 
0.00003587035552289598 0.99199252974269613858 0.00797159990178098084 
0.91145305560771705533 0.03253089647460239570 0.05601604791768047958 
0.15959473737399307303 0.45800606757418010906 0.38239919505182684567 
0.83107078466729866761 0.06401053244767006267 0.10491868288503115869 
0.34582678281442708057 0.32718686273548863719 0.32698635445008433775 
0.00000000100000000000 0.99999832271678057438 0.00000167628321947555 
0.00000000099999999998 0.00000000099999999998 0.99999999800000005656 
0.06666855192315172818 0.79456196132996104176 0.13876948674688732721 
0.00000005303235599489 0.98857600455258476391 0.01142394241505933355 
0.99999999800000005656 0.00000000100000000000 0.00000000100000000000 
0.00000000100000000000 0.00001319312613769279 0.99998680587386223895 
0.07144948835219704086 0.77039003504225400665 0.15816047660554891086 
0.12047691747326072509 0.78454560240865756082 0.09497748011808164470 
0.00000000100000000000 0.99999999800000005656 0.00000000100000000000 
0.00000000100000000000 0.99999999800000005656 0.00000000100000000000 
0.99999999799999994554 0.00000000099999999999 0.00000000099999999999 
0.92074617361208388466 0.00004432563943593450 0.07920950074848014111 
0.11175584454929374245 0.76569062360104311882 0.12255353184966315261 
0.00000000100000000000 0.86408657125030652324 0.13591342774969353280 
0.00000000100000000000 0.99880740629001119046 0.00119259270998897031 
0.00000000100000000000 0.99999996966903237361 0.00000002933096759923 
0.00000000652093789095 0.99997641144397042545 0.00002358203509165651 
0.00032760596307682848 0.98763593635871327336 0.01203645767820988970 
0.91222017907368013745 0.08562661978730147505 0.00215320113901850156 
0.86211689213746656169 0.01278899124607137637 0.12509411661646202552 
0.00542792996384650409 0.96557215346806612999 0.02899991656808726878 
0.33972550367061465915 0.32293440169436915532 0.33734009463501613002 
0.00000000100000000000 0.95406519536703726647 0.04593480363296283120 
0.00000000546710966750 0.97480032562791163464 0.02519966890497872189 
0.00000000100000000000 0.98270448124207421259 0.01729551775792588161 
0.00000000100000000000 0.99918188245241312817 0.00081811654758692722 
0.97297913424614579370 0.00000001667075266215 0.02702084908310157380 
0.88806690117178255228 0.04478291931504316953 0.06715017951317435452 
0.00000000122643688358 0.99999923247136046633 0.00000076630220269209 
0.33635684909712643131 0.27969666201965348584 0.38394648888322019387 
0.11747713721281430321 0.81705992028249740944 0.06546294250468828735 
0.00000000100000000000 0.99999770860153613938 0.00000229039846383761 
0.00000000108040033443 0.99999999791959970352 0.00000000100000000000 
0.99999999800000005656 0.00000000099999999999 0.00000000099999999999 
0.87813292812703724888 0.04684217855296698985 0.07502489331999571964 
0.08405106429817589542 0.85037165021214600191 0.06557728548967806104 
0.39551320530895001104 0.37976438055512962144 0.22472241413592033976 
0.03480935772707177689 0.96430473124774251925 0.00088591102518572066 
0.00000000100000000000 0.97425358848408183388 0.02574641051591824992 
0.00000000100000000000 0.85259158510591126490 0.14740841389408873563 
0.95182438161459070880 0.00000001889881012834 0.04817559948659896896 
0.95000710526266474165 0.01845063195879328988 0.03154226277854202398 
0.06969338888116155539 0.74984504213892477775 0.18046156897991366685 
0.35828464086381467402 0.29865897023974652402 0.34305638889643885747 
0.02026915687507171299 0.94476362475480579750 0.03496721837012247563 
0.00000000126946131520 0.99587330085179337491 0.00412669787874531558 
0.02906803871392922220 0.95184251032135958059 0.01908945096471103067 
0.07629092267980558395 0.81582753314260603172 0.10788154417758850923 
0.00000000099999999999 0.00000000099999999999 0.99999999800000005656 
0.00000000100000000000 0.99999858346600289938 0.00000141553399718809 
0.00906910671984075510 0.99076550378386307738 0.00016538949629627705 
0.00000000394676546394 0.99251182320799735681 0.00748817284523717146 
0.99999999799999994554 0.00000000099999999999 0.00000000099999999999 
0.99999999799999994554 0.00000000100000000000 0.00000000100000000000 
0.83452119466311314167 0.08184186637135883180 0.08363693896552801266 
0.99999999800000005656 0.00000000099999999999 0.00000000099999999999 
0.99999999800000005656 0.00000000100000000000 0.00000000100000000000 
0.99999999799999994554 0.00000000099999999999 0.00000000099999999999 
0.15607295708279941837 0.64252901462613520867 0.20139802829106537296 
0.99999999799999994554 0.00000000100000000000 0.00000000100000000000 
0.99999999800000005656 0.00000000099999999999 0.00000000099999999999 
0.99999999800000005656 0.00000000100000000000 0.00000000100000000000 
0.99999999799999994554 0.00000000099999999999 0.00000000099999999999 
0.99999999799999994554 0.00000000100000000000 0.00000000100000000000 
0.08146345880689127850 0.72241177861635375024 0.19612476257675487412 
0.99999999800000005656 0.00000000099999999999 0.00000000099999999999 
0.99999999383014048782 0.00000000100000000000 0.00000000516985962909 
0.22534607602714779029 0.47503077237251967180 0.29962315160033259342 
0.99999999800000005656 0.00000000099999999999 0.00000000099999999999 
0.99999999799999994554 0.00000000099999999999 0.00000000099999999999 
0.98863932916502539339 0.00272644904382384878 0.00863422179115072574 
0.14750902997052753318 0.62261690220434562359 0.22987406782512673220 
0.99999999799999994554 0.00000000100000000000 0.00000000100000000000 
0.40313329887424181885 0.34657850631940090302 0.25028819480635722261 
0.89465727960727858825 0.10534271939272130125 0.00000000100000000000 
0.99999999800000005656 0.00000000099999999999 0.00000000099999999999 
0.98936095188694561653 0.01063014684479825570 0.00000890126825616717 
0.17814861728864345158 0.66313378649434107093 0.15871759621701553300 
0.99949568056561832741 0.00009606447115872931 0.00040825496322293548 
0.39644417765183831426 0.41539766034666231187 0.18815816200149940163 
0.98046808734188284351 0.01953191165811705987 0.00000000100000000000 
0.99999999800000005656 0.00000000100000000000 0.00000000100000000000 
0.89510484344468732587 0.05562405670927002971 0.04927109984604267218 
0.16437194469408966668 0.68488763761577653444 0.15074041769013368786 
0.99999999800000005656 0.00000000099999999999 0.00000000099999999999 
0.99999999800000005656 0.00000000100000000000 0.00000000100000000000 
0.99999999800000005656 0.00000000100000000000 0.00000000100000000000 
0.80428912603919500146 0.10823315154843919650 0.08747772241236580204 
0.99026555359759371733 0.00000000100000000000 0.00973444540240627106 
0.99999999799999994554 0.00000000100000000000 0.00000000100000000000 
0.95720467446638135556 0.00000922529385216638 0.04278610023976648497 
0.99999470223299613547 0.00000061729467386940 0.00000468047233007274 
0.99998064400268982244 0.00000000100000000000 0.00001935499731025167 
0.99999911678523056846 0.00000000100000000000 0.00000088221476934958 
0.39469965793709360646 0.40905621283386350839 0.19624412922904294065 
0.99999999800000005656 0.00000000099999999999 0.00000000099999999999 
0.99999999800000005656 0.00000000099999999999 0.00000000099999999999 
0.99999486332192799587 0.00000513453819378927 0.00000000213987815721 
0.89338675725217731038 0.03928699979000741666 0.06732624295781530765 
0.91820534512970020113 0.00000000100000000000 0.08179465387029986878 
0.99999999800000005656 0.00000000100000000000 0.00000000100000000000 
0.99999999800000005656 0.00000000100000000000 0.00000000100000000000 
0.97563919327178705299 0.00735855790354610333 0.01700224882466689139 
0.99999999799999994554 0.00000000100000000000 0.00000000100000000000 
0.85185490168870325878 0.14630261710441611056 0.00184248120688056908 
0.99999988896565028540 0.00000000112343219551 0.00000010991091753634 
0.95801719403353124971 0.00006720942682512235 0.04191559653964360699 
0.98131789703325134067 0.00001389420321596680 0.01866820876353270792 
0.38665986825561199369 0.33217473097882843636 0.28116540076555956995 
0.99934759826623509316 0.00000000137790696414 0.00065240035585779487 
0.99998555348816897670 0.00001444229630083559 0.00000000421553021715 
0.98849675718801621738 0.00494193273873901398 0.00656131007324476257 
0.96585776741064133244 0.00000000100000000000 0.03414223158935874441 
0.98642202392495703656 0.00000000100000000000 0.01357797507504289111 
0.99999999799999994554 0.00000000100000000000 0.00000000100000000000 
0.99999999800000005656 0.00000000099999999999 0.00000000099999999999 
0.36764337939835406432 0.29915691409183886584 0.33319970650980712534 
0.94085822494478776878 0.00000908636621331343 0.05913268868899887454 
0.99999999800000005656 0.00000000099999999999 0.00000000099999999999 
0.99999928967045359496 0.00000070932954647954 0.00000000100000000000 
0.98273800045004844339 0.00000000100000000000 0.01726199854995160918 
0.82987170764503548348 0.08225547470646005221 0.08787281764850432553 
0.99999999799999994554 0.00000000100000000000 0.00000000100000000000 
0.99999990700327301418 0.00000000100000000000 0.00000009199672692791 
0.37983386635333749037 0.38524269630907487239 0.23492343733758769275 
0.95152922748305812650 0.01847211583806119758 0.02999865667888075571 
0.99999999799999994554 0.00000000100000000000 0.00000000100000000000 
0.90442190527409715983 0.09557809372590279906 0.00000000100000000000 
0.99999999799999994554 0.00000000100000000000 0.00000000100000000000 
0.83748546816101387957 0.07904528017965467557 0.08346925165933148649 
0.94711047695518424394 0.05124154600476947541 0.00164797704004629171 
0.92915903491798657043 0.05621555500044559534 0.01462541008156776137 
0.38023694537194041576 0.29254729817866870212 0.32721575644939093763 
0.95474047666519956667 0.03323499072191829495 0.01202453261288218694 
0.99999999800000005656 0.00000000099999999999 0.00000000099999999999 
0.99999999800000005656 0.00000000099999999999 0.00000000099999999999 
0.87753341004308982320 0.06170985532292375814 0.06075673463398637009 
0.99952518685350355554 0.00000000100000000000 0.00047481214649642764 
0.99999999799999994554 0.00000000099999999999 0.00000000099999999999 
0.99999999800000005656 0.00000000099999999999 0.00000000099999999999 
0.99999999799999994554 0.00000000100000000000 0.00000000100000000000 
0.38236166800227266993 0.41796622399352112431 0.19967210800420626127 
