0.99999999699999997382 0.00000000099999999998 0.00000000099999999998 0.00000000099999999998 
0.05870225717838517543 0.00864822937539029730 0.04671543137239215354 0.88593408207383239628 
0.31886775308223236358 0.07815271954444456826 0.33581742986094198500 0.26716209751238101378 
0.99999999699999997382 0.00000000099999999998 0.00000000099999999998 0.00000000099999999998 
0.99999999700000008485 0.00000000099999999997 0.00000000099999999997 0.00000000099999999997 
0.99999999699999997382 0.00000000099999999998 0.00000000099999999998 0.00000000099999999998 
0.10487074210589591994 0.00000000150928777845 0.02598995316299323316 0.86913930322182308963 
0.17120850482846225460 0.00000000100000000000 0.04600690006524214837 0.78278459410629563919 
0.26264276799652669370 0.06768914303712036951 0.28562835877022080266 0.38403973019613207862 
0.99999999700000008485 0.00000000099999999997 0.00000000099999999997 0.00000000099999999997 
0.30392975809537203791 0.00000000100000000000 0.51166548098341257944 0.18440475992121546644 
0.99999999699999997382 0.00000000099999999999 0.00000000099999999999 0.00000000099999999999 
0.08961033696831460782 0.00037775404363137082 0.07004814256015357010 0.83996376642790049338 
0.04954138155609185551 0.02675153478839863500 0.07824615231355670775 0.84546093134195288155 
0.00000000099999999999 0.00000000099999999999 0.00000000099999999999 0.99999999699999997382 
0.28908969488263075442 0.01228131852109589674 0.33483006070949078437 0.36379892588678258702 
0.99999999700000008485 0.00000000099999999997 0.00000000099999999997 0.00000000099999999997 
0.99999999699999997382 0.00000000099999999997 0.00000000099999999997 0.00000000099999999997 
0.99999999699999997382 0.00000000099999999998 0.00000000099999999998 0.00000000099999999998 
0.07902421123373577772 0.00000005108046611444 0.00000000100000000000 0.92097573668579801875 
0.06921036329297836076 0.01283556519822671299 0.00122395998866488146 0.91673011152013006431 
0.07326802434140841647 0.00000000100000000000 0.01320594779425385626 0.91352602686433781454 
0.99999999700000008485 0.00000000099999999998 0.00000000099999999998 0.00000000099999999998 
0.99999999700000008485 0.00000000099999999997 0.00000000099999999997 0.00000000099999999997 
0.99999999699999997382 0.00000000099999999997 0.00000000099999999997 0.00000000099999999997 
0.07372132664973857219 0.00000000100000000000 0.02151580787925416391 0.90476286447100728871 
0.04071694327578793959 0.00000000100000000000 0.04061266541633168359 0.91867039030788044673 
0.99999999699999997382 0.00000000099999999997 0.00000000099999999997 0.00000000099999999997 
0.99999999700000008485 0.00000000099999999998 0.00000000099999999998 0.00000000099999999998 
0.99999999700000008485 0.00000000099999999997 0.00000000099999999997 0.00000000099999999997 
0.07396696579169106944 0.00000000100000000000 0.05313198711210771058 0.87290104609620122744 
0.32055047884061521613 0.00000000100000000000 0.31938669009612769001 0.36006283006325712215 
0.99999999700000008485 0.00000000099999999998 0.00000000099999999998 0.00000000099999999998 
0.99999999700000008485 0.00000000099999999999 0.00000000099999999999 0.00000000099999999999 
0.99999999699999997382 0.00000000099999999997 0.00000000099999999997 0.00000000099999999997 
0.07476773144528092718 0.00002897560206589574 0.07443592655530674451 0.85076736639734640288 
0.07771166704313189899 0.00009130357707551176 0.03962210493968986585 0.88257492444010277044 
0.33347898568677458719 0.00039812204918610283 0.28003518916434144703 0.38608770309969786538 
0.25783087919152308798 0.14715072117536603935 0.32435423310312638812 0.27066416652998454007 
0.99999999700000008485 0.00000000099999999998 0.00000000099999999998 0.00000000099999999998 
0.99999999699999997382 0.00000000099999999997 0.00000000099999999997 0.00000000099999999997 
0.99999999700000008485 0.00000000099999999998 0.00000000099999999998 0.00000000099999999998 
0.07835375481403371312 0.00000000189725121671 0.04052951463190452436 0.88111672865681056610 
0.07915759742125373644 0.02097811591695940975 0.06979732979600478116 0.83006695686578202409 
0.29946492340272079513 0.00053136121562508414 0.30351686492628604519 0.39648685045536818938 
0.35297338237795711224 0.00363134541430290125 0.25456515625375475409 0.38883011595398514482 
0.99999999700000008485 0.00000000099999999999 0.00000000099999999999 0.00000000099999999999 
0.37405023448339347336 0.00000000100000000000 0.48093845736619944553 0.14501130715040710939 
0.05738214260678495965 0.00168950187369647535 0.00294713117941169164 0.93798122434010688941 
0.07375823028112681035 0.00000000100000000000 0.03808711862010296517 0.88815465009877025970 
0.00000079279327927939 0.00000000100000000000 0.00000000100000000000 0.99999920520672069824 
0.34962187101897601593 0.02591078097538260586 0.29554921668737921259 0.32891813131826208583 
0.26719149884895521119 0.18107076005028246990 0.31033757245559029370 0.24140016864517202522 
0.99999999700000008485 0.00000000099999999998 0.00000000099999999998 0.00000000099999999998 
0.99999999699999997382 0.00000000099999999998 0.00000000099999999998 0.00000000099999999998 
0.08634725969853272731 0.03036954413863025143 0.05933713795560802834 0.82394605820722899292 
0.10898209016739696109 0.00000000100000000000 0.00154644046757002615 0.88947146836503310219 
0.06902361822619942910 0.00000000100000000000 0.00000000100000000000 0.93097637977380065522 
0.31143593480461734258 0.03518958189124155034 0.24739790024464033968 0.40597658305950073965 
0.31546092897040534098 0.03451681397017353214 0.34062630179931641106 0.30939595526010477133 
0.99999999700000008485 0.00000000099999999998 0.00000000099999999998 0.00000000099999999998 
0.99999999699999997382 0.00000000099999999999 0.00000000099999999999 0.00000000099999999999 
0.11771653900174562646 0.00000000100000000000 0.00000000303276124423 0.88228345696549304034 
0.07336557002434404562 0.00000000100000000000 0.06521144099227646485 0.86142298798337946231 
0.05792058191843747067 0.00000000100000000000 0.05070197633909749590 0.89137744074246505477 
0.99999999700000008485 0.00000000099999999998 0.00000000099999999998 0.00000000099999999998 
0.99999999700000008485 0.00000000099999999997 0.00000000099999999997 0.00000000099999999997 
0.08734618084168643826 0.00000000100000000000 0.00000059438541015903 0.91265322377290336586 
0.07983579445387808948 0.00000000100000000000 0.04795540154996661558 0.87220880299615533016 
0.32051217773710299896 0.00000000108099346012 0.30417638496411980586 0.37531143621778373376 
0.05711282598259598969 0.00000000100000000000 0.02002351293843013594 0.92286366007897391306 
0.28619924858565348735 0.00000000100000000000 0.34274019177353698407 0.37106055864080950135 
0.31858853607810744268 0.00000000100000000000 0.31093962041943984387 0.37047184250245268622 
0.27859195324586993880 0.02694705267139910557 0.31514086907066474197 0.37932012501206630040 
0.31340621199030027633 0.00306505750769184076 0.34259795255293573613 0.34093077794907200584 
0.06400430093483162886 0.09509593805256909282 0.15057086298895927534 0.69032889802363994747 
0.25500267192504000313 0.14801095240220385474 0.29342977876435816231 0.30355659690839803533 
0.27383987813963478475 0.00000000100000000000 0.30137867398113149520 0.42478144687923369283 
0.08083992584072002829 0.00000000100000000000 0.08171637433031160580 0.83744369882896840807 
0.26914004016282144782 0.14960651615941331083 0.28026571169064462552 0.30098773198712058807 
0.28251183483844732880 0.00000000100000000000 0.36666928030786033466 0.35081888385369230932 
0.30158038285041333104 0.00154221286226872588 0.35709320153969964506 0.33978420274761839126 
0.31174173736489119158 0.02138906940649688143 0.28585535007688595011 0.38101384315172592832 
0.30723088584704749682 0.00000000100000000000 0.31780134545219307363 0.37496776770075956886 
0.61338837215929631341 0.00141051991538002487 0.14800675338269075887 0.23719435454263287921 
0.33163693537580207771 0.02719289639567662453 0.27205205927130049481 0.36911810895722085846 
0.29115085740037149886 0.03630904392288600985 0.30362280893533355464 0.36891728974140891584 
0.26337288059583707778 0.00137757161547535185 0.39202581054969593000 0.34322373723899163300 
0.99999999699999997382 0.00000000099999999998 0.00000000099999999998 0.00000000099999999998 
0.99999999699999997382 0.00000000099999999998 0.00000000099999999998 0.00000000099999999998 
0.11133321427331961673 0.00000018171632309819 0.04605000072328897798 0.84261660328706833312 
0.06058865428268230685 0.00000000100000000000 0.06680846542582738468 0.87260287929149027430 
0.08655168883265665358 0.00000206687084537197 0.05965550789186690323 0.85379073640463110095 
0.29700343174355459119 0.00969481598598136499 0.32730740719595519117 0.36599434507450889775 
0.25359632734137199650 0.07541620324778407214 0.36906332180708906199 0.30192414760375474447 
0.21014250770121656320 0.03125396560441121713 0.38013586222669193404 0.37846766446768043135 
0.22757254058345402492 0.00605109504076005705 0.64602885397427378678 0.12034751040151217549 
0.23894451517388254347 0.00000000100000000000 0.63006305797519224221 0.13099242585092524260 
0.00000000100000000000 0.00000299820008908765 0.92565779622533572724 0.07433920457457530995 
0.00000000100000000000 0.01864171315382800315 0.98135828484617193546 0.00000000100000000000 
0.00000000100000000000 0.01304819346815495017 0.98695180453184494507 0.00000000100000000000 
0.00000000099999999999 0.07686043826422635228 0.92313955973577355163 0.00000000099999999999 
0.00000000100000000000 0.05581249274755040179 0.88914801131545884161 0.05503949493699073631 
0.00000000100000000000 0.04134861342381617594 0.95865138457618370715 0.00000000100000000000 
0.02631839721905789714 0.07233596410108378283 0.90082200422638547543 0.00052363445347285858 
0.01139995020347932264 0.06365929762952238224 0.92486027200632781042 0.00008048016067054950 
0.19656342659022382757 0.01292759945524229320 0.64318578594962105832 0.14732318800491281396 
0.16160213523893415810 0.00000000100000000000 0.65441622226014473096 0.18398164150092100044 
0.00000000330453981287 0.00348983460048305242 0.93432124027968466162 0.06218892181529246665 
0.00000000100000000000 0.00000000100000000000 0.96396211606669512939 0.03603788193330481615 
0.00000000099999999999 0.04126113304666094439 0.95873886495333904278 0.00000000099999999999 
0.00000000099999999999 0.14504086607791297214 0.85495913192208683462 0.00000000099999999999 
0.07095611647402595701 0.00000534890406382375 0.87216336182515763475 0.05687517279675244342 
0.00000000099999999999 0.00000000099999999999 0.99999999699999986280 0.00000000099999999999 
0.01085365253373923519 0.00000000159372973133 0.93233465663965675585 0.05681168923287430172 
0.00000000100000000000 0.00288651337298648008 0.90990712710611865166 0.08720635852089486661 
0.20890015223510477460 0.00171554020061505429 0.64838076535384925325 0.14100354221043098768 
0.17868647135474849397 0.00155266051919731619 0.64635529109613398813 0.17340557702992026590 
0.01398078131787450044 0.02672179376147515092 0.87912884640275446024 0.08016857851789592482 
0.00000000099999999999 0.00000000099999999999 0.99999999699999986280 0.00000000099999999999 
0.02524774654912679758 0.04913416974841817303 0.90644446793186439493 0.01917361577059059283 
0.03480480463720955764 0.09805314418449216640 0.85178593255770362891 0.01535611862059450827 
0.01301565699424982181 0.00007233704605877274 0.95531438937135981782 0.03159761658833156600 
0.00000000099999999999 0.00000000099999999999 0.99999999699999986280 0.00000000099999999999 
0.00000000099999999999 0.10859018562297381716 0.89140981237702610063 0.00000000099999999999 
0.03820875047497743898 0.00000000100000000000 0.92703611685637099527 0.03475513166865156628 
0.01345365681891387208 0.06356083454784933195 0.89726896279587842198 0.02571654583735836358 
0.20535036792638611258 0.03540730534423893600 0.68655742298421307268 0.07268490374516189956 
0.23454603648178540265 0.00000000100000000000 0.61240260632846443833 0.15305135618975007628 
0.00000086903551412825 0.03025696061530940006 0.92551869856476043363 0.04422347178441606019 
0.00000019021461455621 0.07028492685048876032 0.91219769961349050913 0.01751718332140622322 
0.00000000099999999999 0.04382347355172211412 0.95617652444827794245 0.00000000099999999999 
0.00000000099999999999 0.03281641498797879114 0.96718358301202111971 0.00000000099999999999 
0.06537962583158420105 0.04326822431829821514 0.87683605557481814063 0.01451609427529940155 
0.03131099421858974524 0.00000000100000000000 0.85713418819353193179 0.11155481658787827492 
0.00000000099999999999 0.00000000099999999999 0.99999999699999986280 0.00000000099999999999 
0.18108899783289619800 0.00000000103090004093 0.67620915183109242541 0.14270184930511131682 
0.20636402384159469037 0.00000000100000000000 0.66111886743052161730 0.13251710772788383164 
0.03214174791294614753 0.01688075152003503179 0.86589746032147285604 0.08508004024554582934 
0.04900933032188316968 0.00798706206101615530 0.87591247244167824704 0.06709113517542247829 
0.04432504996164268740 0.02398666722584059940 0.92178569850711544742 0.00990258430540141149 
0.01152039916996555613 0.00000000100000000000 0.92858930263540162553 0.05989029719463286744 
0.16891540194535115127 0.00133933169331091131 0.66223418476735651517 0.16751108159398128694 
0.17361667733516006340 0.00579958618448802969 0.70677902341586051893 0.11380471306449134461 
0.16744797236865396894 0.00000000100000000000 0.73311597661739136278 0.09943605001395472431 
0.00941635076017640661 0.00000000100000000000 0.94343579921103259966 0.04714784902879094741 
0.00000000100000000000 0.06738823459404265359 0.93261176340595719481 0.00000000100000000000 
0.00000000099999999999 0.09163773447635263636 0.90836226352364723979 0.00000000099999999999 
0.07293053406061554556 0.08996562231442255253 0.83698748048088078555 0.00011636314408114176 
0.00000234980035298144 0.00000000100000000000 0.97422933442642944968 0.02576831477321757727 
0.19236507014049289421 0.01353554928249705788 0.67081378219767462401 0.12328559837933547594 
0.03830981053883907722 0.00000000100000000000 0.90934189250238517399 0.05234829595877567299 
0.00035335054696861531 0.00000000100000000000 0.98049955411810707506 0.01914709433492422022 
0.00000000100000000000 0.08146140628106071646 0.91853859171893925684 0.00000000100000000000 
0.20682893426071469190 0.01609673092101999298 0.63245667762144186508 0.14461765719682345699 
0.00058696066209723737 0.07655673738914879622 0.87441692904037804368 0.04843937290837588977 
0.20425592075848161833 0.00000013082599024651 0.64784926059346525928 0.14789468782206285913 
0.18638684367840491207 0.01499735431210973309 0.65370308507237195883 0.14491271693711338386 
0.19185948537463332064 0.01581540206013472977 0.65405182764595592992 0.13827328491927609599 
0.04837774588118792102 0.00000014441341795492 0.89151057238950770500 0.06011153731588648325 
0.00000000100000000000 0.00000000100000000000 0.99999999699999997382 0.00000000100000000000 
0.00000000100000000000 0.04204461520588138879 0.95795538279411862614 0.00000000100000000000 
0.01248878148067233095 0.10388378374984341690 0.86194070788887033885 0.02168672688061396361 
0.06476493436759300781 0.07543765154822573704 0.85305084378157980396 0.00674657030260153272 
0.03020265745865105891 0.24525982845838908974 0.62514157214678522934 0.09939594193617461160 
0.20840929456351056648 0.00000000100000000000 0.61688591691556737828 0.17470478752092216679 
0.00000000100000000000 0.00000000100000000000 0.99999999699999986280 0.00000000100000000000 
0.00000000100000000000 0.00001586807231817359 0.91211541157016429171 0.08786871935751759677 
0.24480878614486251132 0.00000000100000000000 0.67764661346942578479 0.07754459938571173216 
0.02206218558332451174 0.00409926815067518640 0.91668217468401458348 0.05715637158198573486 
0.16941655323022072888 0.05888571633785258386 0.65453706423826629734 0.11716066619366045931 
0.03788053450826556895 0.00375779142719006838 0.90460487844316972428 0.05375679562137455902 
0.00000000100000000000 0.00000008713791289339 0.99999991086208706026 0.00000000100000000000 
0.00000000100000000000 0.23236635404694433449 0.76763364395305566656 0.00000000100000000000 
0.00000000772487210522 0.14149490218476315495 0.85850508909036482574 0.00000000100000000000 
0.00954566508171225854 0.00463544762998643889 0.93792950659465257335 0.04788938069364864075 
0.15847199540887441094 0.00000000155512221754 0.69643900627363086731 0.14508899676237249632 
0.04334928871572081566 0.04196859103655890127 0.82923396962897000240 0.08544815061875023210 
0.00000401551355513387 0.10146276406375777379 0.88410469630433718979 0.01442852411834986449 
0.03224124975870059501 0.00000000100000000000 0.93341294184908352172 0.03434580739221599482 
0.00000000100000000000 0.08758667551265662821 0.90041567352122620083 0.01199764996611720619 
0.00000000099999999999 0.16294456757512690293 0.83705543042487295935 0.00000000099999999999 
0.01840144490614797901 0.02003289315910568996 0.86476863159688033278 0.09679703033786592192 
0.01668539247544593984 0.01701335506683663776 0.96542141351434951346 0.00087983894336797833 
0.20747544310423715608 0.00832065217067077742 0.59850248843059872250 0.18570141629449343768 
0.00117195128804524376 0.00000000100000000000 0.92472751418072729468 0.07410053353122748876 
0.00000014055406441068 0.00283686152712438709 0.93701058901890676989 0.06015240889990446094 
0.00000000100000000000 0.00000000100000000000 0.99999999699999986280 0.00000000100000000000 
0.00000000099999999999 0.04437204209186619563 0.95562795590813376378 0.00000000099999999999 
0.00000000100000000000 0.17681223251644354044 0.82318776548355632183 0.00000000100000000000 
0.00000190712949488283 0.00217274696173401158 0.97289445823277687087 0.02493088767599433223 
0.00000000100000000000 0.12949130697479266372 0.83890455438202193861 0.03160413764318548840 
0.00000000100000000000 0.18020209188140373646 0.00000000409037286661 0.81979790302822341808 
0.99999999699999997382 0.00000000099999999997 0.00000000099999999997 0.00000000099999999997 
0.07992080497763144609 0.00000029618324560898 0.03817196372903162993 0.88190693511009121686 
0.05483493613901171265 0.00103815972311940255 0.84436468492576788325 0.09976221921210100263 
0.23584594319875165636 0.00000000100000000000 0.36074874637586956672 0.40340530942537872194 
0.11989452019248335313 0.00000000100000000000 0.88010547780751668956 0.00000000100000000000 
0.00000000099999999999 0.07984089380799193336 0.00000000099999999999 0.92015910419200797055 
0.99999999699999997382 0.00000000099999999998 0.00000000099999999998 0.00000000099999999998 
0.13660818457050069585 0.00000000100000000000 0.11576102692057417543 0.74763078750892497659 
0.27914999693575553996 0.00000000100000000000 0.33329194119887450842 0.38755806086536986887 
0.00000007897714071875 0.00000000100000000000 0.99999991902285922940 0.00000000100000000000 
0.00000000100000000000 0.27248907693408286335 0.00010493483819538016 0.72740598722772187301 
0.99999999699999997382 0.00000000099999999998 0.00000000099999999998 0.00000000099999999998 
0.05648586365937382364 0.00000000100000000000 0.04954301768048175597 0.89397111766014436540 
0.00000628092868790411 0.00000000100000000000 0.99999371707131201603 0.00000000100000000000 
0.23689471094640260351 0.01728884512717155167 0.30987021526294317164 0.43594622866348270440 
0.06135043038434059154 0.05537507729123787581 0.80520495736325803371 0.07806953496116356139 
0.00005240999023938223 0.02990484558954183483 0.97004274342021890032 0.00000000100000000000 
0.00000895002029351793 0.00000000099999999999 0.99999104797970650438 0.00000000099999999999 
0.00000000100000000000 0.07271544963716043697 0.00000000100000000000 0.92728454836283957796 
0.10699695432199531064 0.00000000100000000000 0.04008176193528458636 0.85292128274272016597 
0.00000000866520922794 0.00018318885554733161 0.99981680147924334445 0.00000000100000000000 
0.28828815583638756070 0.00000000100000000000 0.34223561873828084456 0.36947622442533156750 
0.00033017752403978419 0.03878939471999919703 0.96088042675596108122 0.00000000100000000000 
0.04698959557799833875 0.04587791219211362348 0.02562741130800173794 0.88150508092188628595 
0.36595292971420850803 0.00000000100000000000 0.44633537213874807659 0.18771169714704341591 
0.09846601396117282690 0.00403588653796172880 0.06100259525240086383 0.83649550424846452756 
0.31655000651809472867 0.00000254676533865571 0.31833484470229672647 0.36511260201426981586 
0.00000000099999999999 0.00000000099999999999 0.99999999699999997382 0.00000000099999999999 
0.99999999699999997382 0.00000000099999999998 0.00000000099999999998 0.00000000099999999998 
0.13229770421668837765 0.00839889383169765448 0.78731511030003342722 0.07198829165158042442 
0.00481943108579532906 0.00608565199204679549 0.98909491592215792455 0.00000000100000000000 
0.00000000099999999999 0.04505490765264549835 0.00000000099999999999 0.95494509034735441944 
0.99999543492088538432 0.00000000099999999999 0.00000456307911451608 0.00000000099999999999 
0.15209276516342482011 0.00000002216408160043 0.76232948527875410427 0.08557772739373950555 
0.09628541635753994077 0.01681397584429367154 0.76391637526303224348 0.12298423253513413034 
0.00000000100000000000 0.00000000100000000000 0.99999999699999986280 0.00000000100000000000 
0.00000000099999999999 0.00000000099999999999 0.99999999699999997382 0.00000000099999999999 
0.00000000099999999999 0.21378810651742330418 0.00000000099999999999 0.78621189148257675239 
0.05936457769828337033 0.00000000100000000000 0.00000000100000000000 0.94063542030171665154 
0.11749387666223938542 0.02262126583893052378 0.75790506585725314626 0.10197979164157705556 
0.13200275510611031438 0.00000000099999999999 0.86799724289388957565 0.00000000099999999999 
0.00000169116072327934 0.00000000100000000000 0.99999830683927659614 0.00000000100000000000 
0.00000000099999999999 0.00000000099999999999 0.99999999699999986280 0.00000000099999999999 
0.00000003461807354443 0.00000000100000000000 0.99999996338192653766 0.00000000100000000000 
0.00661082086366693387 0.00000000100000000000 0.97365724806259579260 0.01973193007373730962 
0.01607183972591576943 0.35112306956407657310 0.08210349702826291729 0.55070159368174487202 
0.11065418084723727121 0.00000070294040351466 0.00000734739868737330 0.88933776881367188061 
0.01981674961542133698 0.00000183935368381899 0.95826170701366120142 0.02191970401723365020 
0.31936445575873961822 0.00000000100000000000 0.30756498629370060405 0.37307055694755975050 
0.04326785056395947293 0.00000000100000000000 0.95673214743604040322 0.00000000100000000000 
0.02103712103187894283 0.00000000100000000000 0.97026187106182959496 0.00870100690629151130 
0.01089681970039272849 0.00000000100000000000 0.98910317829960725522 0.00000000100000000000 
0.00000626365153919418 0.00000040900499763388 0.99999332634346305149 0.00000000100000000000 
0.01058231302926088309 0.03598919567445466733 0.00000000100000000000 0.95342849029628440327 
0.05615525059389908646 0.00000000100000000000 0.01392738061827895890 0.92991736778782185802 
0.00000000100000000000 0.00000000100000000000 0.99999999699999986280 0.00000000100000000000 
0.37442672682659078331 0.00000000127854575290 0.26500095688616670531 0.36057231500869663110 
0.05814118363653475452 0.00771017173310725810 0.80396154757495108534 0.13018709705540695842 
0.00000003827815496339 0.00000000200582868762 0.99999995871601632391 0.00000000100000000000 
0.00000000100000000000 0.02170102523970170866 0.97829897276029820219 0.00000000100000000000 
0.00000000099999999999 0.00003085984625051998 0.00000000099999999999 0.99996913815374954826 
0.06493939281565200283 0.00000041340334134209 0.00511963891242693449 0.92994055486857973847 
0.05938950050479382958 0.03001090032441106406 0.84014494198380129664 0.07045465718699370217 
0.21561522652764023023 0.01748529702133363659 0.36990210873152956639 0.39699736771949650782 
0.00000085827149340718 0.00000000100000000000 0.94690115946804431779 0.05309798126046235550 
0.01547480964033930845 0.00000000100000000000 0.98452518835966063016 0.00000000100000000000 
0.14318121335558448015 0.00000010772873099623 0.85681867791568444570 0.00000000100000000000 
0.03309616594902489023 0.05102899797476442845 0.00000000100000000000 0.91587483507621059164 
0.01114049461034477204 0.00000000100000000000 0.00052146472915939629 0.98833803966049593726 
0.17221069023020826871 0.00000000100000000000 0.73222604504078314669 0.09556326372900858512 
0.32673449376864577287 0.00000000100000000000 0.28409589974079196839 0.38916960549056234253 
0.02521719139028836404 0.00429185680567865675 0.93022844297293216798 0.04026250883110085721 
0.00014510491974174786 0.05113457908909400940 0.94872031499116427078 0.00000000100000000000 
0.01062528579022827165 0.00326107221255345602 0.94041405086852702944 0.04569959112869127066 
0.09692518438476339926 0.00484039194541183073 0.80390454785476583854 0.09432987581505884733 
0.99999999699999997382 0.00000000099999999998 0.00000000099999999998 0.00000000099999999998 
0.00000000100000000000 0.00000000100000000000 0.99999999699999986280 0.00000000100000000000 
0.00000000383351219619 0.00000000100000000000 0.96620717494607921694 0.03379282022040857453 
0.00073411937133147087 0.00000000100000000000 0.99865883507621666659 0.00060704455245180896 
0.00000000099999999994 0.99999999699999997382 0.00000000099999999994 0.00000000099999999994 
0.00000000099999999994 0.99999999699999997382 0.00000000099999999994 0.00000000099999999994 
0.06124076038740509237 0.04840889988356796708 0.07274424009469618313 0.81760609963433072966 
0.00000000099999999999 0.10629446513777437988 0.00000000099999999999 0.89370553286222564893 
0.00000000099999999999 0.00000000099999999999 0.00000000099999999999 0.99999999699999997382 
0.00000000099999999999 0.00000000099999999999 0.00000000099999999999 0.99999999699999997382 
0.19253553379103585663 0.02239032150435809471 0.63112094301037813260 0.15395320169422793688 
0.00000000100000000000 0.06994969153820797259 0.00000000100000000000 0.93005030646179198683 
0.00000000099999999995 0.99999999700000008485 0.00000000099999999995 0.00000000099999999995 
0.00000000099999999995 0.99999999700000008485 0.00000000099999999995 0.00000000099999999995 
0.00000000099999999999 0.00000000099999999999 0.00000000099999999999 0.99999999700000008485 
0.00000000099999999999 0.00000000099999999999 0.00000000099999999999 0.99999999699999997382 
0.18662428707053019261 0.02051903377040509985 0.71477342567126722628 0.07808325348779750208 
0.00000000099999999999 0.01218945547810815905 0.00000000099999999999 0.98781054252189182119 
0.00000000099999999995 0.99999999700000008485 0.00000000099999999995 0.00000000099999999995 
0.29433206014061213951 0.00683559946850869574 0.46069378283600687096 0.23813855755487242649 
0.00000000099999999999 0.31123283114153782458 0.00000000099999999999 0.68876716685846206545 
0.00000000099999999999 0.00000000099999999999 0.00000000099999999999 0.99999999699999997382 
0.00000000150302005162 0.01939939923454413531 0.00000005176272193171 0.98060054749971392596 
0.21929580919016569696 0.00000865313183182342 0.61324239456024431938 0.16745314311775827409 
0.00000000099999999996 0.99999999700000008485 0.00000000099999999996 0.00000000099999999996 
0.23433391643286330397 0.05730676045946248715 0.33299095022256353094 0.37536837288511076816 
0.00000000100000000000 0.30525107447151922369 0.09805406151422535466 0.59669486301425544994 
0.00000000099999999999 0.00000000099999999999 0.00000000099999999999 0.99999999700000008485 
0.00000000100000000000 0.10618708031629606192 0.00000727959470968348 0.89380563908899424153 
0.15091058584099101281 0.07073624171267885175 0.64294664528480949262 0.13540652716152062895 
0.00000000099999999996 0.99999999700000008485 0.00000000099999999996 0.00000000099999999996 
0.17601039424682904388 0.07031196946793419333 0.40051538601192748779 0.35316225027330938602 
0.00000000100000000000 0.26406363143476774269 0.00081042041642336732 0.73512594714880885594 
0.00000000099999999999 0.05445561400916735378 0.00000000099999999999 0.94554438399083262645 
0.03198422987379744703 0.08550355447692051247 0.03676184214690046692 0.84575037350238146949 
0.14495950939970322913 0.07501144460947141435 0.67295040997228139368 0.10707863601854400448 
0.00000000099999999999 0.23959520063011219282 0.00000000099999999999 0.76040479736988786374 
0.00000000100000000000 0.18223515557365804751 0.00000000100000000000 0.81776484242634206456 
0.00000000100000000000 0.14373017877092097994 0.00000000100000000000 0.85626981922907907663 
0.08046149763372534292 0.00000247238994911673 0.08512686504021856060 0.83440916493610706173 
0.00702907412721068010 0.07860282880123165006 0.00000000100000000000 0.91436809607155777879 
0.00000000099999999999 0.00000324366366101840 0.00000000099999999999 0.99999675433633905541 
0.03486176320018159747 0.04676634599108939888 0.00000002902119619391 0.91837186178753282828 
0.00000000099999999995 0.99999999699999997382 0.00000000099999999995 0.00000000099999999995 
0.00000000100000000000 0.11738662450631051626 0.00000000100000000000 0.88261337349368951255 
0.00000000100000000000 0.08593503538060404123 0.00000000100000000000 0.91406496261939595982 
0.18915286178225848568 0.00986317450334420719 0.39940972938058499908 0.40157423433381222999 
0.00000000099999999999 0.00000000099999999999 0.00000000099999999999 0.99999999700000008485 
0.00000000099999999999 0.09485510136675745496 0.00000000099999999999 0.90514489663324260160 
0.00000000100000000000 0.02716787298992150851 0.00000000100000000000 0.97283212501007843009 
0.06116524159318250525 0.17989752944361836473 0.03147440063789928161 0.72746282832529984841 
0.00000000099999999997 0.99999999699999997382 0.00000000099999999997 0.00000000099999999997 
0.00000000099999999999 0.00000003701105087262 0.00000000099999999999 0.99999996098894905483 
0.00000000099999999999 0.00826924020096733194 0.00000000099999999999 0.99173075779903263616 
0.01348385466426814047 0.02557687975803520780 0.00001168338035877289 0.96092758219733787062 
0.00000000099999999999 0.00000000099999999999 0.00000000099999999999 0.99999999699999997382 
0.00000684054100590578 0.09594085904801905040 0.13715761756553565553 0.76689468284543949039 
0.00000000099999999996 0.99999999700000008485 0.00000000099999999996 0.00000000099999999996 
0.02044684587601060255 0.12227009014127669662 0.00000000100000000000 0.85728306298271261809 
0.00000011234381287212 0.08871283899875512247 0.00000000100000000000 0.91128704765743206995 
0.28278195723885973800 0.00539454719349408921 0.31504811837365681582 0.39677537719398936478 
0.00000000713172433220 0.09328293646752050527 0.00000000100000000000 0.90671705540075520080 
0.00000000100000000000 0.05826397222284913913 0.00000000100000000000 0.94173602577715076478 
0.00095950088952679257 0.06862185999386637147 0.00000008461754225356 0.93041855449906463171 
0.00000000099999999995 0.99999999699999997382 0.00000000099999999995 0.00000000099999999995 
0.00000000099999999996 0.99999999700000008485 0.00000000099999999996 0.00000000099999999996 
0.00000000099999999999 0.15328442216150461874 0.00000000099999999999 0.84671557583849532680 
0.00000000099999999999 0.15455633284120087745 0.00000000099999999999 0.84544366515879920687 
0.32580087952325370582 0.01424153246459244036 0.29037088733805249685 0.36958670067410132054 
0.04281021425100930283 0.01208804928991817629 0.00000000235528889643 0.94510173410378361947 
0.00000000099999999999 0.09917899280881652124 0.00000000099999999999 0.90082100519118346593 
0.00000000100000000000 0.07945238511628996414 0.00000000100000000000 0.92054761288371000916 
0.00000000099999999996 0.99999999699999997382 0.00000000099999999996 0.00000000099999999996 
0.08158171309436980378 0.13827747315938532235 0.07733787213127515936 0.70280294161496970062 
0.00000000099999999999 0.11393027819102682918 0.00000000099999999999 0.88606971980897319963 
0.00000000100000000000 0.09026234778050566676 0.00000000100000000000 0.90973765021949437592 
0.22644046557885394444 0.02108867163569336581 0.37484613213934298015 0.37762473064610968532 
0.02729304895838651629 0.01121534247698397456 0.00271195371411182568 0.95877965485051774852 
0.00000000099999999999 0.15100816807995801061 0.00000000099999999999 0.84899182992004207371 
0.00000000100000000000 0.34749137820967640478 0.08809255178172395451 0.56441606900859964124 
0.00000000099999999996 0.99999999700000008485 0.00000000099999999996 0.00000000099999999996 
0.07281156308945747890 0.13772683027951856949 0.07429541059991902341 0.71516619603110487269 
0.00000000100000000000 0.14378735902795983237 0.01589352888301455435 0.84031911108902568319 
0.00000743167814100942 0.11738393210418188173 0.02859516593178411045 0.85401347028589302823 
0.31469460166849078098 0.00000000100000000000 0.28189303583508834583 0.40341236149642084596 
0.00427522143229466280 0.05955627328889859934 0.01126293732003621172 0.92490556795877043594 
0.00000000099999999999 0.00000000099999999999 0.00000000099999999999 0.99999999699999997382 
0.00000000099999999999 0.33415914530967044671 0.00000000099999999999 0.66584085269032944332 
0.05508690130022867587 0.20661190007212384967 0.05841066106466092506 0.67989053756298656328 
0.00000000099999999996 0.99999999699999997382 0.00000000099999999996 0.00000000099999999996 
0.00000000099999999999 0.18118035866103615605 0.00000000099999999999 0.81881963933896384500 
0.00000000099999999999 0.32109124269572031363 0.00000000099999999999 0.67890875530427952089 
0.00000000099999999999 0.00000000099999999999 0.00000000099999999999 0.99999999700000008485 
0.19075335398537557330 0.00278049352508221576 0.40447508730758818807 0.40199106518195398818 
