0.00000000099999999998 0.00000000099999999998 0.99999999600000000211 0.00000000099999999998 0.00000000099999999998 
0.00480897975376532328 0.23532440810716923063 0.00291575661081785531 0.00067421034416607385 0.75627664518408155292 
0.05406444692782721301 0.93845596146510590341 0.00747958960706686382 0.00000000099999999999 0.00000000099999999999 
0.00000000099999999997 0.00000000099999999997 0.99999999600000000211 0.00000000099999999997 0.00000000099999999997 
0.00000000099999999996 0.00000000099999999996 0.99999999599999989108 0.00000000099999999996 0.00000000099999999996 
0.00000000099999999997 0.00000000099999999997 0.99999999599999989108 0.00000000099999999997 0.00000000099999999997 
0.00000000100000000000 0.32285992982782146798 0.00749023047055458191 0.00000000100000000000 0.66964983770162389565 
0.00000000100000000000 0.18610534450631938119 0.13958235796309889643 0.00954879613259439729 0.66476350039798726144 
0.06383282770605068490 0.93616716929394927504 0.00000000099999999999 0.00000000099999999999 0.00000000099999999999 
0.00000000099999999996 0.00000000099999999996 0.99999999600000000211 0.00000000099999999996 0.00000000099999999996 
0.00000000100000000000 0.37114636589843902348 0.19253137099787848152 0.38740815859839539126 0.04891410350528718753 
0.00000000099999999998 0.00000000099999999998 0.99999999599999989108 0.00000000099999999998 0.00000000099999999998 
0.00000017346990733115 0.18203311698987964529 0.05117389479822043868 0.04582776972388288156 0.72096504501810965149 
0.02636197403458660424 0.22065844804972209459 0.00634877537974382501 0.02781158237603752192 0.71881922015990984409 
0.00000000099999999999 0.00000000099999999999 0.00000000099999999999 0.00000000099999999999 0.99999999600000000211 
0.00000000099999999999 0.99999999600000011313 0.00000000099999999999 0.00000000099999999999 0.00000000099999999999 
0.00000000099999999996 0.00000000099999999996 0.99999999599999989108 0.00000000099999999996 0.00000000099999999996 
0.00000000099999999997 0.00000000099999999997 0.99999999599999989108 0.00000000099999999997 0.00000000099999999997 
0.00000000099999999998 0.00000000099999999998 0.99999999599999989108 0.00000000099999999998 0.00000000099999999998 
0.00000002318983126622 0.25540097349446749808 0.00413122399421178305 0.00000000100000000000 0.74046777832148957810 
0.01248520423429806334 0.27125751269922904196 0.00000000738775616501 0.00000000100000000000 0.71625727467871669329 
0.00000000099999999999 0.30921981752509503094 0.00000000099999999999 0.00000000099999999999 0.69078017947490488737 
0.00000000099999999997 0.00000000099999999997 0.99999999599999989108 0.00000000099999999997 0.00000000099999999997 
0.00000000099999999996 0.00000000099999999996 0.99999999599999989108 0.00000000099999999996 0.00000000099999999996 
0.00000000099999999997 0.00000000099999999997 0.99999999599999989108 0.00000000099999999997 0.00000000099999999997 
0.00000000100000000000 0.25326489090225845491 0.00409908664465560759 0.00000000100000000000 0.74263602045308596544 
0.00000000100000000000 0.23505903088266283385 0.00000000210962068483 0.00000158396943779773 0.76493938203827882560 
0.00000000099999999997 0.00000000099999999997 0.99999999600000000211 0.00000000099999999997 0.00000000099999999997 
0.00000000099999999998 0.00000000099999999998 0.99999999600000000211 0.00000000099999999998 0.00000000099999999998 
0.00000000099999999996 0.00000000099999999996 0.99999999599999989108 0.00000000099999999996 0.00000000099999999996 
0.00000000100000000000 0.28587081193195368334 0.00202722221526823376 0.00000000263966995163 0.71210196221310806397 
0.00000000100000000000 0.81440254030169434429 0.06167642534208378491 0.08409857885108368292 0.03982245450513807045 
0.00000000099999999997 0.00000000099999999997 0.99999999599999989108 0.00000000099999999997 0.00000000099999999997 
0.00000000099999999998 0.00000000099999999998 0.99999999599999989108 0.00000000099999999998 0.00000000099999999998 
0.00000000099999999997 0.00000000099999999997 0.99999999599999989108 0.00000000099999999997 0.00000000099999999997 
0.00000002962260940197 0.25803858517522743066 0.00570739450602217226 0.02563076568137103231 0.71062322501476993253 
0.00000284881448458493 0.25745554089738237336 0.00228300371385185092 0.00000000234235890183 0.74025860423192224591 
0.00000000099999999999 0.99999999600000000211 0.00000000099999999999 0.00000000099999999999 0.00000000099999999999 
0.12932445495495642485 0.87067554204504349347 0.00000000099999999999 0.00000000099999999999 0.00000000099999999999 
0.00000000099999999998 0.00000000099999999998 0.99999999599999989108 0.00000000099999999998 0.00000000099999999998 
0.00000000099999999997 0.00000000099999999997 0.99999999600000000211 0.00000000099999999997 0.00000000099999999997 
0.00000000099999999997 0.00000000099999999997 0.99999999600000000211 0.00000000099999999997 0.00000000099999999997 
0.00000000100000000000 0.21982585820177294456 0.02900614427124873981 0.00015967568936173666 0.75100832083761648317 
0.01738813728615252324 0.27701480599850158981 0.00094982151664327493 0.00825938641192350102 0.69638784878677917334 
0.00000000099999999999 0.99999999600000011313 0.00000000099999999999 0.00000000099999999999 0.00000000099999999999 
0.00000000099999999999 0.99999999600000000211 0.00000000099999999999 0.00000000099999999999 0.00000000099999999999 
0.00000000099999999998 0.00000000099999999998 0.99999999600000000211 0.00000000099999999998 0.00000000099999999998 
0.00000000100000000000 0.33226974119250590745 0.27627756719685253595 0.36707803064467708909 0.02437465996596447845 
0.00061876688796113960 0.24405143359860159702 0.00000000100000000000 0.00000000100000000000 0.75532979751343720665 
0.00000000100000000000 0.24079310797866648741 0.00275871236763584535 0.00000000100000000000 0.75644817765369765095 
0.00000000099999999999 0.18217119496081607410 0.00000000099999999999 0.00000000099999999999 0.81782880203918395523 
0.00000000099999999998 0.99999999600000000211 0.00000000099999999998 0.00000000099999999998 0.00000000099999999998 
0.18292320582490534386 0.81707679117509468547 0.00000000100000000000 0.00000000100000000000 0.00000000100000000000 
0.00000000099999999998 0.00000000099999999998 0.99999999600000000211 0.00000000099999999998 0.00000000099999999998 
0.00000000099999999998 0.00000000099999999998 0.99999999599999989108 0.00000000099999999998 0.00000000099999999998 
0.02616477594742612142 0.30563655946941725716 0.00002370282966456753 0.00430846143628703295 0.66386650031720506604 
0.00000000100000000000 0.21911282708089740989 0.03581850833097789677 0.00000000100000000000 0.74506866258812465276 
0.00000000099999999999 0.27055239855512164260 0.00000000099999999999 0.00000000099999999999 0.72944759844487838674 
0.00000000099999999998 0.99999999600000000211 0.00000000099999999998 0.00000000099999999998 0.00000000099999999998 
0.00000000099999999998 0.99999999600000011313 0.00000000099999999998 0.00000000099999999998 0.00000000099999999998 
0.00000000099999999997 0.00000000099999999997 0.99999999600000000211 0.00000000099999999997 0.00000000099999999997 
0.00000000099999999998 0.00000000099999999998 0.99999999600000000211 0.00000000099999999998 0.00000000099999999998 
0.00000000100000000000 0.29937247754832724267 0.00012565050691477745 0.00000000100000000000 0.70050186994475782676 
0.00000000100000000000 0.28068210601649884461 0.00000179830020854389 0.00529866017037277509 0.71401743451291987963 
0.00000000100000000000 0.25933209454340805378 0.00000000100000000000 0.00000002806386482393 0.74066787539272715968 
0.00000000099999999997 0.00000000099999999997 0.99999999599999989108 0.00000000099999999997 0.00000000099999999997 
0.00000000099999999996 0.00000000099999999996 0.99999999600000000211 0.00000000099999999996 0.00000000099999999996 
0.00000000100000000000 0.25158791476872804926 0.00841660790479903907 0.00000000100000000000 0.73999547532647291792 
0.00000000100000000000 0.25429997701975320945 0.02888359110204707578 0.00192619434005725275 0.71489023653814254278 
0.00000000099999999999 0.99999998150681190801 0.00000001549318817354 0.00000000099999999999 0.00000000099999999999 
0.00000000100000000000 0.25141198397448843993 0.00000000100000000000 0.00000000100000000000 0.74858801302551158940 
0.00000000099999999998 0.99999999600000000211 0.00000000099999999998 0.00000000099999999998 0.00000000099999999998 
0.00000000099999999998 0.99999999600000011313 0.00000000099999999998 0.00000000099999999998 0.00000000099999999998 
0.00000000099999999999 0.99999999600000011313 0.00000000099999999999 0.00000000099999999999 0.00000000099999999999 
0.00000000099999999999 0.98689865591867720340 0.01310134108132287797 0.00000000099999999999 0.00000000099999999999 
0.09293541509288126556 0.27018670452900278578 0.01755411933184730308 0.07300019967258014608 0.54632356137368842663 
0.14478674604725971786 0.85521325095274036698 0.00000000100000000000 0.00000000100000000000 0.00000000100000000000 
0.00000000099999999999 0.99999999600000000211 0.00000000099999999999 0.00000000099999999999 0.00000000099999999999 
0.00000000100000000000 0.25319932019447483063 0.00417674179479609470 0.04116774573071551452 0.70145619128001368559 
0.14889686795218284865 0.85110312904781715293 0.00000000100000000000 0.00000000100000000000 0.00000000100000000000 
0.00000000099999999999 0.99999999600000000211 0.00000000099999999999 0.00000000099999999999 0.00000000099999999999 
0.00000000099999999999 0.99999999600000000211 0.00000000099999999999 0.00000000099999999999 0.00000000099999999999 
0.00000000099999999999 0.99999999600000000211 0.00000000099999999999 0.00000000099999999999 0.00000000099999999999 
0.00000000099999999999 0.99987569292887235051 0.00012430407112777370 0.00000000099999999999 0.00000000099999999999 
0.00005664894849445422 0.39304856939428967078 0.51487701143414565941 0.00405097986953496109 0.08796679035353534293 
0.00000000099999999998 0.99999999600000011313 0.00000000099999999998 0.00000000099999999998 0.00000000099999999998 
0.00000000099999999998 0.99999999600000011313 0.00000000099999999998 0.00000000099999999998 0.00000000099999999998 
0.00000000100000000000 0.67811126158189627411 0.06930514006351450040 0.17000556170119951460 0.08257803565338951712 
0.00000000099999999997 0.00000000099999999997 0.99999999600000000211 0.00000000099999999997 0.00000000099999999997 
0.00000000099999999998 0.00000000099999999998 0.99999999599999989108 0.00000000099999999998 0.00000000099999999998 
0.00000001161862251594 0.32909075534427240095 0.02689246317441294776 0.00000000100000000000 0.64401676886269210165 
0.00000000100000000000 0.25234434989523468751 0.00002802217046427795 0.02399490725598180108 0.72363271967831932496 
0.00000000100000000000 0.32449915640019161289 0.00000079714307565166 0.00000000100000000000 0.67550004445673272890 
0.00000000099999999998 0.99999999600000011313 0.00000000099999999998 0.00000000099999999998 0.00000000099999999998 
0.06318776238885832897 0.93681223461114160322 0.00000000099999999999 0.00000000099999999999 0.00000000099999999999 
0.02412904377906580772 0.61750690456036683162 0.01607155209476832797 0.19593379163983018487 0.14635870792596880618 
0.00756757862679391814 0.29525396838617823381 0.13714137112873553415 0.55430983184195070645 0.00572725001634164736 
0.00000000100000000000 0.27354223460584475847 0.14751269712786901911 0.54307341209536452720 0.03587165517092167494 
0.00000022974174225233 0.05409981549818854152 0.00000000100000000000 0.89654609339878676977 0.04935386036128239923 
0.01781527692918691980 0.00000015914982360653 0.00000000100000000000 0.98218456192098946289 0.00000000100000000000 
0.00629835251618476779 0.00000000099999999999 0.00000000099999999999 0.99370164448381526068 0.00000000099999999999 
0.07121710557411442544 0.00000000099999999999 0.00000000099999999999 0.92878289142588554839 0.00000000099999999999 
0.05311030021943876495 0.06129760738319064983 0.00000000100000000000 0.85303513178708401110 0.03255695961028657465 
0.03423390133526287710 0.00000000099999999999 0.00000000099999999999 0.96576609566473714530 0.00000000099999999999 
0.06525409686913141716 0.06116541322863905394 0.00806982881806043821 0.86551066008416910336 0.00000000100000000000 
0.05867612407766994304 0.01690579007275495871 0.01682631874271721395 0.90759176610685787789 0.00000000100000000000 
0.01073160385790486795 0.24378933642046365926 0.12362434538144211060 0.57110132975841854108 0.05075338458177081763 
0.00000000100000000000 0.25385171197906852836 0.07829559521718727766 0.57267609769378891027 0.09517659410995524261 
0.00461887899908430821 0.03991921059606284850 0.00000000100000000000 0.90971220786356166155 0.04574970154129109207 
0.00000000100000000000 0.00000000100000000000 0.00000000100000000000 0.96063605270165353112 0.03936394429834630393 
0.03374956956692297394 0.00000000099999999999 0.00000000099999999999 0.96625042743307698601 0.00000000099999999999 
0.13657790474235806388 0.00000000099999999999 0.00000000099999999999 0.86342209225764199321 0.00000000099999999999 
0.00000001018867461997 0.09475601426074457823 0.04650561726455880451 0.82932108921716685135 0.02941726906885518134 
0.00000000099999999999 0.00000000099999999999 0.00000000099999999999 0.99999999599999989108 0.00000000099999999999 
0.00000000100000000000 0.08956042483213291772 0.00000013936766762415 0.88295090413902155291 0.02748853066117785265 
0.00807164524882414240 0.00943389969718425904 0.00000000100000000000 0.89880733294653236687 0.08368712110745918364 
0.00098572175367866261 0.25782272884001078417 0.12672540931885623028 0.57007518749896013421 0.04439095258849409809 
0.00378100452052230985 0.40082146635199483731 0.06085194290986329496 0.51980805031441612574 0.01473753590320343865 
0.01991651631313363577 0.12538937001522601489 0.00000000100000000000 0.81606466003949551524 0.03862945263214482422 
0.00000000099999999999 0.00000000099999999999 0.00000000099999999999 0.99999999599999989108 0.00000000099999999999 
0.04433939114753646105 0.08165441019351279972 0.00170417053650954585 0.87221043402551612367 0.00009159409692501484 
0.09563825499783176753 0.00863706826492151303 0.03917306828094199028 0.83771039652488588079 0.01884121193141889347 
0.00000066042330174713 0.07557291045768366189 0.00752954937173952801 0.91689279759094477473 0.00000408215633030047 
0.00000000099999999999 0.00000000099999999999 0.00000000099999999999 0.99999999599999989108 0.00000000099999999999 
0.10068762837634402663 0.00000000099999999999 0.00000000099999999999 0.89931236862365604434 0.00000000099999999999 
0.00000000100000000000 0.06317454263834808292 0.02318633601906898434 0.89890262183709790378 0.01473649850548500694 
0.05861704640929287641 0.01726678149990714881 0.01672460289608810810 0.87707837353190332141 0.03031319566280855221 
0.02568072174096285715 0.26366499072441718088 0.11815714730927909248 0.59249713922534086308 0.00000000100000000000 
0.00000000100000000000 0.35744166393643650448 0.12109332036534410648 0.49884917499741276981 0.02261583970080667527 
0.02370623016450113321 0.08391743663215039950 0.00000000100000000000 0.87556638795066565883 0.01680994425268279510 
0.06380218323420797089 0.03829767827692635851 0.00000000100000000000 0.88597739179967016643 0.01192274568919544919 
0.03641716530935991403 0.00000000099999999999 0.00000000099999999999 0.96358283169064007367 0.00000000099999999999 
0.02330095099095184918 0.00000000099999999999 0.00000000099999999999 0.97669904600904811076 0.00000000099999999999 
0.03574121201271845960 0.10435341777420790998 0.03110373496533981943 0.82880163424773367620 0.00000000100000000000 
0.00000000100000000000 0.10568526378205443661 0.01189020331476088599 0.81239161887041888566 0.07003291303276583391 
0.00000000099999999999 0.00000000099999999999 0.00000000099999999999 0.99999999599999989108 0.00000000099999999999 
0.00000000100000000000 0.26399582442129110316 0.10800313859404349348 0.59114625687090438522 0.03685477911376106724 
0.00000000100000000000 0.29904202475010138729 0.10947665165086956085 0.56511289891453886369 0.02636842368449017135 
0.01610438744509280415 0.10618431827667085265 0.01272780560179806279 0.82114641084263262361 0.04383707783380567935 
0.00000127094021257578 0.00057167219453787080 0.05752776432252645206 0.87427382250062812830 0.06762547004209493173 
0.01738398285974334864 0.06911535809686351894 0.02526851313425699727 0.88821347865029820490 0.00001866725883789915 
0.00000000100000000000 0.06569258182249892997 0.00006389365520345628 0.90133585335415355999 0.03290767016814401952 
0.00362947855710549867 0.31261292962630188308 0.06867680414245123932 0.56471409200500999326 0.05036669566913132973 
0.00000000161675966606 0.31212285833352670927 0.06266214581003620721 0.61071897422719345627 0.01449602001248393758 
0.00000000100000000000 0.36770544079956296590 0.04014329051803087328 0.59215126668240614105 0.00000000100000000000 
0.00000000100000000000 0.08438856769010893988 0.00000000870276294754 0.90323930666480833906 0.01237211594231992472 
0.06193115774670035489 0.00000000100000000000 0.00000000100000000000 0.93806883925329964669 0.00000000100000000000 
0.08621779973626807203 0.00000000099999999999 0.00000000099999999999 0.91378219726373177689 0.00000000099999999999 
0.08405668030984904393 0.03647804629146401273 0.06524182258843734539 0.81422343974932576138 0.00000001106092378338 
0.00000000100000000000 0.00000000100000000000 0.00454891356333951558 0.96494852925252760922 0.03050255518413288666 
0.01165469295955485173 0.25664590716342322585 0.11982028549091981728 0.57953280042151356088 0.03234631396458850783 
0.00000000100000000000 0.07723866550939380293 0.02674199625954791493 0.86825988975550449922 0.02775944747555381814 
0.00000000100000000000 0.00000000100000000000 0.00036261671682679959 0.97788471465636783719 0.02175266662680530247 
0.07942920386236740349 0.00000061040797401336 0.00000000100000000000 0.92057018372965859765 0.00000000100000000000 
0.01080853558150386869 0.33537345607443264095 0.10614050605343607059 0.52393205958604682770 0.02374544270458072565 
0.06974615522585077276 0.13388985535617109468 0.00000000100000000000 0.79634692660803008124 0.00001706180994809705 
0.00000000100000000000 0.38741953698725706268 0.07783861800419385191 0.51808890871792823152 0.01665293529062087524 
0.01379400113359971654 0.27739782724551292903 0.10235928448591773143 0.55627019147657164044 0.05017869565839805368 
0.01103292880053052989 0.27623832959494282191 0.09646922188902035122 0.57816265004690126084 0.03809686966860509338 
0.00000000100000000000 0.10126425380027727352 0.02535668528376562245 0.85400914194506605259 0.01936991797089095482 
0.00000000099999999999 0.07673710202979740214 0.00000000099999999999 0.92326289497020264108 0.00000000099999999999 
0.03517547965564658818 0.00000000100000000000 0.00000000100000000000 0.96482451734435337176 0.00000000100000000000 
0.09858807041038281094 0.04294379432391187690 0.00394407311946941719 0.83880589517607095917 0.01571816697016495054 
0.06778300318060036245 0.06424888225801723973 0.05508211974817359829 0.81288580521516395905 0.00000018959804481495 
0.23806024258186120335 0.10830156244635881502 0.00245001394216232127 0.58083994486487466880 0.07034823616474296382 
0.00000000100000000000 0.30735210354671271826 0.11615303631973211695 0.50884006303545603611 0.06765479609809892103 
0.00000000099999999999 0.00000000099999999999 0.00000000099999999999 0.99999999600000000211 0.00000000099999999999 
0.00000003378270100239 0.06804087212663841033 0.00000000100000000000 0.87006060087859071750 0.06189849221206986801 
0.00000000100000000000 0.30934789034658516371 0.14020054446303467643 0.55045156319038013315 0.00000000100000000000 
0.00234633641203451943 0.05508781511965125943 0.01527000784029318436 0.88939899337739936058 0.03789684725062159032 
0.05673879808281799553 0.33602569987876745872 0.05981615359708507274 0.54646643142819695260 0.00095291701313249906 
0.00031812949914454878 0.04104493985171365350 0.02806243411337898744 0.89120909270673864810 0.03936540382902418977 
0.00000000099999999999 0.00000000099999999999 0.00000000099999999999 0.99999999599999989108 0.00000000099999999999 
0.22549108862449646074 0.02128362554338614210 0.00000000100000000000 0.75322528383211739822 0.00000000100000000000 
0.13681276332461608791 0.01999906244418576257 0.00000000100000000000 0.84318817223119824078 0.00000000100000000000 
0.00407438983412310076 0.05815940885931598914 0.00022540104054953516 0.90474651653169091414 0.03279428373432039662 
0.00000000100000000000 0.31277202495292233397 0.05906640805244945530 0.59267334580134245492 0.03548822019328581184 
0.03423735748071095319 0.04217248026975561198 0.03904129894898045877 0.81148342395598138665 0.07306543934457145062 
0.09584921381612585001 0.05825904494421447338 0.00000000100000000000 0.84589061869379655878 0.00000112154586301658 
0.00000000100000000000 0.07271969796769217620 0.01385084832371063536 0.90419880023747434272 0.00923065247112276124 
0.07948049193182468719 0.00511682373378269818 0.00000000100000000000 0.89647013575196243806 0.01893254758243005653 
0.16107015573826577448 0.00000131209605837230 0.00000000099999999999 0.83892853016567581204 0.00000000099999999999 
0.01535536641603996340 0.05394587949531745585 0.00955602579363123809 0.84259812012029478012 0.07854460817471659029 
0.00524618812134991161 0.11521736333619246595 0.00000000100000000000 0.87953644654245755063 0.00000000100000000000 
0.00555887740565864583 0.32641671450210146821 0.11741299904090964079 0.49506949966559116172 0.05554190938573912856 
0.00000000100000000000 0.04483564121258634683 0.00004180265214837471 0.89648704263202805276 0.05863551250323724429 
0.00003971008794579991 0.00409337072267693461 0.00000008907431177105 0.93375692572406521208 0.06210990439100028820 
0.00000000099999999999 0.00000000099999999999 0.00000000099999999999 0.99999999599999989108 0.00000000099999999999 
0.03646541597239050247 0.00000000099999999999 0.00000000099999999999 0.96353458102760947135 0.00000000099999999999 
0.17137171517251190145 0.02865566753260451183 0.00000000100000000000 0.79997261529488350451 0.00000000100000000000 
0.00000000100000000000 0.00000000100000000000 0.00561482279314878211 0.96712941430017851374 0.02725576090667267484 
0.12462232776703996429 0.05875694002323514353 0.00000000100000000000 0.80345008347405033611 0.01317064773567466068 
0.16679066692308897046 0.02758333685037019090 0.00000000100000000000 0.00000752327286849829 0.80561847195367242147 
0.00000000099999999997 0.00000000099999999997 0.99999999600000000211 0.00000000099999999997 0.00000000099999999997 
0.00000011633252507200 0.26846734619205858685 0.02354476878012208216 0.00000000100000000000 0.70798776769529414565 
0.00304642604232321619 0.14518654957277554729 0.02131816542590619923 0.79356276469848052724 0.03688609426051446538 
0.00000000100000000000 0.56878513813813436073 0.08684994862783104730 0.17826049367551954905 0.16610441855851507120 
0.00000000099999999999 0.00000000099999999999 0.12256241875588790025 0.87743757824411205970 0.00000000099999999999 
0.04413925374143991276 0.00000000099999999999 0.00000000099999999999 0.00000000099999999999 0.95586074325856018596 
0.00000000099999999997 0.00000000099999999997 0.99999999600000000211 0.00000000099999999997 0.00000000099999999997 
0.00000000100000000000 0.35560885826524779585 0.02255080338727618455 0.03496862676743066334 0.58687171058004539148 
0.00000000099999999999 0.99999999600000000211 0.00000000099999999999 0.00000000099999999999 0.00000000099999999999 
0.00000000100000000000 0.00001573751245715472 0.00000039759672845247 0.99998386289081442335 0.00000000100000000000 
0.26551859813345135564 0.00023004641111693065 0.00000000100000000000 0.00671594493915783543 0.72753540951627382327 
0.00000000099999999997 0.00000000099999999997 0.99999999600000000211 0.00000000099999999997 0.00000000099999999997 
0.00000000100000000000 0.28036590403384997749 0.00000000100000000000 0.00000000100000000000 0.71963409296614988531 
0.00000000100000000000 0.00397707871976358315 0.00003438273107460051 0.99598853654916186251 0.00000000100000000000 
0.00305784412205941216 0.58566061371163502525 0.07967568666439131531 0.13351479969974383577 0.19809105580217037379 
0.04996413892910977345 0.12850834919060655226 0.03101973850274376832 0.75544516127553051899 0.03506261210200938006 
0.02633118246406242896 0.00000000100000000000 0.00116509384567400312 0.97250372169026355618 0.00000000100000000000 
0.00000000099999999999 0.00011182289370638110 0.00063727770531117427 0.99925089740098238522 0.00000000099999999999 
0.02945846513035683609 0.00000000099999999999 0.00000000099999999999 0.00000000099999999999 0.97054153186964309263 
0.00000000100000000000 0.26425731821867065596 0.04339626554088578392 0.00000000100000000000 0.69234641424044340852 
0.00000757362793700334 0.01999387289458237627 0.00000000100000000000 0.97999855147748060613 0.00000000100000000000 
0.00000000099999999998 0.99999999600000000211 0.00000000099999999998 0.00000000099999999998 0.00000000099999999998 
0.03083685628418101482 0.06339129641938966164 0.00000000100000000000 0.90577184529642928990 0.00000000100000000000 
0.03895733426137772126 0.15356180392388807388 0.01007655349332249421 0.00004408020786678297 0.79736022811354489992 
0.00000000100000000000 0.33533998496286537838 0.26759911164722482990 0.33333360437387332675 0.06372729801603649324 
0.00643568825643027649 0.26420907675494620381 0.03240934959818710104 0.00113938153426394826 0.69580650385617237585 
0.00000000099999999999 0.99999999600000000211 0.00000000099999999999 0.00000000099999999999 0.00000000099999999999 
0.00000000099999999999 0.03724430467807399864 0.00000000099999999999 0.96275569232192592661 0.00000000099999999999 
0.00000000099999999997 0.00000000099999999997 0.99999999600000000211 0.00000000099999999997 0.00000000099999999997 
0.00950473980820555099 0.10182879793238587551 0.10682015759444672687 0.74543677367943939061 0.03640953098552245776 
0.00515783237366138070 0.00001122991157144023 0.01463624219482690704 0.98019468051241953610 0.00000001500752083459 
0.00000001239618230503 0.00000000099999999999 0.00000000099999999999 0.00000000099999999999 0.99999998460381767096 
0.00000000099999999999 0.00000000099999999999 0.99999991525006282078 0.00000008174993717800 0.00000000099999999999 
0.00000000100000000000 0.13574576634798110608 0.12656723301978597962 0.70569932453489980784 0.03198767509733304454 
0.00887850521603009493 0.20261538416319138656 0.02842218451839642612 0.69944206023542432327 0.06064186586695773096 
0.00000000100000000000 0.00000000100000000000 0.00000000100000000000 0.99999999599999989108 0.00000000100000000000 
0.00000000099999999999 0.00000000099999999999 0.00000000099999999999 0.99999999599999989108 0.00000000099999999999 
0.18676713512882056611 0.00000000099999999999 0.00000000099999999999 0.00000000099999999999 0.81323286187117937995 
0.00000000100000000000 0.20363716645216728418 0.00326661309017007694 0.00000000100000000000 0.79309621845766264947 
0.02349646426341850045 0.14475672199177544441 0.08163945574445347075 0.70370335594768840259 0.04640400205266421996 
0.00000000099999999999 0.00000000099999999999 0.13407700006579770236 0.86592299693420227147 0.00000000099999999999 
0.00000000100000000000 0.01415982154571765635 0.00000006754903525871 0.98584010890524698123 0.00000000100000000000 
0.00000000099999999999 0.00021048906874308529 0.00000000099999999999 0.99978950793125687113 0.00000000099999999999 
0.00000000100000000000 0.02570807459671415468 0.00000000100000000000 0.97429192240328577057 0.00000000100000000000 
0.00000000100000000000 0.00000000386282150075 0.01469832717829256882 0.96484011082872667142 0.02046155713015918379 
0.33870488382238722602 0.15716717523498757725 0.00000000100000000000 0.03393653749734784619 0.47019140244527740657 
0.00001073822367860171 0.24489742220750251867 0.03077599980100073976 0.00000000100000000000 0.72431583876781824305 
0.00000000100000000000 0.00006450109785843945 0.03082942618443080054 0.94817507378501542092 0.02093099793269533049 
0.00000000099999999998 0.99999999600000000211 0.00000000099999999998 0.00000000099999999998 0.00000000099999999998 
0.00000000100000000000 0.00006957344586521770 0.04872996738578530551 0.95120045672891062605 0.00000000143943881231 
0.00000000100000000000 0.00000000100000000000 0.02818482115143033581 0.96296447506901394764 0.00885070177955571587 
0.00000000100000000000 0.00000010364443128302 0.01425817883724718980 0.98574171551832157068 0.00000000100000000000 
0.00000000100000000000 0.00000000100000000000 0.00037175483498715604 0.99962824216501289243 0.00000000100000000000 
0.02926511544773179041 0.13566529829960685682 0.00000000100000000000 0.00000000100000000000 0.83506958425266142321 
0.00000000100000000000 0.24744079480979849772 0.00000000100000000000 0.00000000100000000000 0.75255920219020144835 
0.00000000100000000000 0.00583998050857470648 0.00000000532361408400 0.99416001216781102467 0.00000000100000000000 
0.00000000099999999998 0.99999999600000000211 0.00000000099999999998 0.00000000099999999998 0.00000000099999999998 
0.00486318346923614222 0.19233435922328895318 0.00547994642363435185 0.73538267878165086699 0.06193983210218957647 
0.00000000100000000000 0.00000000100000000000 0.00006335650261804511 0.99993664049738195665 0.00000000100000000000 
0.01955222858132842773 0.00000000100000000000 0.00000000100000000000 0.98044776841867153916 0.00000000100000000000 
0.00000000099999999999 0.00000000099999999999 0.00000000099999999999 0.00000000099999999999 0.99999999599999989108 
0.00003397604323175023 0.22630397132945800909 0.00147366466395870807 0.00000000100000000000 0.77218838696335145855 
0.02916590334659921804 0.11245120295698909918 0.02684344981332718871 0.80084821397469863058 0.03069122990838595369 
0.01453180979400637250 0.66814630293156673790 0.02121893058025290171 0.15316458228822277254 0.14293837440595114074 
0.00000000100000000000 0.04532230990476810578 0.00000000100000000000 0.92179239711066052188 0.03288529098457140809 
0.00000000099999999999 0.06486389587917798516 0.00003633953071066918 0.93509976259011129418 0.00000000099999999999 
0.00000000100000000000 0.00000000100000000000 0.14604045391589248748 0.85395954308410748634 0.00000000100000000000 
0.05060726737422351074 0.09841519030241600852 0.02225689896000599549 0.00000000100000000000 0.82872064236335440945 
0.00000000100000000000 0.14460431214130586852 0.00000000100000000000 0.00000000100000000000 0.85539568485869421632 
0.00000000100000000000 0.15442427551008966469 0.14814527473905678145 0.68075589404690706186 0.01667455470394645090 
0.00000000099999999998 0.99999999600000000211 0.00000000099999999998 0.00000000099999999998 0.00000000099999999998 
0.00002190899891533904 0.03187744612435907537 0.02152791798186584615 0.91227941558005076761 0.03429331131480898437 
0.04861797316095068516 0.00000000100000000000 0.00223944176299479235 0.94914258307605459120 0.00000000100000000000 
0.00513013389295351174 0.00503467282097888949 0.01781207840561042574 0.93014385736223792467 0.04187925751821933856 
0.00004053421872659914 0.12304248545894662381 0.06392893242965373701 0.76166482399366408629 0.05132322389900894483 
0.00000000099999999997 0.00000000099999999997 0.99999999600000000211 0.00000000099999999997 0.00000000099999999997 
0.00000000100000000000 0.00009974186648327947 0.00000000100000000000 0.99990025513351654673 0.00000000100000000000 
0.00000000100000000000 0.06351529680166788372 0.00000000100000000000 0.92717235041922063665 0.00931235077911146680 
0.00000000100000000000 0.05457700007648509655 0.00000000100000000000 0.94542299692351483564 0.00000000100000000000 
0.99999999600000011313 0.00000000099999999992 0.00000000099999999992 0.00000000099999999992 0.00000000099999999992 
0.99999999600000000211 0.00000000099999999992 0.00000000099999999992 0.00000000099999999992 0.00000000099999999992 
0.04313237442116148179 0.21278012386689090785 0.01058839228505265018 0.01704072851289316695 0.71645838091400182446 
0.08121491954670174984 0.00000000099999999999 0.00000000099999999999 0.00000000099999999999 0.91878507745329829337 
0.00000000099999999999 0.00000000099999999999 0.00000000099999999999 0.00000000099999999999 0.99999999599999989108 
0.00000000099999999999 0.00000000099999999999 0.00000000099999999999 0.00000000099999999999 0.99999999599999989108 
0.01590627070283610195 0.34212075559470384034 0.08082595781793114331 0.52843110501987389238 0.03271591086465503589 
0.05063943281583955375 0.00000000099999999999 0.00000000099999999999 0.00000000099999999999 0.94936056418416048253 
0.99999999600000000211 0.00000000099999999993 0.00000000099999999993 0.00000000099999999993 0.00000000099999999993 
0.99999999600000000211 0.00000000099999999993 0.00000000099999999993 0.00000000099999999993 0.00000000099999999993 
0.00000000099999999999 0.00000000099999999999 0.00000000099999999999 0.00000000099999999999 0.99999999600000000211 
0.00000000099999999999 0.00000000099999999999 0.00000000099999999999 0.00000000099999999999 0.99999999600000000211 
0.01657361402829258742 0.30135552401497522901 0.08778790098689603916 0.59428295996983604432 0.00000000100000000000 
0.00000000099999999999 0.00000000099999999999 0.00000000099999999999 0.00000000099999999999 0.99999999599999989108 
0.99999999600000011313 0.00000000099999999994 0.00000000099999999994 0.00000000099999999994 0.00000000099999999994 
0.00005731714651999340 0.45729518296740562233 0.16692014742878028000 0.30492822491622667558 0.07079912754106741646 
0.28123175060359217881 0.00000000099999999998 0.00000000099999999998 0.00000000099999999998 0.71876824639640768400 
0.00000000099999999998 0.00000000099999999998 0.00000000099999999998 0.00000000099999999998 0.99999999599999989108 
0.00952786784240219030 0.06711693438761875963 0.00000000100000000000 0.00000002295499175926 0.92335517381498732892 
0.00000000581748684029 0.32158425136230656127 0.12166430850354088833 0.51649955910012912419 0.04025187521653660755 
0.99999999600000011313 0.00000000099999999994 0.00000000099999999994 0.00000000099999999994 0.00000000099999999994 
0.03903400456925806145 0.96096599243074198871 0.00000000099999999999 0.00000000099999999999 0.00000000099999999999 
0.29403802796548378362 0.22281496001584921718 0.00000000100000000000 0.00016631872027665970 0.48298069229839030170 
0.00000000099999999998 0.00000000099999999998 0.00000000099999999998 0.00000000099999999998 0.99999999599999989108 
0.09232053460749056750 0.07933256470725762177 0.00000000100000000000 0.00000090331479582142 0.82834599637045591702 
0.06354168241295299335 0.29587008104845935463 0.05703022404392998901 0.54761105729581083246 0.03594695519884674728 
0.99999999600000011313 0.00000000099999999995 0.00000000099999999995 0.00000000099999999995 0.00000000099999999995 
0.06769854979133671513 0.64655084200148049689 0.00000001120323435217 0.18676126776035215094 0.09898932924359628294 
0.25329996605477406169 0.00249516467927517584 0.00000000100000000000 0.02594562108577227327 0.71825924718017852832 
0.00726640612550415524 0.00000000099999999999 0.00000000099999999999 0.00000000099999999999 0.99273359087449575267 
0.06901784849203575212 0.18827872447361118646 0.00000000100000000000 0.00000000100000000000 0.74270342503435293757 
0.06976739831913471301 0.21807463719002503910 0.07815378595710964493 0.58789840966301643022 0.04610576887071428376 
0.21374587060988861631 0.00000000099999999999 0.00000000099999999999 0.00000000099999999999 0.78625412639011138527 
0.15748195461639902248 0.00000000099999999999 0.00000000099999999999 0.00000000099999999999 0.84251804238360106236 
0.11494550749578420767 0.00000000099999999999 0.00000000099999999999 0.00000000099999999999 0.88505448950421572452 
0.00000000100000000000 0.32713653681740900714 0.00491463526184384401 0.00456971773192781008 0.66337910918881926037 
0.07416309949505552057 0.00162968972799001867 0.01966553466530966340 0.00000000100000000000 0.90454167511164473847 
0.00000000099999999999 0.00000000099999999999 0.00000000099999999999 0.00000000099999999999 0.99999999600000000211 
0.02373152297419131584 0.00021513214708675083 0.05430580618348260918 0.00000078207170837652 0.92174675662353100503 
0.99999999600000000211 0.00000000099999999994 0.00000000099999999994 0.00000000099999999994 0.00000000099999999994 
0.10593290375259592495 0.00003119555501700426 0.00000000100000000000 0.00000000100000000000 0.89403589869238719867 
0.07072067034665389940 0.00000000100000000000 0.00000000100000000000 0.00000000100000000000 0.92927932665334600504 
0.00489570729770898161 0.59155400264679969258 0.01497286492152669242 0.22451317564541489746 0.16406424948854969603 
0.00000000099999999999 0.00000000099999999999 0.00000000099999999999 0.00000000099999999999 0.99999999599999989108 
0.07541176537427730919 0.00000000099999999999 0.00000000099999999999 0.00000000099999999999 0.92458823162572278953 
0.02094364179829815570 0.08116474402342277461 0.00000000100000000000 0.00000000100000000000 0.89789161217827895278 
0.17150927630898313292 0.20891246291701881521 0.00411721986118128956 0.00000008861687508833 0.61546095229594155462 
0.99999999600000011313 0.00000000099999999996 0.00000000099999999996 0.00000000099999999996 0.00000000099999999996 
0.00000000099999999999 0.00000000099999999999 0.00000000099999999999 0.00000000099999999999 0.99999999599999989108 
0.00000000099999999999 0.00000000099999999999 0.00000000099999999999 0.00000000099999999999 0.99999999600000000211 
0.01958823696964377692 0.00089855298100392062 0.03055924975842169017 0.00624714494678211500 0.94270681534414857428 
0.00000000099999999999 0.00000000099999999999 0.00000000099999999999 0.00000000099999999999 0.99999999600000000211 
0.09087452573333715256 0.14885065494099083971 0.00000000100000000000 0.09809690018330052830 0.66217791814237159098 
0.99999999600000011313 0.00000000099999999995 0.00000000099999999995 0.00000000099999999995 0.00000000099999999995 
0.10780458028330866527 0.00180341184953865447 0.02953707552124521310 0.00000000100000000000 0.86085493134590751474 
0.07649079671978287198 0.03463529085733103863 0.00000000100000000000 0.00000000100000000000 0.88887391042288610432 
0.00000000100000000000 0.75083531841235118254 0.04913668786716172271 0.11640919230753643543 0.08361880041295076393 
0.08520547156511083797 0.12403052103437443854 0.00000000100000000000 0.00000000100000000000 0.79076400540051472454 
0.05697988873253305442 0.05681546854433490445 0.00000000100000000000 0.00000000218446799130 0.88620463953866412954 
0.05978455768431261558 0.04659099221946103736 0.00139537743640950570 0.00000218969120940767 0.89222688296860741541 
0.99999999600000000211 0.00000000099999999993 0.00000000099999999993 0.00000000099999999993 0.00000000099999999993 
0.99999999600000000211 0.00000000099999999994 0.00000000099999999994 0.00000000099999999994 0.00000000099999999994 
0.13192126638529325100 0.00000000099999999999 0.00000000099999999999 0.00000000099999999999 0.86807873061470675058 
0.13368617105180177762 0.00000000099999999999 0.00000000099999999999 0.00000000099999999999 0.86631382594819827947 
0.00000000099999999999 0.99999999600000011313 0.00000000099999999999 0.00000000099999999999 0.00000000099999999999 
0.00728323741090571627 0.10613995762687163105 0.02237071604330498689 0.00000000100000000000 0.86420608791891773137 
0.07509147099738913700 0.00000000099999999999 0.00000000099999999999 0.00000000099999999999 0.92490852600261086458 
0.07537199651389371591 0.08672447477397669802 0.00000000100000000000 0.00000000100000000000 0.83790352671212964264 
0.99999999600000000211 0.00000000099999999995 0.00000000099999999995 0.00000000099999999995 0.00000000099999999995 
0.13731956197641215223 0.18948676690101440290 0.03140526928232153375 0.03369017771949644330 0.60809822412075553721 
0.08870412315735741460 0.00000000099999999999 0.00000000099999999999 0.00000000099999999999 0.91129587384264265637 
0.06287729105411028752 0.00000000099999999999 0.00000000099999999999 0.00000000099999999999 0.93712270594588975570 
